1.67716070006e-06
0 0.0
1 0.0
2 -5.01636870692e-05
3 -0.000198161945186
4 -0.000419365711987
5 -0.000454578153963
6 -0.000139225859465
7 0.000403823825076
8 0.000290991534703
9 -4.45319333314e-05
10 -1.34986532959e-05
11 0.000242138267648
12 8.84219381796e-05
13 -2.07781974707e-05
14 -0.000231102887753
15 -0.000210351126513
16 0.000121706985688
17 1.41795741175e-05
18 -2.40830823112e-05
19 -3.46839120826e-05
20 -7.75850326878e-05
21 -0.000116407729464
22 5.02493396801e-05
23 -5.6382139431e-06
24 -0.000230858420991
25 7.14600316559e-05
26 1.68383013689e-05
27 -5.59129915764e-05
28 7.40209235949e-06
29 8.37098426406e-05
30 0.000112227563579
31 -9.08051082879e-06
32 -0.00013110732486
33 -0.000177689072389
34 0.000163908661265
35 7.232422744e-05
36 1.26251154562e-05
37 -0.000126401194802
38 -1.68291163443e-05
39 -6.3730411096e-05
40 0.000115528799721
41 -5.0469073379e-05
42 1.49723368423e-05
43 -1.35434642033e-05
44 5.24789459936e-06
45 2.39448954886e-05
46 -2.02937847344e-05
47 -1.43866378382e-05
48 -4.3450640161e-06
49 1.96564693576e-06
50 3.52532485394e-05
51 9.52586705401e-06
52 3.19840642491e-06
53 -1.11748075627e-05
54 -8.30277693948e-06
55 1.25253964196e-05
56 7.54034407654e-06
57 3.63747460065e-05
58 3.84197084334e-05
59 1.72504805726e-05
60 1.06640555128e-05
61 -1.94234573838e-05
62 -2.647656847e-05
63 -3.03407234221e-05
64 6.859077668e-06
65 3.86868940308e-05
66 -2.99246452737e-05
67 -6.85080913056e-06
68 1.84749701499e-07
69 -3.08713179748e-05
70 6.03223482166e-06
71 9.37715441849e-06
72 1.84593055072e-07
73 2.27790402587e-05
74 1.21215146234e-05
75 1.66795927053e-05
76 1.70379674785e-05
77 -2.76577690717e-05
78 -5.99624592513e-06
79 2.98561953889e-05
80 3.1460952308e-05
81 -4.02959909046e-05
82 2.35472798884e-05
83 -3.29141637252e-05
84 -1.74846618725e-05
85 -3.93932389657e-05
86 2.10955280526e-05
87 4.16259981019e-05
88 -2.93379055228e-06
89 -9.75320744375e-06
90 2.31225887769e-05
91 3.1840883943e-05
92 -5.77884768382e-05
93 4.0069983863e-08
94 4.28389056743e-05
95 4.16248045462e-05
96 -8.27258475517e-05
97 1.09025989896e-05
98 3.79249050036e-05
99 -1.8027195848e-05
100 -6.70855297619e-05
101 -1.48165386197e-05
102 2.17676661186e-05
103 5.83935002556e-05
104 8.83935675976e-06
105 6.19878563336e-05
106 -1.85208288969e-06
107 4.62178747879e-05
108 9.57852673289e-06
109 -5.01625160569e-05
110 0.000114696425466
111 -4.02217661861e-05
112 8.15928349868e-05
113 4.02128486729e-06
114 -6.65178567043e-05
115 -1.69512618546e-05
116 6.06474258213e-05
117 2.57470200961e-05
118 1.12945910159e-05
119 -3.84604389495e-05
120 -7.48813928658e-05
121 5.75815097513e-05
122 0.000142368411802
123 6.54729480454e-05
124 3.12852884922e-05
125 2.63864081824e-05
126 0.000143023933706
127 -2.24914552661e-05
128 5.60738319516e-06
129 -5.72503634628e-06
130 -3.56416489582e-05
131 4.41322002557e-05
132 0.000100835555986
133 -3.70560450904e-05
134 5.06261766263e-05
135 -2.47715852459e-05
136 4.16122701301e-05
137 0.000102437388062
138 6.15021805704e-05
139 2.80220680287e-05
140 -7.2980883657e-05
141 -1.36939628617e-05
142 4.99826471828e-05
143 5.01704476524e-05
144 1.77701488561e-05
145 -6.94100579305e-05
146 -4.42789075123e-05
147 2.89186632476e-05
148 -4.30945550577e-05
149 6.43310537089e-05
150 8.06712906531e-05
151 5.49357551047e-05
152 -2.44373440263e-05
153 1.24091998941e-05
154 5.54712505587e-05
155 -1.47892278231e-05
156 1.09542135818e-06
157 -3.20338528747e-07
158 -4.77622164245e-05
159 -4.78910428441e-05
160 -4.23404394565e-05
161 -6.07942154335e-05
162 2.46962123123e-05
163 3.71387845879e-05
164 -0.000165286406959
165 0.000128192004223
166 -3.95901109168e-05
167 8.08779651038e-05
168 -3.86539606079e-06
169 5.97407241559e-05
170 3.54057021143e-05
171 3.9292247876e-05
172 7.60505975844e-06
173 -5.22011473508e-05
174 -5.69520018818e-05
175 6.59022256771e-05
176 -8.5552753202e-05
177 -0.000223517437397
178 -0.000166864238744
179 -0.000108186832372
180 -9.02532023259e-06
181 2.08669631415e-05
182 2.04084141388e-05
183 0.000105603165236
184 3.58759481989e-05
185 -7.7288385421e-05
186 -6.06179264963e-05
187 1.10332957357e-05
188 -4.72447445778e-06
189 3.15618012574e-05
190 0.000210621689176
191 -7.5025439287e-05
192 2.51811466402e-05
193 5.94505592122e-05
194 -3.9694949835e-05
195 -2.11339337327e-06
196 9.79358147341e-05
197 5.56530194153e-05
198 -5.33291216037e-05
199 1.24203106684e-05
200 5.54819378532e-05
201 1.15405016446e-06
202 -8.00903490533e-05
203 -1.19281060947e-05
204 3.52605439158e-05
205 8.91972919495e-06
206 8.36360416032e-06
207 -2.44747294469e-05
208 3.24977696613e-06
209 -9.86435670144e-06
210 -4.95091981924e-05
211 2.96186293614e-05
212 -1.59858526041e-05
213 6.05489431147e-06
214 -6.99417845033e-05
215 8.63621040295e-05
216 4.57025905538e-05
217 -4.91970277955e-05
218 -3.68738771899e-05
219 0.000102916621971
220 -5.17795122833e-05
221 1.70464143379e-05
222 -2.07304403033e-05
223 -1.43903503953e-05
224 1.61792351928e-05
225 -4.35579925034e-05
226 2.44113416714e-05
227 -1.04974444025e-05
228 -3.4915461142e-07
229 1.50092788546e-05
230 -5.0957541477e-05
231 -1.01614399187e-05
232 -2.04192052544e-05
233 9.65678934463e-05
234 3.80519214014e-05
235 -7.44044524436e-05
236 3.62206441303e-05
237 3.38488036069e-05
238 2.50134303773e-05
239 -0.000129327935082
240 -3.05103999133e-05
241 -2.23983826141e-05
242 2.02131307692e-05
243 3.68348324551e-05
244 4.84010197843e-05
245 3.97355225041e-06
246 9.27587067198e-05
247 5.12376570383e-05
248 -0.000109610006643
249 0.000135433441546
250 -0.00011279383824
251 -2.27764767535e-05
252 -1.13235211831e-05
253 4.64702540945e-05
254 2.35964122731e-05
255 2.75986710472e-05
256 -1.44077916063e-05
257 -2.25250583085e-05
258 2.43500144031e-05
259 -1.74983677496e-05
260 3.17384535124e-05
261 -2.15041209601e-05
262 -1.67585876185e-05
263 -4.78562346741e-06
264 -7.90343050613e-05
265 1.99014018263e-05
266 -5.39292401346e-05
267 -1.88480401086e-05
268 -2.93110499315e-05
269 8.90624744007e-06
270 8.44482320005e-05
271 3.68980294745e-06
272 6.45611375386e-05
273 4.28853652642e-05
274 3.68526412726e-06
275 1.3303481144e-05
276 -4.72130350389e-06
277 3.38559049207e-05
278 4.6305361882e-06
279 -2.6127888067e-05
280 -2.3764527005e-05
281 -9.34722667639e-05
282 -1.77655043564e-05
283 0.000109650330366
284 -7.64395503026e-05
285 -3.19008190467e-05
286 0.000130696478588
287 2.59263429029e-05
288 -1.09735122503e-05
289 3.86313057934e-05
290 8.86352445524e-05
291 -5.0033567913e-05
292 2.62113912121e-05
293 1.58091324772e-05
294 -0.000124274492119
295 5.35590144118e-05
296 -6.27888629406e-05
297 -1.097870645e-05
298 4.7351775284e-05
299 0.000131929577043
300 1.82277157621e-05
301 -1.91405136509e-05
302 2.7863999652e-05
303 1.59205403781e-05
304 4.13036265572e-05
305 -2.60500966499e-05
306 1.77615737728e-05
307 1.5744594025e-05
308 -6.23281826202e-05
309 -4.28848757383e-05
310 -2.28700608565e-05
311 3.24019933526e-05
312 2.50342710128e-05
313 3.55580668869e-05
314 -1.59472977646e-05
315 -3.2676857542e-05
316 -2.29539931211e-05
317 -8.81336156773e-05
318 -5.69469573543e-05
319 5.71796434387e-05
320 4.00575539746e-05
321 -8.68221388723e-05
322 -6.18493141264e-06
323 0.000104613292503
324 1.08952795956e-06
325 1.014707049e-05
326 -1.62208619866e-05
327 -4.01785504601e-05
328 -7.4594502065e-06
329 1.40183282093e-05
330 -1.49032236674e-05
331 -4.49861431158e-05
332 -1.13275629954e-05
333 -1.07266635722e-05
334 -3.09115406122e-06
335 3.99689176624e-05
336 -0.000118044566664
337 -2.3993100467e-05
338 -5.8322117935e-05
339 -7.16019985394e-05
340 8.92542838637e-05
341 2.81613259871e-06
342 -1.22754144701e-05
343 8.48919597131e-05
344 5.34937536815e-05
345 -2.67998807953e-05
346 0.000107773859757
347 7.64401127037e-05
348 -2.22139478589e-06
349 -6.65572695654e-05
350 4.19268633896e-05
351 4.94806421522e-05
352 -0.000107444716732
353 1.00055948853e-05
354 1.05998289226e-05
355 2.77409500596e-05
356 -5.46141036942e-05
357 -0.000101474013564
358 6.8469447726e-05
359 2.5482062608e-05
360 -6.90157530987e-05
361 8.54585114889e-05
362 -1.31844096324e-05
363 -4.50587824993e-05
364 -8.5469274766e-06
365 -3.28764578345e-05
366 4.12113968797e-05
367 -3.27787737954e-06
368 -3.28106189746e-05
369 -3.72515108581e-06
370 1.39227022789e-05
371 -4.5092254488e-05
372 2.15330992043e-05
373 1.8154611321e-05
374 -5.62113821418e-06
375 8.74430445373e-07
376 -2.00974945452e-05
377 -4.7773999373e-05
378 -1.57327678531e-05
379 2.13166331528e-05
380 -3.12385739965e-05
381 7.24496127068e-08
382 4.57148039342e-05
383 4.16624320094e-05
384 3.2222311436e-05
385 -1.42008720894e-05
386 -3.22403710945e-05
387 -1.70938822434e-05
388 5.25724881115e-05
389 0.000145171043146
390 -4.6587178139e-05
391 3.54722159773e-05
392 -3.08678897042e-05
393 -0.0001094888387
394 3.97978143413e-05
395 -1.2738491116e-06
396 -1.89968752648e-05
397 -8.45233665357e-05
398 0.0001749382562
399 0.000125423470164
400 -3.87876394465e-05
401 -2.75197411472e-05
402 4.42546442726e-05
403 6.5336636369e-05
404 -3.59765648757e-05
405 7.5068061968e-06
406 -0.00021076898128
407 -5.07213378098e-06
408 8.3767984429e-05
409 0.000117163884037
410 -0.000132523484052
411 -0.000201090270342
412 -9.98295726705e-05
413 0.000120818193547
414 5.27738251898e-05
415 -3.6498991677e-05
416 2.06066259892e-05
417 5.45205529462e-05
418 -6.17726165232e-05
419 0.000116619941312
420 -7.2759102251e-05
421 -2.29795549091e-06
422 -4.65305038363e-05
423 7.52612869764e-05
424 -0.000119275442873
425 -0.000146756464554
426 -3.52747441569e-07
427 8.3056619178e-06
428 3.52468279424e-06
429 7.80907971266e-05
430 3.10964531946e-05
431 3.43284581372e-05
432 -0.00013681197998
433 2.97504772778e-05
434 -3.75173773733e-05
435 1.32190601421e-05
436 -0.000102100358845
437 -4.15488730083e-05
438 -0.000123239064068
439 2.71613270629e-05
440 6.51494574424e-06
441 3.88581630439e-05
442 8.44413993739e-05
443 -4.95468811551e-05
444 9.35396668021e-05
445 -2.65369828004e-05
446 4.28137045246e-05
447 -2.63595174255e-05
448 -0.000193958845702
449 0.000141781575241
450 -5.40624715331e-05
451 -2.5717510882e-05
452 -5.84974700157e-05
453 -9.82128417519e-05
454 -9.93965509702e-05
455 2.53212090071e-05
456 0.000245460419026
457 0.000149529753945
458 -0.000122344355298
459 -0.000317116665991
460 -7.77677013008e-05
461 8.42185521499e-05
462 -5.92792062567e-05
463 -0.000110041635488
464 4.025581887e-05
465 0.000177024803459
466 -0.000103907689987
467 -0.000263401299185
468 -0.000209964909969
469 -2.1496745632e-05
470 -8.93523178283e-05
471 -5.22123584506e-05
472 -0.000214301521622
473 8.03029989074e-05
474 -8.51452640868e-05
475 -0.000106687395649
476 -0.0001647859776
477 2.01890777041e-06
478 5.19237550858e-05
479 4.08157060001e-05
480 -0.000228897745138
481 -0.000172297589462
482 -0.000122395813104
483 7.77326146074e-05
484 -0.000109672566454
485 7.01794096176e-05
486 6.75803031923e-06
487 8.92564259397e-05
488 0.000131888692448
489 -0.000152815152479
490 -6.22678894945e-05
491 0.000151118393632
492 0.000103734602949
493 0.000127934276882
494 -2.93486676568e-05
495 0.000277554781746
496 4.8319536403e-05
497 -0.000229387210208
498 -0.000100869192325
499 -8.97301174343e-05
500 -9.85940993056e-05
501 0.000124631032505
502 0.000130134517446
503 5.54071294775e-05
504 0.000123492222893
505 -0.00097108336536
506 -0.0010327028999
507 0.000178788467565
508 0.00026231439011
509 0.00022093863019
510 8.07149886163e-05
511 4.22129233218e-06
512 5.27086979195e-06
513 0.0
514 0.0
515 0.0
516 0.0
517 0.0
518 0.0
519 0.0
520 0.0
521 0.0
522 0.0
523 0.0
524 0.0
525 0.0
526 0.0
527 0.0
528 0.0
529 0.0
530 0.0
531 0.0
532 0.0
533 0.0
534 0.0
535 0.0
536 0.0
537 0.0
538 0.0
539 0.0
540 0.0
541 0.0
542 0.0
543 0.0
544 0.0
545 0.0
546 0.0
547 0.0
548 0.0
549 0.0
550 0.0
551 0.0
552 0.0
553 0.0
554 0.0
555 0.0
556 0.0
557 0.0
558 0.0
559 0.0
560 0.0
561 0.0
562 0.0
563 0.0
564 0.0
565 0.0
566 0.0
567 0.0
568 0.0
569 0.0
570 0.0
571 0.0
572 0.0
573 0.0
574 0.0
575 0.0
576 0.0
577 0.0
578 0.0
579 0.0
580 0.0
581 0.0
582 0.0
583 0.0
584 0.0
585 0.0
586 0.0
587 0.0
588 0.0
589 0.0
590 0.0
591 0.0
592 0.0
593 0.0
594 0.0
595 0.0
596 0.0
597 0.0
598 0.0
599 0.0
600 0.0
601 0.0
602 0.0
603 0.0
604 0.0
605 0.0
606 0.0
607 0.0
608 0.0
609 0.0
610 0.0
611 0.0
612 0.0
613 0.0
614 0.0
615 0.0
616 0.0
617 0.0
618 0.0
619 0.0
620 0.0
621 0.0
622 0.0
623 0.0
624 0.0
625 0.0
626 0.0
627 0.0
628 0.0
629 0.0
630 0.0
631 0.0
632 0.0
633 0.0
634 0.0
635 0.0
636 0.0
637 0.0
638 0.0
639 0.0
640 0.0
641 0.0
642 0.0
643 0.0
644 0.0
645 0.0
646 0.0
647 0.0
648 0.0
649 0.0
650 0.0
651 0.0
652 0.0
653 0.0
654 0.0
655 0.0
656 0.0
657 0.0
658 0.0
659 0.0
660 0.0
661 0.0
662 0.0
663 0.0
664 0.0
665 0.0
666 0.0
667 0.0
668 0.0
669 0.0
670 0.0
671 0.0
672 0.0
673 0.0
674 0.0
675 0.0
676 0.0
677 0.0
678 0.0
679 0.0
680 0.0
681 0.0
682 0.0
683 0.0
684 0.0
685 0.0
686 0.0
687 0.0
688 0.0
689 0.0
690 0.0
691 0.0
692 0.0
693 0.0
694 0.0
695 0.0
696 0.0
697 0.0
698 0.0
699 0.0
700 0.0
701 0.0
702 0.0
703 0.0
704 0.0
705 0.0
706 0.0
707 0.0
708 0.0
709 0.0
710 0.0
711 0.0
712 0.0
713 0.0
714 0.0
715 0.0
716 0.0
717 0.0
718 0.0
719 0.0
720 0.0
721 0.0
722 0.0
723 0.0
724 0.0
725 0.0
726 0.0
727 0.0
728 0.0
729 0.0
730 0.0
731 0.0
732 0.0
733 0.0
734 0.0
735 0.0
736 0.0
737 0.0
738 0.0
739 0.0
740 0.0
741 0.0
742 0.0
743 0.0
744 0.0
745 0.0
746 0.0
747 0.0
748 0.0
749 0.0
750 0.0
751 0.0
752 0.0
753 0.0
754 0.0
755 0.0
756 0.0
757 0.0
758 0.0
759 0.0
760 0.0
761 0.0
762 0.0
763 0.0
764 0.0
765 0.0
766 0.0
767 0.0
768 0.0
769 0.0
770 0.0
771 0.0
772 0.0
773 0.0
774 0.0
775 0.0
776 0.0
777 0.0
778 0.0
779 0.0
780 0.0
781 0.0
782 0.0
783 0.0
784 0.0
785 0.0
786 0.0
787 0.0
788 0.0
789 0.0
790 0.0
791 0.0
792 0.0
793 0.0
794 0.0
795 0.0
796 0.0
797 0.0
798 0.0
799 0.0
800 0.0
801 0.0
802 0.0
803 0.0
804 0.0
805 0.0
806 0.0
807 0.0
808 0.0
809 0.0
810 0.0
811 0.0
812 0.0
813 0.0
814 0.0
815 0.0
816 0.0
817 0.0
818 0.0
819 0.0
820 0.0
821 0.0
822 0.0
823 0.0
824 0.0
825 0.0
826 0.0
827 0.0
828 0.0
829 0.0
830 0.0
831 0.0
832 0.0
833 0.0
834 0.0
835 0.0
836 0.0
837 0.0
838 0.0
839 0.0
840 0.0
841 0.0
842 0.0
843 0.0
844 0.0
845 0.0
846 0.0
847 0.0
848 0.0
849 0.0
850 0.0
851 0.0
852 0.0
853 0.0
854 0.0
855 0.0
856 0.0
857 0.0
858 0.0
859 0.0
860 0.0
861 0.0
862 0.0
863 0.0
864 0.0
865 0.0
866 0.0
867 0.0
868 0.0
869 0.0
870 0.0
871 0.0
872 0.0
873 0.0
874 0.0
875 0.0
876 0.0
877 0.0
878 0.0
879 0.0
880 0.0
881 0.0
882 0.0
883 0.0
884 0.0
885 0.0
886 0.0
887 0.0
888 0.0
889 0.0
890 0.0
891 0.0
892 0.0
893 0.0
894 0.0
895 0.0
896 0.0
897 0.0
898 0.0
899 0.0
900 0.0
901 0.0
902 0.0
903 0.0
904 0.0
905 0.0
906 0.0
907 0.0
908 0.0
909 0.0
910 0.0
911 0.0
912 0.0
913 0.0
914 0.0
915 0.0
916 0.0
917 0.0
918 0.0
919 0.0
920 0.0
921 0.0
922 0.0
923 0.0
924 0.0
925 0.0
926 0.0
927 0.0
928 0.0
929 0.0
930 0.0
931 0.0
932 0.0
933 0.0
934 0.0
935 0.0
936 0.0
937 0.0
938 0.0
939 0.0
940 0.0
941 0.0
942 0.0
943 0.0
944 0.0
945 0.0
946 0.0
947 0.0
948 0.0
949 0.0
950 0.0
951 0.0
952 0.0
953 0.0
954 0.0
955 0.0
956 0.0
957 0.0
958 0.0
959 0.0
960 0.0
961 0.0
962 0.0
963 0.0
964 0.0
965 0.0
966 0.0
967 0.0
968 0.0
969 0.0
970 0.0
971 0.0
972 0.0
973 0.0
974 0.0
975 0.0
976 0.0
977 0.0
978 0.0
979 0.0
980 0.0
981 0.0
982 0.0
983 0.0
984 0.0
985 0.0
986 0.0
987 0.0
988 0.0
989 0.0
990 0.0
991 0.0
992 0.0
993 0.0
994 0.0
995 0.0
996 0.0
997 0.0
998 0.0
999 0.0
1000 0.0
1001 0.0
1002 0.0
1003 0.0
1004 0.0
1005 0.0
1006 0.0
1007 0.0
1008 0.0
1009 0.0
1010 0.0
1011 0.0
1012 0.0
1013 0.0
1014 0.0
1015 0.0
1016 0.0
1017 0.0
1018 0.0
1019 0.0
1020 0.0
1021 0.0
1022 0.0
1023 0.0
