2.09512941855
0 0.0
1 0.0
2 0.0
3 0.00114483557394
4 0.0016752139755
5 -8.83493386693e-06
6 -0.000146711107396
7 -1.81757658808e-07
8 0.000485738399976
9 0.000828582453023
10 -0.000122034948729
11 0.000430687816932
12 0.000403419117252
13 0.000437853037384
14 0.000730325849956
15 -0.000277504365194
16 0.000243647284416
17 0.000237104762956
18 0.000125505142764
19 3.38885647644e-05
20 4.1509911686e-05
21 0.000307948130692
22 -7.87329582157e-05
23 0.000199528933212
24 -0.000155774504147
25 3.84878827639e-05
26 0.00025329557426
27 7.16255428148e-06
28 -0.000183928256327
29 -8.36777618371e-06
30 0.000241946242551
31 3.98486529101e-05
32 -0.000109192582979
33 -7.20498146002e-05
34 8.64881686393e-05
35 0.000241568349873
36 1.82348807137e-05
37 4.60428956257e-07
38 -6.64066119368e-05
39 -9.37896711896e-06
40 4.1021649742e-05
41 -1.51310253948e-05
42 5.9555477924e-05
43 9.91766483403e-06
44 3.30843276312e-06
45 1.72395677548e-05
46 3.71341992539e-06
47 4.23581799206e-06
48 -1.27626410938e-05
49 -1.47428279109e-05
50 2.80534303331e-05
51 9.56545579573e-07
52 1.06122843068e-05
53 7.56033535407e-07
54 -6.82188380541e-06
55 -8.78507431972e-06
56 -5.56288045474e-07
57 2.18541772031e-05
58 4.89844828468e-05
59 1.40179140891e-05
60 1.02074961016e-05
61 -1.76920861638e-05
62 -3.66438250473e-06
63 -3.69445334026e-05
64 -1.1974954982e-05
65 4.74232674348e-05
66 -3.36510562806e-05
67 -9.53473537058e-07
68 5.64427861768e-06
69 -2.82452574437e-05
70 1.46686413642e-05
71 -2.786616021e-06
72 -4.17508642097e-06
73 8.24113241034e-06
74 -5.17492489241e-06
75 1.34180269016e-05
76 7.64107907708e-06
77 -1.72325740975e-05
78 2.11230849351e-05
79 1.77508071554e-06
80 3.86420085415e-05
81 -1.30482835659e-05
82 -7.84647579463e-06
83 -7.29104241712e-05
84 -5.01943215054e-06
85 9.37969363641e-06
86 4.51355182068e-05
87 1.78718787779e-05
88 5.22991401892e-05
89 -1.80383169805e-05
90 3.89968339159e-05
91 -7.20626529875e-05
92 -6.53509329606e-05
93 2.25505766531e-05
94 2.18099792113e-05
95 5.30484704211e-07
96 -2.38003839666e-05
97 7.91497641418e-05
98 1.3270901078e-05
99 -3.23835400989e-05
100 -7.27714735658e-05
101 -1.15656227124e-05
102 4.99669281494e-05
103 5.70243493263e-05
104 -1.46574655014e-05
105 4.3509397135e-05
106 -1.63740018778e-05
107 7.36651160165e-05
108 1.66952817844e-05
109 -3.07163799749e-05
110 0.000103461845273
111 -2.15625257688e-05
112 9.29709813206e-05
113 1.65759110737e-05
114 -4.38511425518e-05
115 -4.49157561232e-05
116 1.01797627347e-06
117 6.13961387342e-05
118 -2.00756414815e-05
119 -1.35356387857e-05
120 -2.69881727325e-05
121 1.08020291309e-05
122 0.000145919113388
123 6.23222508183e-06
124 8.09260134072e-05
125 2.34595628174e-05
126 0.000112980537346
127 -4.67561844569e-05
128 5.27722565577e-05
129 -2.18700457885e-05
130 -4.35831661036e-05
131 -2.31525043785e-05
132 6.66869188794e-05
133 -6.36707627806e-05
134 6.66988368795e-05
135 -3.13488190328e-06
136 3.02222585655e-05
137 6.08990306739e-05
138 6.6260948421e-05
139 1.13303352623e-05
140 -7.73162393182e-05
141 1.09795147222e-05
142 3.13674738344e-05
143 6.32930629961e-05
144 3.37902243193e-05
145 -6.79382369455e-05
146 -2.22214109098e-05
147 3.89956743321e-05
148 -4.52639970645e-05
149 0.000102849890407
150 3.81382536564e-05
151 1.01276428351e-05
152 -1.88373805355e-05
153 9.49347249417e-06
154 8.13371718758e-05
155 -1.10176357069e-05
156 -2.17571217573e-05
157 3.29871752032e-05
158 2.43469538839e-06
159 -4.72396645904e-05
160 -4.43387721281e-05
161 -9.18568586874e-05
162 4.2281265714e-05
163 4.30161899734e-05
164 -3.92184284423e-05
165 0.000114987039258
166 -1.87492766152e-05
167 5.95245279571e-05
168 -5.05497135897e-05
169 6.23880639526e-05
170 8.11207588578e-05
171 -7.60624773996e-05
172 2.00040520679e-05
173 -9.53921168349e-05
174 -2.35303981142e-05
175 6.44128777774e-05
176 -5.81092861615e-05
177 -7.79964599199e-05
178 -0.000183078418316
179 -0.00013728756961
180 -6.43781493623e-05
181 6.5988933709e-05
182 -9.08129259434e-06
183 6.3401152636e-05
184 7.70491833866e-06
185 8.56885773595e-05
186 -3.26951379338e-05
187 1.51776156154e-05
188 2.82205008017e-05
189 7.49914553427e-05
190 0.000100760308389
191 -1.58959868537e-05
192 -8.17721621834e-05
193 2.02962922728e-05
194 -0.000112746296632
195 -0.00011387694927
196 6.25409555426e-05
197 0.000110947851129
198 -5.52324138882e-05
199 0.000118881366862
200 4.62942322784e-05
201 3.88638709083e-05
202 -0.000106673423214
203 2.82913547365e-05
204 8.77170608969e-05
205 -4.36710891734e-05
206 -7.83370856848e-05
207 3.3682470188e-05
208 3.74980666319e-05
209 -3.24401647484e-05
210 -9.48123787736e-05
211 8.92610735665e-05
212 -6.67763302384e-06
213 -1.36641141038e-05
214 -8.57876188314e-05
215 2.20374812387e-05
216 7.18500220521e-05
217 -4.77165103526e-05
218 -1.87340746396e-05
219 7.98038952568e-05
220 -7.52058185294e-05
221 1.2112118973e-05
222 -2.10636247945e-05
223 -2.76022168534e-05
224 5.62965473061e-05
225 -4.07609354319e-05
226 8.92673712414e-06
227 1.33253736389e-05
228 1.48662375238e-05
229 1.80625113858e-05
230 -3.5553667479e-05
231 -2.05687571901e-05
232 -4.28873087976e-05
233 5.0957936549e-05
234 -1.11407359382e-05
235 -2.53369368461e-06
236 3.68877018647e-06
237 -5.562022802e-06
238 3.00509399435e-05
239 -8.18953246642e-05
240 -4.90062376332e-05
241 -1.62834457254e-05
242 3.76923185331e-05
243 -3.05218813374e-05
244 5.18228350229e-05
245 3.37701413237e-05
246 5.64684035887e-05
247 2.86490732063e-05
248 -1.61675816618e-05
249 5.19140862227e-05
250 -6.22248831386e-05
251 -8.12568897141e-05
252 5.53837682982e-05
253 -3.58171108577e-05
254 4.06967828743e-05
255 1.91085070123e-05
256 -3.44795035443e-05
257 8.78216854922e-06
258 -1.21002482716e-05
259 3.56090842439e-05
260 3.21939641682e-05
261 -1.33905043187e-05
262 5.45741304309e-05
263 -4.84552850701e-05
264 -4.88491517389e-05
265 6.02029836443e-06
266 -3.07305252267e-05
267 -5.91467276752e-05
268 2.79864035903e-05
269 -2.60242383166e-05
270 3.38158975914e-05
271 5.79338039076e-05
272 4.66482204054e-05
273 4.09769815833e-05
274 6.63618833383e-05
275 5.14092343235e-05
276 -9.49773798854e-06
277 -2.28955666625e-05
278 -4.03975173928e-06
279 2.61497015768e-06
280 -4.81984047546e-05
281 1.61299712588e-05
282 -5.10159361988e-05
283 3.19848976181e-05
284 -4.79923559168e-05
285 -1.40007039528e-05
286 0.000132811269208
287 -2.49851547652e-06
288 9.59848247161e-06
289 1.59669964529e-05
290 6.37500771633e-05
291 -7.56785234314e-05
292 5.00457024598e-05
293 2.69977746813e-05
294 -0.000152386549154
295 1.76944538106e-05
296 4.50228713987e-05
297 -2.21504392889e-05
298 7.69450774285e-05
299 5.16511476287e-05
300 1.91783582442e-05
301 -3.6929436865e-05
302 -2.67676017205e-05
303 -1.37029812186e-05
304 4.19535914673e-05
305 2.1337975348e-05
306 8.60626517289e-06
307 1.4583609331e-05
308 -3.57917402505e-05
309 -1.89449787917e-05
310 -3.63351302133e-05
311 5.74915072051e-06
312 3.32001721944e-05
313 3.72097192443e-05
314 -1.71332828286e-06
315 -8.36383512078e-06
316 -1.02530755742e-05
317 -0.000100016727475
318 -2.73761125943e-05
319 3.50115629058e-05
320 6.03819460016e-05
321 -7.97001523824e-05
322 4.13087296716e-05
323 9.54869107374e-05
324 -6.51560610366e-06
325 -1.39858767788e-05
326 -3.96982351593e-05
327 -5.17284758685e-05
328 3.27791303591e-05
329 -1.85554515131e-05
330 -3.84393695388e-06
331 -4.11425524769e-05
332 -1.07804121013e-06
333 8.07059873814e-06
334 2.67064987042e-05
335 2.44383186497e-05
336 -7.14910713857e-05
337 -5.70847870856e-05
338 -8.71290787062e-05
339 -8.73369154791e-05
340 8.96520358213e-05
341 -4.03176498393e-05
342 2.93702161693e-05
343 -5.16741792563e-06
344 7.64482842695e-05
345 3.75083144592e-05
346 -1.85312529261e-05
347 8.11143129364e-05
348 2.24407199713e-05
349 -2.19740368484e-05
350 2.75961083261e-05
351 7.05662036735e-05
352 -9.6523053757e-05
353 1.62802021971e-06
354 3.09840415681e-06
355 3.37393081591e-05
356 -3.03953806639e-05
357 -9.97003301921e-05
358 6.79504010053e-05
359 1.87399977521e-05
360 -7.94567457635e-05
361 4.45235513496e-05
362 1.47920853106e-06
363 -3.53125042155e-05
364 -9.5162339295e-06
365 -3.76504777237e-05
366 4.76069417083e-05
367 1.25482154591e-05
368 -4.10959966825e-05
369 -8.02659534979e-06
370 2.88632029426e-05
371 -4.81054015995e-05
372 -1.10164000286e-05
373 1.87871887912e-06
374 4.46650094045e-07
375 2.53361687761e-05
376 -4.06763249772e-05
377 -1.94885179364e-05
378 -2.16336055016e-05
379 2.12767228709e-05
380 -1.62834423568e-05
381 2.018914198e-05
382 3.48673406233e-05
383 4.13865268522e-05
384 4.33307224777e-05
385 -2.87718333741e-05
386 -3.48975284798e-05
387 -7.70804244475e-05
388 5.03666232779e-05
389 0.000123854878867
390 -5.69078483458e-05
391 6.94520763592e-05
392 -3.97645068455e-05
393 -8.87945519373e-05
394 3.38509244114e-05
395 -1.20740874875e-05
396 -1.07493912857e-05
397 -6.10361948372e-05
398 0.000224867554859
399 6.48038600487e-05
400 8.00331654197e-07
401 -1.89784808653e-05
402 5.92849369577e-05
403 8.28408771324e-05
404 -6.84680646655e-05
405 -3.03167856102e-05
406 -0.000128019205157
407 3.04141761868e-05
408 4.62642025688e-05
409 6.2846057502e-05
410 -0.000118908413358
411 -0.000100288783047
412 -4.054976842e-05
413 6.98324565794e-05
414 7.80596558371e-06
415 -5.50633962808e-05
416 9.12715109667e-05
417 5.25229823484e-05
418 -8.18219768542e-05
419 6.24727418211e-05
420 -6.72369001102e-05
421 -2.34927326856e-05
422 -3.27099348374e-05
423 2.03360658162e-05
424 -6.46475245143e-05
425 -9.36887431687e-05
426 -7.54405308221e-05
427 9.84746727099e-06
428 -1.13669013172e-05
429 7.36637507667e-05
430 6.164000936e-05
431 5.2830425906e-06
432 -0.000106879330793
433 -3.53543263586e-05
434 5.72697965778e-05
435 -4.39137992959e-05
436 -3.74863197214e-05
437 -0.00010924246366
438 -7.94274478936e-05
439 3.76522582296e-06
440 -3.61710255143e-05
441 3.2693193953e-05
442 9.4838603276e-05
443 9.33322624643e-07
444 2.25137038719e-05
445 0.000139479294174
446 -0.000156981490567
447 4.08328983528e-06
448 -6.08660358323e-05
449 0.000158025524357
450 1.99718904005e-06
451 -6.79520781537e-05
452 -0.000178821113747
453 -6.74114519313e-05
454 -1.51962249397e-05
455 5.37095462919e-05
456 0.000224783098442
457 0.000131391633854
458 -0.000138028698779
459 -0.000181143805454
460 -6.07661724682e-05
461 0.000171336277857
462 -2.80289020008e-06
463 -0.000100356322766
464 -4.84780442666e-05
465 0.000116436375811
466 -9.90102295883e-05
467 -0.000239245229012
468 -0.000179198320787
469 5.93114254389e-05
470 -2.09806107486e-05
471 -1.08757736972e-05
472 -0.000254921761574
473 7.03632927219e-05
474 -0.00013429329479
475 -6.51163080242e-05
476 3.65981130222e-05
477 -5.97722422553e-05
478 -8.11753300778e-05
479 -1.32177378646e-05
480 -0.000293057851919
481 -6.61079959576e-06
482 -0.000133786187918
483 8.47026348783e-05
484 -5.71946330382e-05
485 0.000126337367372
486 1.91599864089e-05
487 9.59957995337e-05
488 2.27593460729e-05
489 -0.000147072141713
490 7.36130194569e-05
491 0.000129838262853
492 0.000241191181808
493 9.36509870057e-05
494 -4.60304656858e-06
495 9.8448694262e-05
496 5.75038951315e-05
497 -0.00028422218632
498 -0.000268140300153
499 3.72187769007e-05
500 -4.34263192165e-05
501 0.000177363366107
502 0.000253854608341
503 2.60489967586e-05
504 3.37596315395e-05
505 -0.000749801185266
506 -0.000867957510882
507 6.40610431426e-05
508 0.000285524272481
509 -2.31950976403e-05
510 7.33820203538e-05
511 -8.97514170888e-05
512 -5.33671033462e-05
513 9.65689289174e-05
514 1.54663392547e-05
515 0.000308270180836
516 0.000112040468451
517 -0.00073387204496
518 -0.00087530855971
519 3.39422785804e-05
520 1.61525025139e-05
521 0.000215105574121
522 0.000198554020233
523 -9.84727144512e-06
524 7.83266143547e-05
525 -0.000334499734816
526 -0.00031667999187
527 3.05317186961e-05
528 4.29701051944e-05
529 1.91927854326e-05
530 0.000115263305835
531 0.000245952018005
532 2.84611675403e-05
533 7.45852200351e-05
534 -0.000192012475245
535 1.76013078902e-05
536 9.85911289073e-05
537 -2.895440528e-06
538 0.000109202278942
539 -3.23654642937e-05
540 0.000126860964808
541 -0.000188585577188
542 -6.28736591298e-05
543 -0.000237684580066
544 6.37510973679e-05
545 2.1925942843e-05
546 -0.000107382182472
547 3.06323470873e-05
548 -8.66492105105e-05
549 -0.000161485192136
550 9.84468641577e-05
551 -0.000165509420985
552 1.63578572831e-05
553 -1.43849291277e-05
554 4.3815452401e-05
555 -0.000209214438438
556 -0.000292239182418
557 -7.84605760762e-05
558 0.000111528748501
559 -7.98925594814e-05
560 -9.00058301069e-05
561 -9.6289859621e-05
562 0.0001987697666
563 -6.36735936208e-05
564 -0.000208154593272
565 -0.000162593380989
566 7.55048800424e-05
567 0.000248542473388
568 9.9195172594e-05
569 -7.6174546353e-05
570 -0.000102234300222
571 -0.000247666688181
572 -4.30525150918e-05
573 -6.19149135858e-06
574 0.00016337781096
575 -9.99733051469e-05
576 2.41360151976e-05
577 -0.000112095072158
578 0.000150764731866
579 2.5118623888e-05
580 -1.20799991388e-05
581 0.000135922231754
582 8.36658462506e-05
583 -2.22508409561e-05
584 3.06625586496e-05
585 -0.000125293036691
586 -0.000162074490648
587 -7.9071127205e-05
588 -2.00315221624e-05
589 5.42169385302e-05
590 -5.22750772946e-05
591 -0.000161876346976
592 1.2531291387e-06
593 8.77300894224e-05
594 8.40141950402e-05
595 -7.99267166349e-06
596 1.74727376562e-05
597 -7.1334169829e-05
598 -9.44665471923e-05
599 -9.34951477601e-05
600 2.55390367561e-05
601 -2.59607942689e-05
602 -4.70386662079e-05
603 -6.80641973647e-05
604 0.000112045832712
605 -0.000149788788745
606 9.20255202232e-05
607 0.000127638807848
608 -6.82717695491e-05
609 -1.05381368548e-05
610 9.73340080887e-05
611 -2.07500008361e-05
612 -0.00013618564905
613 -0.00016480066784
614 0.000111203132512
615 -1.18201817763e-05
616 3.99960175244e-05
617 -0.000210206347433
618 -5.12693920131e-05
619 -5.20153946505e-05
620 0.000117843074327
621 9.69640259203e-05
622 -1.80332392251e-05
623 -2.26172104533e-05
624 0.000104384210045
625 0.000317357465814
626 -7.51382197769e-05
627 -2.65918056019e-05
628 -1.20482682901e-05
629 5.96523508319e-05
630 -0.00011727057996
631 -5.24886653625e-05
632 0.000101298487324
633 -6.25732827337e-05
634 0.000198092071794
635 5.76203439999e-05
636 -8.96753060762e-05
637 -5.7592215428e-05
638 -6.3928155162e-05
639 8.21614763666e-05
640 8.0468112853e-05
641 5.19557866567e-05
642 1.15517601432e-05
643 -3.48023090081e-05
644 3.71097432475e-05
645 -3.8128990987e-05
646 -3.15712615635e-05
647 -5.52499888405e-05
648 4.03657532554e-05
649 -5.89773489155e-06
650 -5.44529619919e-06
651 -2.91237947294e-07
652 -6.96953470117e-05
653 4.72135110085e-05
654 -6.41887861925e-07
655 -6.40350781851e-05
656 -3.30783998272e-06
657 8.21700949737e-05
658 -3.36557743672e-05
659 -2.88450876804e-05
660 -7.11594290862e-05
661 1.07837371529e-06
662 8.04594515995e-05
663 -0.000153781104381
664 4.6218384243e-05
665 0.000101874602077
666 -0.00018047141179
667 -5.77401088192e-05
668 5.66012049717e-05
669 1.59175830031e-05
670 1.71067588791e-06
671 -0.000170601352858
672 0.000105785843815
673 6.30232702983e-05
674 -8.42529573487e-05
675 6.09284322824e-05
676 0.000143193000706
677 -3.99053124809e-05
678 7.33019276878e-05
679 0.000139117722251
680 -4.23951212582e-06
681 2.24130203095e-05
682 -2.17632567791e-05
683 0.000148188784953
684 -0.000182991112812
685 -0.000145551532443
686 -6.61413706563e-05
687 -0.000103563739056
688 7.39555167092e-05
689 5.2392624355e-05
690 2.67424518373e-05
691 1.76470892022e-05
692 -7.78073783815e-05
693 9.52813556943e-06
694 -1.54922538867e-05
695 7.96900636751e-05
696 -0.000103979399657
697 -7.42809937006e-05
698 -1.7751947732e-05
699 6.20905451227e-07
700 0.000173240734202
701 6.05479018731e-05
702 -0.000163151183343
703 8.5995515268e-05
704 9.24147321249e-05
705 -0.000137838369473
706 -0.000188475436448
707 -3.67286672644e-05
708 5.37211957359e-06
709 9.99267574959e-06
710 6.79209361231e-05
711 5.4242606499e-05
712 -5.00916745363e-06
713 -5.89512079162e-05
714 -4.91219375554e-05
715 -9.53490538076e-05
716 2.64062101431e-05
717 -1.7730036095e-05
718 3.37839510152e-05
719 7.05067277075e-05
720 -1.21515290343e-05
721 -3.20065716244e-05
722 -7.76184865038e-05
723 2.27497210437e-05
724 0.000183530368892
725 0.000140272178429
726 -6.26699562569e-05
727 2.27276172258e-05
728 2.40992217858e-05
729 -0.000238952438549
730 -1.16722549697e-05
731 7.23078690934e-05
732 -0.00012768453046
733 0.000123494372012
734 2.86243255033e-05
735 1.92623669259e-05
736 -3.20875789379e-05
737 0.000290268250478
738 -2.60578504774e-05
739 -3.16877110415e-05
740 9.94228226322e-05
741 -5.96398604175e-05
742 8.44574015024e-05
743 -9.15782275462e-05
744 2.88132406905e-06
745 -2.66688295864e-05
746 -1.59547419234e-05
747 -3.55704542525e-05
748 2.6145443421e-05
749 0.000113976644772
750 8.78146795845e-05
751 7.33118968071e-05
752 0.000133059450623
753 3.88544397014e-05
754 -5.31806369689e-05
755 3.11254607876e-05
756 -9.59765386442e-05
757 -8.5776416484e-05
758 1.46300116059e-05
759 -9.73655815504e-05
760 -0.000141900695019
761 0.000168566247979
762 -1.14234379593e-05
763 5.91348934625e-05
764 -3.12189592359e-06
765 1.37783650772e-05
766 -4.28302547548e-06
767 -9.90469829983e-05
768 6.91794693947e-05
769 0.000138589885275
770 -8.07254735005e-05
771 0.000143732166022
772 -0.000185534403379
773 -0.000216772444672
774 0.000184436445183
775 -3.63980243108e-05
776 2.38449337416e-05
777 0.000150627614291
778 0.000105046725605
779 0.000143948468101
780 -3.18677763853e-05
781 0.000109117860158
782 -7.30411898968e-05
783 -7.34158014212e-05
784 -0.000150976363948
785 4.93819290062e-05
786 6.66159388434e-06
787 7.95162581835e-05
788 2.3902205086e-05
789 -2.9637088262e-05
790 0.000150817847691
791 -0.000130056561683
792 -8.53896426483e-05
793 -0.000122262352516
794 5.52199083872e-05
795 3.07459044854e-05
796 3.19195739596e-05
797 2.37089184922e-05
798 -7.80994377917e-05
799 0.000136983898964
800 -7.49912130729e-05
801 -2.12638307798e-05
802 4.9004669752e-05
803 -0.000228821435542
804 0.00019501027262
805 -4.74928968646e-05
806 -0.00016474400227
807 0.000229519650046
808 0.000107411915465
809 -0.000210818708016
810 -9.71741816987e-06
811 -7.9774917553e-05
812 0.00029860103626
813 -0.000214862595776
814 -0.000132625484122
815 7.80955974437e-05
816 -9.78248566753e-06
817 -0.000257764515373
818 -0.000212883590628
819 0.000233239711214
820 5.41994303427e-05
821 -0.00026247135739
822 2.74851182524e-05
823 5.94926371276e-05
824 0.000346902051543
825 -0.000134134907171
826 0.000399617081686
827 0.000122929597479
828 -0.000175883877079
829 -0.000190521032576
830 0.000136056813018
831 -0.000181154809274
832 -0.000179324433624
833 0.000168174258541
834 3.34543141554e-05
835 0.000168118289468
836 -3.99149761346e-05
837 -7.64461163017e-05
838 1.40115615706e-05
839 -3.04988507036e-05
840 0.000239513576329
841 -1.68459815342e-05
842 9.90838160972e-05
843 -0.000296838010269
844 -0.000265182344596
845 -0.000513920023818
846 -0.000318704302028
847 -0.000229018790886
848 0.000271791347234
849 -0.000120594414143
850 -0.000329234584623
851 0.000110091923952
852 -0.000222783215038
853 0.000298680519723
854 0.000216175393094
855 -0.000216964098088
856 8.48888229388e-05
857 2.56061617975e-05
858 0.000157748891444
859 -0.000309144384687
860 0.000174295367194
861 2.97041099024e-05
862 -0.000201003391458
863 -0.000272268435712
864 -0.000260020677146
865 -4.77442888174e-05
866 8.89844345667e-05
867 -8.71781875974e-05
868 -8.30566903647e-05
869 0.000313429209867
870 -2.33492981422e-05
871 -0.000121862427629
872 0.000137821691874
873 0.000154710127447
874 0.000474163457209
875 -0.00021597863041
876 0.000133170901055
877 -2.44914173807e-05
878 -0.000200171667477
879 0.000133480915155
880 0.000271892682394
881 0.000141949295595
882 5.69248128802e-05
883 -0.000328387636622
884 -9.60819131797e-07
885 0.000207100640294
886 0.000391680950209
887 0.000247272916346
888 -3.75019796749e-05
889 0.0003332746872
890 -0.000208667744426
891 0.000102295666021
892 -5.71186012765e-05
893 -0.000173617320455
894 -0.000235953029396
895 0.000238206173624
896 -6.49160364942e-05
897 0.000509540269272
898 0.000317530964743
899 0.000441987485648
900 -8.70352619261e-05
901 0.000768412690668
902 0.000244862792649
903 -0.000242840168921
904 -0.000258494334474
905 -9.2192147707e-05
906 0.000261856071678
907 0.000109643337546
908 -6.79023971873e-05
909 -0.000263309567317
910 -0.000247615077745
911 0.000439791096914
912 1.15013111576e-05
913 0.000453706476767
914 0.000102110307516
915 -0.000117667564817
916 9.67385206014e-05
917 2.95385773779e-05
918 9.50045381468e-05
919 -0.000123913583199
920 0.000295447733419
921 0.000180158867262
922 -0.000213734424058
923 -0.000387630189217
924 -0.000268340312168
925 6.34885791454e-05
926 0.000389146959427
927 -0.000442374604148
928 0.000149020682216
929 0.00024419896672
930 0.000364807581962
931 -0.000378302161143
932 -0.000424960127932
933 0.000282398482954
934 4.83438015159e-05
935 -3.84873818116e-05
936 0.000136026936352
937 0.00030006651946
938 -0.000210651816334
939 0.000137612032304
940 -0.000345123872845
941 5.44951616184e-05
942 -0.000231424178442
943 0.000126381328251
944 0.000191968735977
945 0.000301975562912
946 -5.63893861181e-05
947 -8.15870401076e-05
948 5.58547243099e-05
949 0.000165971694854
950 0.000120574515238
951 -9.53373083566e-05
952 3.37980738165e-05
953 2.51742006207e-05
954 -0.000241583494618
955 8.82473436214e-05
956 -0.00014353301654
957 -0.000178094573704
958 0.000312620591882
959 0.000240980256419
960 -0.000111910267343
961 -0.000464265596552
962 -0.000111453429252
963 -4.95621050347e-05
964 0.000115056706952
965 0.000374245133621
966 0.000273271866175
967 3.49110926644e-05
968 0.0001710169161
969 0.00014361073404
970 -0.000181286188794
971 -3.57156706725e-05
972 4.81595037845e-06
973 0.000389020994143
974 3.21759411539e-05
975 0.000184893149381
976 -0.000365850785256
977 -0.000386332808892
978 0.000212557204675
979 -0.000142859005852
980 -0.00058000448491
981 -0.0002264514152
982 -0.000279463739356
983 0.000969530632703
984 -0.00163535143159
985 0.000934546827047
986 -0.00223860200717
987 -0.000733249628499
988 -0.00293520089291
989 0.00344940447839
990 -0.0041347488858
991 0.000762737850191
992 -0.000761617567987
993 -0.00391409939363
994 0.0029967105661
995 0.00396702571576
996 -0.000745224792376
997 -0.00621475931767
998 -5.33487751555e-05
999 -0.00220202183756
1000 -0.00815387589106
1001 0.00309444734367
1002 -0.0105173355854
1003 -0.00619056390933
1004 -0.00108924082431
1005 -0.00498952359334
1006 -0.00484133558554
1007 -0.0057891364732
1008 0.00101129193042
1009 -0.0481128980683
1010 -0.019792675725
1011 -0.0143313908842
1012 -0.00463518041101
1013 0.00498066081585
1014 -0.061012475443
1015 -0.0260499694045
1016 0.0293018262134
1017 -0.00337199135051
1018 -0.0587411540207
1019 -0.343234921336
1020 -0.301793741647
1021 -0.0947289733168
1022 0.0
1023 0.0
