-0.833538990337
0 -1.32983449577e-05
1 -1.86614017098e-05
2 0.000135096269933
3 4.37319931266e-05
4 -3.80455004345e-05
5 2.07186165703e-05
6 1.8148725622e-05
7 4.48583515068e-06
8 -6.50171772904e-05
9 4.65852045737e-05
10 2.38297066956e-05
11 -8.8501294774e-06
12 1.74424552749e-06
13 0.000115005136568
14 6.13445351573e-05
15 2.82023461859e-06
16 4.96143682186e-06
17 3.25627003581e-05
18 2.23588733194e-05
19 5.15572298466e-05
20 5.8777054576e-05
21 1.23222660068e-05
22 7.87528006973e-05
23 -8.37897343613e-06
24 3.29153872767e-05
25 0.000107286356341
26 -3.99073536968e-05
27 3.73226814304e-06
28 3.34231823423e-05
29 4.13219620479e-06
30 -0.000106404106507
31 -5.64909286567e-05
32 -8.159403442e-06
33 4.78845468122e-06
34 -1.10416691834e-05
35 -0.000184117479597
36 -6.99053143214e-05
37 -7.10928256326e-05
38 -0.000183345857866
39 -0.000151133128656
40 -3.87463982059e-05
41 -5.87365199398e-05
42 -6.60649454279e-05
43 -5.74816243948e-05
44 -0.000130927320875
45 -3.5540059894e-05
46 0.000142926985892
47 -4.22062419658e-05
48 -0.000176217170049
49 -0.000182207453542
50 -0.000138448115345
51 9.15954372293e-05
52 1.50543851961e-05
53 -7.30563141133e-05
54 0.000299867541009
55 7.30688146791e-05
56 -4.64425534075e-05
57 0.000239921282068
58 0.000134997243336
59 6.79350291725e-05
60 0.000119440582923
61 0.000126569504354
62 6.4945493176e-05
63 3.84424655294e-05
64 0.000118492880351
65 -7.8707551785e-05
66 -6.96882351849e-05
67 2.86360624058e-06
68 4.04223839399e-06
69 0.000161099661382
70 1.88439421471e-05
71 0.000116964384392
72 -5.26917903728e-05
73 -3.11733807171e-05
74 -2.46114191845e-05
75 0.000113360148642
76 0.000232223738365
77 0.000104126094478
78 -7.10682974314e-06
79 -4.21423574401e-05
80 -0.000258736424271
81 2.27435966519e-05
82 -8.67834320697e-05
83 0.000123870356926
84 8.52479956124e-05
85 -0.000218754695036
86 -7.48373449458e-05
87 5.78593922348e-05
88 -4.6936845207e-05
89 -4.03845963274e-05
90 -0.000214455249411
91 -0.00023937780115
92 5.43218658145e-05
93 -8.60190318491e-05
94 1.95123891597e-05
95 0.000123398562387
96 -1.49269960788e-06
97 1.83870769659e-05
98 2.83943771525e-05
99 2.75108583315e-05
100 -0.000162223657689
101 4.12420820253e-09
102 -0.000342321467092
103 7.66640343839e-06
104 2.13226955851e-05
105 0.000200247812047
106 -2.16576001099e-05
107 5.31638729433e-05
108 0.000193131804489
109 -4.86209527357e-05
110 0.000139909451337
111 -0.00017445379045
112 -3.16647056811e-05
113 7.5261386267e-05
114 -0.000165229652916
115 -6.44541997884e-05
116 -9.50722841562e-05
117 0.000182192084923
118 0.000189835188993
119 0.000168991913426
120 0.000265997106045
121 -2.02253915567e-05
122 -0.000124448339604
123 -0.000125071701231
124 0.000202036654711
125 -7.01619603714e-05
126 -5.36871354993e-06
127 0.000134472525433
128 9.24987412753e-05
129 0.000137333206884
130 0.000161985061421
131 9.78289896963e-05
132 0.000156062225044
133 0.000262510481961
134 0.000593543947662
135 1.10732654372e-05
136 -2.06666546561e-05
137 -8.78825027624e-05
138 0.000245865353104
139 0.000136379275309
140 0.000162393793142
141 -0.00020316355949
142 0.000439390254281
143 0.000273486381794
144 -3.18000763578e-05
145 -0.00025036473792
146 0.000152140600511
147 -0.000186727167767
148 8.51273045824e-05
149 -0.000208644196408
150 -0.000192674997417
151 0.000209294686085
152 -8.68298729799e-05
153 4.46254571796e-05
154 0.000376163017678
155 -0.000301087777413
156 1.6003040918e-06
157 2.72440085012e-05
158 -0.000295628787178
159 -2.42790683767e-05
160 -0.000166413657691
161 -4.79871535366e-05
162 -7.66126857126e-08
163 8.38910124747e-05
164 0.000197657172865
165 -0.00146062338746
166 0.000229398529445
167 -9.41385433263e-05
168 0.000372008897559
169 0.00014326648558
170 -4.25450743673e-06
171 0.000134281392576
172 -0.000646624362476
173 0.000181388497271
174 2.39240360685e-06
175 -0.000324711499804
176 -1.75733478101e-05
177 0.000210594789941
178 -0.000395212701715
179 -0.00029182639519
180 1.4107950017e-05
181 -5.77164772715e-05
182 0.000167573671704
183 -0.000310582019867
184 -0.000535924166026
185 0.000142145521725
186 -9.37532234046e-05
187 -0.00028929861228
188 0.000119733529589
189 0.000103403191213
190 1.95378066863e-05
191 -0.000151681290905
192 -0.000278946854654
193 0.00287908739242
194 0.000143868200259
195 -0.000333136825282
196 -0.00038385781941
197 -9.79753144703e-05
198 -9.10159808606e-05
199 0.00043767283946
200 -6.92864797981e-05
201 0.000119259164794
202 0.000254281207747
203 -6.23668219784e-05
204 -0.00025090669583
205 -0.000674089447325
206 0.000262795418422
207 0.000300669651041
208 -0.000398321222528
209 0.00024467332321
210 -0.000165227331098
211 -0.000211118076088
212 7.20162110818e-05
213 5.04393631771e-05
214 -0.000363005368527
215 0.000482997259373
216 -0.000812092837885
217 0.000234682853364
218 -0.000173568638621
219 8.3085827079e-05
220 0.000133968714747
221 0.00029421095167
222 -0.000901218763301
223 -9.63904730986e-05
224 -0.000110407893937
225 0.000708084648948
226 0.000302957620082
227 0.000296557042728
228 -0.000240731110996
229 0.000952200405448
230 0.000761335042904
231 -0.000448971380356
232 2.37951867984e-05
233 -0.000874328563284
234 -0.00108140690478
235 -0.000417876773593
236 -0.000396687014014
237 0.000599838890845
238 0.000193192508839
239 -0.000434671039943
240 0.000264708598256
241 0.000352493681345
242 0.000984120542648
243 -0.000647429446467
244 7.45966460327e-06
245 -0.000243262413422
246 3.52480760287e-05
247 -0.000351993414218
248 -7.25767457561e-05
249 -0.000492809745517
250 0.000140904097709
251 -0.000361584379599
252 -0.000480094133482
253 0.000156724031199
254 -0.000357095169798
255 2.65840068743e-05
256 0.000356296380755
257 -0.000591646071189
258 -0.000523096498912
259 0.000137361510374
260 -0.00086235166347
261 -0.00148028842331
262 0.000106562132329
263 -0.00118736416837
264 -0.00202380531904
265 6.58345515828e-05
266 0.000312030759909
267 -0.000680481428728
268 -0.000186705233712
269 -0.00116373675779
270 0.000430887560007
271 -0.000142807961848
272 0.000462032566441
273 0.000926019655111
274 -0.000133829850996
275 -0.00023167116774
276 -0.000895757328761
277 -0.00147531658009
278 -6.0413836211e-06
279 -0.00199966709728
280 0.00129652691425
281 -0.000664700176144
282 0.000871505171696
283 -3.53203536783e-05
284 0.000789817973771
285 -0.000564082431951
286 0.00152352507726
287 9.92399134377e-05
288 0.000478422892358
289 -0.000497567998548
290 -0.00103846944686
291 7.67385073185e-05
292 -0.000554736196172
293 -0.00151099971075
294 -0.000596620143402
295 4.49950600148e-05
296 -0.000252271475219
297 -0.000450154441781
298 -2.44336118791e-05
299 -0.000434034860762
300 0.00033072887535
301 -0.00111447075899
302 -0.000538633088969
303 -6.99966840817e-05
304 -0.000554104649045
305 0.000465689945826
306 0.000161956768867
307 -0.000427562545443
308 0.000315897188243
309 -0.000698685148509
310 0.000643562284491
311 -0.000374343884691
312 -0.000352905758585
313 0.000904816685859
314 -0.000352636532706
315 0.000502735533727
316 -0.00059685999551
317 -7.73111880009e-06
318 -0.000185615352416
319 -0.000359076318389
320 -0.000473603935666
321 9.88126624994e-05
322 -0.000193920363545
323 -5.12070616305e-05
324 0.000188298676672
325 -5.12397799599e-05
326 -0.000181475677852
327 0.000505007063571
328 2.96941426265e-05
329 -0.00154786930214
330 -0.000306564196964
331 -0.000142613987659
332 -0.000141843047653
333 0.000847032962231
334 -0.000274067764371
335 0.000464880239539
336 0.000201366351215
337 5.61422726875e-05
338 0.000131865704705
339 0.000325053358324
340 -0.000532156292435
341 -0.000212709606448
342 0.000534766927186
343 0.00044740915509
344 0.000364126235151
345 -0.000562365347707
346 0.000493839205789
347 0.000762772672149
348 0.000971512703984
349 -9.26449654315e-05
350 0.000109375614573
351 -9.61297746139e-05
352 0.000334388481012
353 0.000113555829162
354 0.00035126616587
355 0.000233062347536
356 0.000369517628474
357 7.93186904505e-05
358 9.55300331851e-05
359 -9.35752980233e-05
360 -0.000397689908414
361 -0.000236814460416
362 -4.78379538803e-05
363 0.000392732192685
364 -0.000585912200215
365 -0.000466363061448
366 0.000367293548709
367 -0.000203250957075
368 0.000153381562124
369 0.000467937881225
370 0.000146704640305
371 -8.88538122054e-05
372 0.000535556248528
373 8.66281091757e-05
374 0.000695198428044
375 0.000463665667155
376 6.88523503406e-05
377 0.000301659742567
378 0.000482600003513
379 1.14673644795e-06
380 1.06865739487e-05
381 0.000659780649174
382 0.000272914836042
383 0.000183913883444
384 0.000307402272405
385 -7.37458379659e-05
386 0.000409150004252
387 0.000172566422878
388 0.000196680875301
389 6.87802587146e-06
390 0.000522011756366
391 3.55911706362e-05
392 0.000628712505974
393 0.000334315563691
394 0.000830114458454
395 0.000832056700668
396 0.000364646448716
397 -0.00060713718115
398 -6.88414367744e-06
399 -9.63663089381e-05
400 0.000950685767385
401 -0.000193351674413
402 0.000107209476057
403 0.000260137306789
404 0.000105736429112
405 0.00071361356123
406 6.78155163737e-05
407 -0.000385031331351
408 -1.05734352827e-06
409 -2.27027852399e-05
410 0.000162177194112
411 0.000405902336236
412 0.000477947103283
413 -0.000926720018001
414 0.000252744585969
415 0.000554501407484
416 8.41842977655e-05
417 0.000901933030655
418 -0.000465459845702
419 -0.000135080581952
420 -0.000172358386774
421 -0.00063694194765
422 -0.000563678950394
423 -0.000649677243247
424 -0.000127096325309
425 -0.000112677154726
426 0.000324484068787
427 -0.000522376283455
428 0.000149294359086
429 0.000393452379887
430 -0.000204352528657
431 -0.000249174056321
432 -0.000223106275311
433 0.00027221467698
434 0.000362888170921
435 -0.000219275112064
436 0.000630952799312
437 0.000276085333338
438 0.000412686233389
439 0.000186485721723
440 -0.000229526011356
441 0.000132391231456
442 -0.000346444704312
443 -5.76385204196e-07
444 0.000352301514452
445 -0.000237546193676
446 -0.000794285795394
447 0.00118706073825
448 -0.000152965092113
449 0.000125885664333
450 0.000131083887051
451 0.000860042821837
452 0.000552724743326
453 0.000165090873841
454 0.00105109381278
455 0.00121344912555
456 0.000403339991108
457 0.000239299673175
458 0.000627608314442
459 -0.000271927389604
460 0.000114275106136
461 0.000354065947379
462 -0.000659674417362
463 -0.000654550281207
464 -0.000623042119332
465 -3.72116675423e-05
466 0.000338365761595
467 0.00061108943956
468 0.00071899140636
469 -0.000116756027326
470 -0.000637920433743
471 0.000149522533888
472 0.000321311729643
473 -0.000916309922838
474 -0.00114661304711
475 -8.08266261434e-05
476 -0.000441109589556
477 -0.00123146485134
478 -0.000205709123448
479 -0.000450352279091
480 -0.000751274445734
481 -4.65522800277e-05
482 -0.000503971346854
483 -0.000436540583389
484 0.000641077205621
485 -0.000279308247288
486 0.000102048941382
487 0.00117750008302
488 0.000481733809037
489 -7.48143114904e-05
490 0.000530889448344
491 0.000495795914223
492 8.42576629956e-05
493 0.000767747006337
494 -0.00019527204793
495 0.00060904416922
496 -0.000159798879666
497 0.000951432792789
498 3.36688493564e-06
499 0.00396213543899
500 -0.00037821121013
501 -0.000124367118588
502 0.000341375451538
503 0.00167820778258
504 -0.00164800254736
505 -0.000899958835836
506 1.765860697e-05
507 0.00237011848172
508 -0.0021582568054
509 0.00391194245365
510 0.00502479077224
511 -0.029788587627
512 0.0
513 -0.0119318298153
514 0.00851865952045
515 0.00958430186656
516 -0.00556947344576
517 -0.000137203756905
518 -0.000554858655956
519 -0.00133143429594
520 -0.00104534677126
521 0.00110139452136
522 0.000265313541925
523 0.000480424331716
524 0.000281539568829
525 0.00379775319447
526 0.000226202709313
527 0.00155061062818
528 0.000371716427179
529 0.000752816086391
530 0.000723207562619
531 0.000536678733002
532 -0.000157368474001
533 0.000201852172047
534 0.000665322762303
535 3.25013731247e-05
536 -0.000160939231803
537 0.00152126472954
538 -0.000169419824601
539 0.000356748466663
540 0.000189328941009
541 -3.33365865108e-05
542 -0.00045072198267
543 -0.00120250714958
544 -0.000340137755859
545 -0.00018905777767
546 -0.000258073814234
547 -0.000593068878041
548 -0.000674563626343
549 0.000364910308925
550 -0.000936408943235
551 -0.000446612331943
552 0.000226309735594
553 -0.000302937084309
554 0.000186812843288
555 -0.000789087330491
556 -0.00114757355942
557 -9.93583421315e-05
558 0.00110777203503
559 -0.000664991948323
560 -0.000729176848677
561 -0.000796437026088
562 -0.00129085191873
563 0.000706726708802
564 0.000274798666519
565 0.000309449133795
566 0.000809664368676
567 0.000664932174798
568 0.000444106213725
569 0.00170290959589
570 0.000184033175212
571 0.000686851006567
572 0.000808940458003
573 0.000997078756764
574 -0.000735006133775
575 0.000387544379342
576 0.00100651605324
577 0.0010573694552
578 -0.000704278490987
579 -0.000234453728783
580 0.000234717019406
581 -0.000222810864209
582 0.000185750493947
583 0.000279806293674
584 -0.000109064816931
585 0.000159756394184
586 0.000104148344683
587 0.000424433830742
588 0.000899046363604
589 -4.15626512236e-05
590 0.000353052142964
591 0.00130150734404
592 -0.000379768931237
593 -0.000163550442246
594 -1.97900900724e-05
595 0.00075702321899
596 0.000102851094679
597 -0.000746984509688
598 -7.49889545638e-05
599 5.587622195e-05
600 9.23864649027e-05
601 2.92029662433e-06
602 -6.67262073624e-05
603 -0.000211088650828
604 -0.000258436234602
605 -2.93168409956e-05
606 0.000268066861513
607 3.13347517475e-05
608 0.000163589144479
609 -0.000163783456264
610 0.000241846509854
611 0.000221081637704
612 0.000184111814219
613 0.000301635380049
614 -0.00088991432133
615 -6.8241941189e-05
616 0.000295407747943
617 -0.000109809947108
618 0.000408660958274
619 0.000850143911326
620 -0.000323571766725
621 7.00646199773e-06
622 -0.000362614641757
623 0.000414710386684
624 0.000320184297216
625 0.00030427753552
626 -7.87256476094e-06
627 5.02229156894e-06
628 0.000265455919414
629 0.000688540806726
630 5.26115154155e-05
631 0.000723799449487
632 8.54610217071e-05
633 0.000254716318981
634 0.000273308568476
635 0.000480047993815
636 0.000317533429663
637 0.000212219583132
638 0.000826514863717
639 0.000388959877639
640 -0.000306773547977
641 0.000276915274577
642 0.000381403613497
643 0.000184101994577
644 0.00107970094251
645 -0.000533462134526
646 0.00034898920974
647 -8.53882223635e-05
648 -5.18307636249e-05
649 0.000218828222118
650 0.0003887272239
651 0.000161932627871
652 7.10642750725e-05
653 -0.000177053913233
654 0.000333848087353
655 0.000342131783207
656 0.000105796654614
657 -0.000235509849542
658 0.000349496960671
659 6.77129777152e-05
660 -0.000662623099259
661 -0.000370779751679
662 0.000169829092141
663 0.000351834147212
664 5.38798140213e-05
665 -0.00046644198181
666 -0.00013020904071
667 -0.00036580305436
668 0.000490753235729
669 -2.58679693649e-05
670 -0.000213522038709
671 0.000121540693609
672 -2.99545495e-05
673 0.000172685655518
674 -3.58151441762e-05
675 0.000253812385013
676 0.000617255732767
677 0.00330951374696
678 -0.000814094466069
679 -0.000862389945433
680 0.000630164376089
681 0.000179841561996
682 0.000490839527417
683 1.48612214972e-05
684 -0.000417734281056
685 8.7019431593e-05
686 5.80070662181e-05
687 0.00023518028437
688 -0.00048004346997
689 0.00113972026646
690 -9.17623161958e-05
691 0.000873508088657
692 0.000201690069352
693 -0.000718763799763
694 4.9538207448e-06
695 -0.000393223930197
696 -0.000369516017772
697 0.00033668838571
698 4.3353614485e-05
699 0.000195253950942
700 1.75469854769e-05
701 -0.000682911666864
702 7.31442055933e-05
703 -0.000120559055076
704 3.70161115679e-05
705 -0.00474392823037
706 0.000346499173104
707 -0.000160218583099
708 -0.00070900417346
709 -0.000461308069594
710 -0.000980586209144
711 0.00038126768282
712 -0.000160089560473
713 -0.000161146816416
714 0.000586974259089
715 -0.000790343055997
716 -0.000375243858181
717 0.000380147996319
718 0.000222054883107
719 0.000430332655222
720 -0.000352321728063
721 0.000291562649853
722 6.10740067145e-05
723 -0.00119947170964
724 0.000332503648615
725 2.66266643737e-05
726 -0.00103865483688
727 -0.00109349893549
728 -0.00119549818342
729 1.69552523624e-06
730 0.000293492325957
731 -0.00159320041633
732 0.000139663840729
733 0.000789702285897
734 -0.00138797198226
735 -0.000256132519013
736 -0.000295805723804
737 -0.000187566880988
738 0.00215207482076
739 0.000794659241815
740 0.000215843447536
741 0.000971153642676
742 0.00100950997701
743 0.000227250387171
744 0.000632360445452
745 -0.00180675317366
746 0.00095277000351
747 -0.000393071840831
748 -0.000993319754959
749 0.000109315672025
750 0.0002899411537
751 -0.000591691101209
752 0.000853989866376
753 -0.000388679253809
754 -0.000638583842665
755 -0.000890382052397
756 -0.000123927794762
757 -0.000884942143208
758 -0.000224996309805
759 -0.000114689323636
760 -0.00162192603768
761 -0.000738472978804
762 -4.81323982989e-05
763 -0.000384348524994
764 -0.00111567065785
765 0.000347817166947
766 -0.000306539787997
767 0.000424915451507
768 0.000628534537415
769 0.000216249227148
770 0.000189383938062
771 0.000281228118029
772 -0.000853715439633
773 -0.000695110976157
774 -0.000218015528589
775 -0.00078264030564
776 -0.000974938569119
777 0.000389870632209
778 0.00015325514469
779 -0.000423754299954
780 0.000231613490025
781 -0.00033997428572
782 -0.000343216459389
783 -4.2237172776e-05
784 0.00034515056342
785 0.000133718402754
786 0.000143297678207
787 0.00049594003199
788 -0.000635623632175
789 0.000551241125367
790 -0.000724005586133
791 -0.000315438775366
792 -0.000146166576898
793 0.000547612266811
794 0.00150482981703
795 0.0010410899024
796 -0.00161162498838
797 0.000319717799604
798 0.000887650594098
799 -0.000163347349532
800 0.00017233993585
801 -0.000338481598862
802 -0.00029000745193
803 -0.000721572504853
804 0.000639649282524
805 -0.00010565092551
806 -5.40622427408e-06
807 -9.07608912787e-05
808 -0.00110437528885
809 -0.000270858193613
810 -0.000782420898256
811 -5.86519549663e-05
812 -8.89153643979e-05
813 -0.000263809213454
814 -0.000405177320677
815 0.000308900850142
816 -0.000328053136226
817 -5.47083228441e-05
818 0.000402956592342
819 -0.000383621030326
820 -0.000147020596739
821 -8.15424334976e-05
822 0.000292959354527
823 -0.000184183206185
824 -0.000190275335447
825 3.15923209827e-05
826 -0.00051127177635
827 0.000243618747983
828 -0.000527860810085
829 -9.21944872972e-05
830 0.000130783441595
831 0.000240197675763
832 -3.16972639424e-05
833 6.25013193893e-05
834 6.14243932438e-05
835 0.00019939156915
836 1.97255895666e-05
837 -0.000200575553074
838 -7.99768810696e-05
839 1.05990704906e-05
840 -0.000581102274504
841 0.000943304217094
842 -1.82872119228e-05
843 -0.000204102904131
844 -0.000171532142338
845 0.000126391088543
846 -0.000485657084202
847 -3.53789169799e-05
848 -0.000320592106245
849 0.000138522850579
850 3.46975847268e-05
851 -3.37032033826e-05
852 -0.000405963544536
853 -3.25690592983e-05
854 0.00011017692747
855 0.000414255599096
856 0.000273032834576
857 -0.000533372511019
858 6.04691597103e-05
859 0.000199206393057
860 0.000135537224811
861 0.00019349332974
862 -0.000278036832157
863 0.00023665242702
864 -0.000161610875877
865 -8.09009060247e-05
866 7.95608970314e-05
867 0.000201680640211
868 0.000166960760376
869 1.07201674397e-06
870 0.000135271455276
871 0.000106638130532
872 0.000103136340023
873 7.57733625823e-05
874 -4.75829536827e-05
875 7.67246240587e-05
876 -0.000116803156068
877 -4.10376351609e-05
878 0.000156841218868
879 -0.000111887355729
880 0.000213519318337
881 0.000110275637206
882 -7.13788652838e-05
883 -0.000161061906622
884 2.39087315297e-06
885 0.000215137089994
886 7.03437086528e-05
887 -0.000196680311525
888 8.31116258797e-06
889 -4.22794448741e-05
890 0.000308132787175
891 -0.000260840901772
892 0.00048704131402
893 0.000188114660853
894 0.000237217041792
895 0.00012743937777
896 8.44032479444e-05
897 0.00028978532216
898 3.95319636585e-05
899 7.67670080634e-05
900 0.000330487194008
901 7.14100316711e-05
902 7.86059928777e-05
903 4.99422289416e-05
904 -1.678493094e-05
905 -0.00022435669973
906 4.49618540378e-05
907 0.000145135364868
908 0.000132396900999
909 3.23788188085e-06
910 0.000141614125154
911 9.26427406027e-05
912 0.000165068267848
913 0.000261717830557
914 1.34438874494e-05
915 3.49368498876e-05
916 7.01906530604e-06
917 0.000167901714217
918 7.70788637528e-05
919 5.68538053671e-05
920 9.24605494786e-05
921 9.96553694393e-05
922 -0.000163525375216
923 0.000144768145705
924 -0.000203445840238
925 3.58731024605e-05
926 -5.62868917379e-07
927 -6.89638718698e-05
928 -0.000214224838102
929 0.00028423703858
930 -2.03474772253e-05
931 3.83598148575e-05
932 -9.57586415075e-05
933 -0.000237053350391
934 -7.43515702316e-05
935 7.97461849895e-05
936 -1.3355873684e-05
937 -6.34248933577e-05
938 -0.000246445194644
939 -0.000219781211875
940 8.57113773563e-05
941 0.000121682019049
942 -9.97743634414e-05
943 -6.19818969543e-05
944 -9.99721690365e-05
945 1.12792017761e-06
946 6.18102609058e-05
947 5.15459971476e-05
948 0.000284788697801
949 9.47449048673e-05
950 -1.15864869428e-05
951 -8.25598469846e-05
952 -7.95429060809e-05
953 8.43105692466e-05
954 -3.19399907657e-05
955 3.53043810072e-05
956 0.000155074227182
957 -9.02438011567e-05
958 -5.17730906256e-05
959 2.49502713453e-05
960 5.77367860947e-05
961 0.000114558494637
962 3.14749753141e-05
963 0.000155599451967
964 2.96604039489e-05
965 7.42654787457e-05
966 4.66828737322e-05
967 0.000198323634213
968 3.16376210698e-05
969 8.2679088512e-05
970 0.000240797621317
971 -2.53668253284e-06
972 8.06623227242e-05
973 0.000120376884182
974 -0.000166790670252
975 -9.98326246134e-05
976 -3.46778995165e-05
977 -2.77771364459e-05
978 8.18574655705e-05
979 2.00651869813e-05
980 -5.62247869612e-05
981 3.53046311413e-05
982 5.8970088984e-05
983 -1.82756370024e-05
984 -6.94909401767e-05
985 -4.22045538581e-05
986 -0.000167140145624
987 -2.54778265479e-05
988 -7.15479958812e-05
989 -5.58266914454e-05
990 6.61710940919e-06
991 3.05214331449e-05
992 1.33300335584e-05
993 1.51250965905e-05
994 -4.54214390751e-05
995 2.45318853676e-05
996 8.58409304945e-06
997 -1.91926570094e-05
998 6.74945975431e-06
999 0.000131773164493
1000 1.68721588285e-05
1001 9.58425644476e-07
1002 2.4385594433e-05
1003 -9.12952896834e-07
1004 3.1348535395e-05
1005 6.32752788601e-05
1006 4.71845076129e-05
1007 -9.9105763629e-06
1008 3.05969394533e-06
1009 4.77648035506e-05
1010 6.37110672794e-05
1011 5.62810212963e-05
1012 1.31847678625e-05
1013 1.32501272239e-05
1014 -2.17273140793e-05
1015 6.16246500812e-05
1016 -7.73803382381e-05
1017 -4.78150490677e-08
1018 5.94469388403e-06
1019 -6.58942570283e-06
1020 -1.68292638288e-05
1021 1.74640489154e-05
1022 3.84842306706e-05
1023 -0.000111177876089
