-1.09475818809
0 9.76594086275e-06
1 1.1558756385e-05
2 2.63772308908e-05
3 7.59252244899e-06
4 7.8229975791e-06
5 1.46352506444e-05
6 5.17334550599e-06
7 9.96277730256e-06
8 7.02781123857e-06
9 -1.12664677501e-05
10 -3.14108072325e-05
11 -2.6080915768e-05
12 -2.10926204568e-05
13 -1.15586771492e-05
14 -1.52983850066e-06
15 1.10660326912e-06
16 4.0593211717e-06
17 -4.35736364958e-06
18 -1.36468772104e-05
19 1.0922947215e-05
20 1.9203762647e-05
21 -1.14393835449e-05
22 -2.53050623323e-05
23 -6.34087137267e-08
24 -2.84980494903e-06
25 2.81041201241e-05
26 2.22823484157e-05
27 -6.86924287493e-05
28 -5.85814651583e-05
29 -7.39877538027e-06
30 4.22666120317e-06
31 1.2991792377e-05
32 7.25387444324e-06
33 8.74792635093e-06
34 4.96524559163e-06
35 -8.794790414e-06
36 2.15556032257e-05
37 1.53942099261e-05
38 -2.76562669676e-06
39 3.648804999e-05
40 9.04470370808e-05
41 9.35095533968e-06
42 -3.61263631213e-05
43 -7.17877532395e-05
44 -5.75838638054e-05
45 2.71298391004e-05
46 3.50848867939e-06
47 -2.41081136082e-05
48 -3.48651032128e-05
49 -7.74558655769e-07
50 2.52996486524e-06
51 6.79136585088e-07
52 -6.81998830558e-06
53 -0.00011197769657
54 -0.000117326307215
55 3.06413408896e-05
56 0.000104268669867
57 -1.59132623768e-05
58 -7.14290163111e-05
59 -2.86361812718e-05
