-0.324745679937
0 5.42073190394e-06
1 6.26546725332e-06
2 1.69038936714e-05
3 8.89495335484e-06
4 1.116176862e-05
5 1.22186973413e-05
6 1.54546884509e-06
7 3.07524841997e-06
8 1.04924715389e-05
9 -5.18059134912e-06
10 -1.41192317429e-05
11 -8.70857279402e-07
12 -4.70186086213e-06
13 3.54088709982e-07
14 1.03484208747e-05
15 6.99019949039e-06
16 -5.54198302686e-06
17 -4.58883515401e-06
18 -2.23836443683e-06
19 7.86461853821e-06
20 2.75665141292e-06
21 -2.30411522314e-05
22 -5.45282282295e-05
23 -2.97302293122e-05
24 -5.87453365893e-06
25 3.94682787419e-05
26 -9.65236509403e-06
27 -0.000105716011697
28 -9.99884010649e-05
29 -0.000138382749342
30 -0.000103010271475
31 -1.72751944187e-05
32 1.77185245099e-05
33 1.54325583251e-06
34 4.90806888206e-06
35 -2.54908314079e-05
36 -6.51837377545e-06
37 3.40773319752e-05
38 4.9053901089e-05
39 5.80799823113e-05
40 4.4520099025e-05
41 3.09748456867e-06
42 6.40686587901e-06
43 5.15687946719e-05
44 5.3092983573e-05
45 5.54636069437e-05
46 -1.21627550601e-05
47 -1.55793245183e-05
48 -6.82366961429e-05
49 -4.65591863538e-05
50 -1.94163422074e-05
51 7.2780907184e-05
52 3.85537516137e-05
53 -0.000265963204649
54 -0.000361044073487
55 -0.000101581679259
56 0.000118574560591
57 -6.90171849153e-05
58 -0.000130480236412
59 -1.74753688877e-05
