-0.007178344273
0 0.0
1 0.0
2 0.0
3 -0.000104754904272
4 -0.000178947510002
5 -4.62787904778e-07
6 -0.000105504831778
7 0.000237443393919
8 -0.00018506178276
9 0.000156791652192
10 -0.000410029952039
11 0.000252341534564
12 -0.00015033190819
13 -7.45699214503e-05
14 0.000667741734555
15 0.000311471227056
16 -0.000390979561347
17 0.000418868303394
18 -4.82835413076e-06
19 0.000387945325487
20 -0.000165887995675
21 -0.000994025085908
22 0.000463206384477
23 0.00049857431338
24 -0.000873229576339
25 0.000258368745538
26 7.42709864031e-05
27 -0.000535029580045
28 3.54388077582e-05
29 0.00131326602314
30 -6.68468523577e-05
31 -0.000626905381697
32 -7.66167630591e-05
33 -0.000525572357491
34 -0.000777321117731
35 3.3934740109e-06
36 -8.04145560315e-06
37 0.000966302974743
38 -0.000994413634395
39 -0.00038330898577
40 1.53856203235e-05
41 0.00155905090539
42 -0.0039214782527
43 -0.00127033010799
44 -0.00200731251659
45 -0.00371750334883
46 0.000822777667389
47 -0.00106411569957
48 -0.00496023291912
49 -0.00220131509608
50 -0.0034588266017
51 -4.7642817236e-05
52 -0.00188494325369
53 -9.28439768831e-05
54 -0.00186983516921
55 0.00364804077374
56 -0.00683324041091
57 0.00525044746391
58 -0.00342367607922
59 -0.0037260300837
60 0.00257239134275
61 0.00175493463874
62 -0.0011714105234
63 0.000859378240269
64 -0.00777945177967
65 -0.000346520979905
66 0.000198396873823
67 -0.00101218114628
68 -0.0042204610953
69 -0.00245432193235
70 -0.00130248813273
71 0.0015604144087
72 0.00237008618891
73 0.00317000581786
74 -0.00474723040473
75 -0.0115253889157
76 0.00293407079543
77 0.00380736405386
78 -0.00372095432088
79 -0.000156577595101
80 -0.000849812275231
81 0.00345074993087
82 -0.0039678374532
83 -0.00328915309127
84 -0.00503776075092
85 -0.0012765700456
86 0.00131143990271
87 -0.000566627200746
88 -0.000588267427938
89 -0.00390146650934
90 -0.00105881991767
91 -0.00209765144259
92 -0.00496925576925
93 -0.000533072581172
94 0.000822451672996
95 -0.000722448711181
96 -0.00114191461392
97 -0.00150697879384
98 -0.00031414333864
99 -0.00100710645276
100 -0.00125830304934
101 -0.00304107616811
102 -0.00236120741583
103 -0.00257496362115
104 -0.000908257663886
105 -0.00242796255251
106 -0.00150233158499
107 0.00126311087514
108 -0.00230933842326
109 -0.00068488611284
110 -0.00151871849178
111 -0.000237905439058
112 -0.00155374690297
113 -0.00111802383317
114 -0.00064912536208
115 -0.00165587992485
116 -0.00169404908878
117 4.48436319851e-05
118 -0.00178575127103
119 -0.00146495582884
120 0.000185585322716
121 -0.00255183056624
122 -0.000487104703466
123 -0.00104411632688
124 -0.00111242724565
125 -0.00140333228912
126 -0.0015354493378
127 -0.00115671307151
128 -0.000850975153981
129 -0.00274378347816
130 -0.00168545562678
131 -0.000458134035734
132 -0.000734267072186
133 -0.00116811393559
134 -0.000311283720146
135 -0.000676356068022
136 -7.62615811891e-05
137 -0.00115767770523
138 -0.000729753875677
139 -0.00145293154939
140 -0.00175109642363
141 -0.00152673779197
142 -0.0018435821169
143 -0.000304955671415
144 -0.00144700934106
145 -0.00193875533245
146 -0.00112277269491
147 -0.000388967082308
148 -0.00142806646754
149 -0.000428164893263
150 -0.00124674058727
151 -0.00069747179059
152 -0.000456341858646
153 -0.00133451193626
154 -0.000628608083414
155 -0.00159354702029
156 -0.00171888196978
157 0.000291779059335
158 -0.0017292323918
159 -0.000327920590079
160 -0.00167003813887
161 -0.00210541284272
162 -0.0017113380086
163 -0.00176909354905
164 -0.00168893687435
165 -0.000872159152379
166 -0.00119528651669
167 -0.00328705318864
168 -0.000275725790103
169 -0.00225115166085
170 -0.000705126483048
171 -0.00170815187875
172 0.00121152080308
173 -0.00149079340535
174 -0.00140461067613
175 -0.00140855951226
176 -0.000604233062155
177 -0.000933926518252
178 -0.00220892663869
179 -0.000353793338091
180 -0.000844378228333
181 -0.00179571997876
182 -0.000916504528534
183 -0.00206998309717
184 -0.00233901099145
185 -0.000192586509869
186 -0.000469604310853
187 -0.00208413358883
188 -0.0017549920743
189 -0.000149857670114
190 0.000785847256561
191 -0.000686376539371
192 -0.00321415872073
193 0.000572866024701
194 0.00172432255295
195 -0.00704304933659
196 -0.00214037864813
197 -0.00295680269451
198 0.00324699578717
199 5.75413916681e-05
200 0.00146845965688
201 -0.00379881880301
202 0.00148530316251
203 0.000345792560534
204 -0.000871883069045
205 1.10457608478e-05
206 0.000293014493166
207 0.00113074286092
208 0.000629076173853
209 -0.00241438496119
210 4.05588847527e-05
211 -0.000512005457564
212 -0.00435791802101
213 0.00388584259007
214 0.000873032951868
215 -0.00402022431585
216 0.0020573880874
217 0.000182167690129
218 -0.00097750183911
219 0.00323116471135
220 0.00217447590427
221 -0.00257968350138
222 0.00586624236559
223 -0.00444742156935
224 1.31395367543e-05
225 -0.00255998988531
226 0.00063965822092
227 -0.000684271922718
228 0.0017251046162
229 -0.00193099501114
230 0.00148900420185
231 -0.00243119878665
232 -0.00188797858613
233 0.00579218453313
234 0.00167949981578
235 0.00247380300031
236 -0.000813408697446
237 0.00140839356749
238 0.000123453910551
239 0.0019337313218
240 -0.000569005336463
241 0.00884071470853
242 0.00735965436529
243 -0.00156729254632
244 -0.000680255284359
245 0.00474966705604
246 -0.000875743166162
247 0.000982185079667
248 0.00315436350961
249 0.000703182426355
250 0.0011074104428
251 -0.000839217732579
252 0.00360079293173
253 -0.000931786823856
254 -0.00119223767926
255 1.45428581164e-05
256 4.10480810669e-05
257 0.00113103152086
258 0.000810925792073
259 -0.00375248486724
260 0.000960694665885
261 -0.00112737373684
262 -0.000748595112452
263 -0.00326077037937
264 -0.00111613390635
265 0.000871283357883
266 -0.00503074851653
267 0.000747746802692
268 0.00175396588701
269 -0.00766053250722
270 -0.00935791431162
271 0.000976609985689
272 -0.00201155741536
273 0.000270403832567
274 -0.00128441998835
275 0.0011039230647
276 -0.00287756958211
277 -0.0017243256011
278 -0.00588944595574
279 0.00267121097386
280 0.00298732337569
281 -0.00139479020563
282 0.00231300534309
283 -0.00196086140001
284 0.000970177693697
285 -0.000475321505182
286 0.00330912579977
287 3.79509778569e-05
288 0.00538668633769
289 -0.00747841013589
290 0.00322163291573
291 -0.00271971692188
292 -0.00408912774858
293 0.00125461253889
294 -0.0001682985867
295 -0.00272649839132
296 0.0049504738586
297 -0.00184589540007
298 -0.00537305454745
299 0.00566160499831
300 0.000557759964989
301 -4.87385035117e-05
302 0.0029850422202
303 -0.00121640527855
304 -0.00183040825541
305 -0.000403403194132
306 -0.000171828977703
307 0.000893409518599
308 -0.000820122218319
309 -0.00210639438694
310 0.00543492465938
311 -0.00206730498287
312 -0.000146928191445
313 -0.00471507092866
314 0.00425713466858
315 0.00306584232752
316 0.00981453069802
317 -0.00297097116953
318 -0.000827529167007
319 0.00479552363554
320 0.000984537285569
321 -0.0012323407328
322 0.000192754599176
323 0.00276979602866
324 0.0031637063242
325 0.000837567348088
326 0.000140438000021
327 0.0037483502009
328 0.00293758074866
329 0.00117114320913
330 0.00244612066602
331 0.00125965442577
332 0.000430685715769
333 0.00382801538438
334 0.00126602948206
335 0.000772688226283
336 0.00200899849809
337 0.00165880918346
338 0.00202277005985
339 -0.002343704271
340 0.00271873471884
341 0.000583673904721
342 0.00334855443647
343 0.000330344080022
344 0.00550282439095
345 0.00170520860078
346 0.00130435218896
347 0.0026101129803
348 0.00298193311049
349 0.00270380822106
350 0.00354849290241
351 0.00261571552653
352 0.00018008927647
353 0.00303348899892
354 -0.000462490022164
355 0.0029201855686
356 0.00266372579748
357 0.000887323592185
358 0.00245436953351
359 0.000641044213493
360 0.000873010135211
361 0.00208431635079
362 0.00039817473795
363 0.00274180377814
364 0.000671062359005
365 0.00229813536438
366 0.00361864099773
367 0.00290581981782
368 0.000540982149294
369 0.0036824248254
370 0.00297461325078
371 0.00366818452421
372 0.00288965208624
373 0.00125128475421
374 0.00236801535768
375 1.36347333393e-05
376 0.0013234601165
377 0.000668883124413
378 0.00257657053757
379 0.001674411667
380 0.00106633525984
381 0.00399419551483
382 0.00650905985219
383 0.00205264559906
384 0.00284124656148
385 0.00381201829667
386 0.00346521937937
387 0.00288815283161
388 0.00282390781652
389 0.00124849878267
390 0.00639302948301
391 -0.000531794734619
392 0.00417744606454
393 0.00476433179272
394 0.000171307931401
395 0.00478510159007
396 0.00460273969094
397 0.00194702854621
398 0.00323032774462
399 0.00437380150391
400 0.000667821700302
401 0.00434583797123
402 0.00196324945861
403 0.00691231712382
404 -0.00298959963655
405 0.00517451923397
406 0.00763162660614
407 0.00311455934237
408 0.00802890341063
409 0.0073058008082
410 0.00905997955764
411 0.00352790652701
412 0.00307191749829
413 0.000768322330295
414 0.00470399366711
415 0.00383944275802
416 0.00245467891973
417 -0.0021257056929
418 0.00221598214098
419 0.0171192633134
420 0.00678115349836
421 0.00313508336454
422 0.0132983028453
423 0.00166298639208
424 0.0017201855265
425 -0.00498268229021
426 0.00513454496406
427 0.0191033760204
428 0.0122349862911
429 0.014920266238
430 -0.0137206250408
431 0.00347127530843
432 0.00101654370764
433 0.015135101684
434 -0.0155789137295
435 -0.0113875376096
436 0.0493919734922
437 0.0197464087605
438 -0.0140152346295
439 -0.0103214745495
440 -0.00668000724112
441 0.00602732747459
442 0.0116637120117
443 0.0198934382933
444 0.00480918720379
445 -0.000838206771088
446 0.00194757847207
447 0.0388558220427
448 -0.0045764961378
449 0.00596244974765
450 -0.00893104239728
451 -0.0130482302346
452 0.0205822115218
453 0.0190645471048
454 -0.0291080236546
455 0.0391954891064
456 -0.0212005363552
457 0.0111655376801
458 0.000826743183985
459 0.0116961333535
460 0.000306749349126
461 0.0219776138128
462 0.0141432025997
463 0.0325622200735
464 0.00646240168321
465 -0.00601505627982
466 0.0262797475196
467 0.014398019307
468 0.00938204524923
469 0.0294119308472
470 -0.0125282957409
471 -7.76579600432e-05
472 0.0031900218567
473 0.00821329914366
474 -0.00851233415514
475 -2.60936156649e-05
476 -0.000181318956096
477 0.00730837890545
478 0.00489710540828
479 0.000506187958135
480 0.00597801766819
481 0.000144134721404
482 -0.0146545910902
483 -0.000275605116139
484 0.00653491597132
485 -0.000748639039581
486 -0.00296045180151
487 0.0118046696078
488 -0.00676218345363
489 -0.00632112781651
490 0.0153880385391
491 0.00270383924016
492 -0.00626976727978
493 0.000531802695663
494 -0.00727699408819
495 0.00813564797608
496 -0.00646060001577
497 -0.0144071020663
498 0.00269427148854
499 0.00466370818221
500 -0.00627787474524
501 0.0129038016177
502 -0.00524783713735
503 0.00660507041085
504 -0.010574667783
505 0.00582455192862
506 0.000200366101047
507 0.011877364462
508 0.00634029578278
509 -0.0143829222566
510 0.0
511 0.0
