-3.93455619185e-05
0 -5.40134383076e-06
1 -8.32866207021e-05
2 1.62413297464e-05
3 -2.22336244666e-05
4 -0.000103609778026
5 4.54487368436e-05
6 2.61511947574e-05
7 1.87219444093e-05
8 -2.023918845e-05
9 1.27644300661e-05
10 -1.60821946602e-05
11 6.10010506047e-05
12 -6.95161947277e-05
13 6.73278350863e-05
14 5.55705827349e-05
15 8.68986812718e-06
16 3.07917615274e-05
17 3.06746550686e-05
18 5.64787574039e-05
19 7.74219522188e-05
20 3.87340446658e-05
21 1.67914746362e-05
22 4.39305865271e-05
23 1.06440299831e-05
24 1.163502386e-05
25 0.000100003497576
26 2.79715170428e-05
27 -5.58656023831e-06
28 3.80209922442e-05
29 2.43506273502e-05
30 -8.65853603593e-05
31 -0.000122644830906
32 3.00505133189e-05
33 -4.27164642082e-05
34 -1.01869605396e-05
35 -0.000125847162873
36 -8.78453704267e-05
37 -2.05514217829e-05
38 -0.000146926728793
39 -0.000127163799484
40 -0.00012206907128
41 7.92604227061e-06
42 -7.03476476523e-05
43 -0.000249787253159
44 -0.000190389738745
45 -0.000244286591953
46 5.78985820967e-06
47 -0.000269988715209
48 -0.00024375973573
49 -0.000243676766632
50 -0.000206906880764
51 2.94979182621e-05
52 1.08641087564e-05
53 -5.0824397474e-05
54 0.000224009031447
55 5.65297624794e-06
56 -1.71797149067e-05
57 0.000322444045284
58 0.000119658347851
59 1.57012519976e-05
60 0.000191427744142
61 0.000245883059897
62 0.000108567282452
63 8.97817916581e-05
64 0.000134687439385
65 0.000186739874382
66 -3.52501955186e-06
67 -0.00015623739219
68 -4.52845411994e-06
69 -6.8728423224e-05
70 8.72500262023e-05
71 0.000201475134411
72 8.11126527787e-05
73 3.53725832605e-05
74 1.37546752035e-05
75 0.000241321045382
76 0.000311666908501
77 -4.53911301774e-06
78 5.27563994957e-05
79 0.000212102993328
80 -0.000194436702287
81 -9.63160571674e-05
82 -9.01245205765e-05
83 0.000177288158819
84 -0.000112517151428
85 -0.00044169861741
86 -0.000143344757575
87 0.000118521675734
88 3.8187111657e-05
89 -6.11594302663e-05
90 -8.92282084952e-05
91 -5.93948178339e-05
92 -4.4676696043e-06
93 -0.00011116729068
94 -3.19614239029e-05
95 0.000137567341225
96 0.000112344359069
97 -2.63797271431e-05
98 6.01425072936e-05
99 -5.78538216435e-05
100 -8.81821117996e-05
101 -0.000141974306395
102 -0.000431877359686
103 -6.60989107868e-05
104 -8.44179062643e-05
105 4.46086017091e-05
106 0.000384341929243
107 0.000344218012909
108 -5.21906879464e-05
109 -1.78702687509e-05
110 -7.19621646905e-05
111 -6.56598530527e-05
112 -7.83515717168e-05
113 2.53903389614e-05
114 -0.000138373044431
115 4.99331920873e-05
116 3.36882908103e-05
117 0.000265963649462
118 0.00010675660761
119 0.000238761503206
120 0.000259634291789
121 -0.000108509189041
122 -5.57839365496e-05
123 0.000163022310156
124 0.000132067612087
125 8.19561979843e-05
126 7.8871211144e-05
127 5.06087794578e-05
128 0.000129309702351
129 -0.000118543452021
130 0.000147125702346
131 0.000359692541095
132 0.000210891715516
133 -0.000276284775833
134 0.000403932525495
135 5.92883382648e-05
136 5.16687992943e-05
137 -0.000176468437202
138 0.000273823079825
139 0.00078257881664
140 -0.000194835328162
141 -0.000316109628982
142 0.000273764210299
143 -5.6725796701e-05
144 -7.23353965275e-05
145 -0.000411118022116
146 0.000365009016444
147 7.94819476252e-06
148 -0.000295533578255
149 -0.000217732834605
150 -0.000124734584562
151 -0.00023035115564
152 -0.000184166970388
153 -0.000302338657043
154 -0.00011608608901
155 -0.000383681675993
156 -0.000156338507747
157 -0.000131230902124
158 -0.000489946980766
159 -0.000397348892118
160 -0.000311626428
161 -0.000529075844172
162 -0.000271627919392
163 -0.000187322754113
164 6.03254232038e-05
165 3.93953495082e-05
166 -0.0001214003494
167 -0.000542453046533
168 0.000139517972768
169 -0.000288671534012
170 -0.000219480368263
171 0.00018504852959
172 4.28833661763e-05
173 -0.000198979093968
174 -0.000174828230954
175 -0.000151252930925
176 -0.000211596966848
177 0.000234260427075
178 -5.79076105644e-05
179 4.88829851772e-06
180 6.87198818603e-05
181 -0.00054977257
182 -0.000196374060741
183 -0.000550470539427
184 -0.000779234939941
185 -6.49848510212e-05
186 -5.98629176655e-05
187 2.00729820777e-05
188 0.000125186893958
189 -0.000277399714685
190 0.000100380734292
191 -0.000209500739
192 -0.000326615456902
193 -0.000178995434782
194 0.000142658863675
195 -0.000273318966699
196 -0.000310397461531
197 -9.08342413574e-05
198 -0.000462637767975
199 0.000349650445816
200 -0.000178853291518
201 -8.67012883615e-05
202 0.000351220268067
203 -0.000501154969146
204 -0.000610013189986
205 -0.000329479079614
206 0.000304152288682
207 3.12720805604e-05
208 -0.000458913829982
209 -0.000159080990186
210 0.000162726951086
211 -0.000446775781701
212 0.000375856589824
213 0.000200837473284
214 -0.000489270394596
215 -0.00033368851237
216 -0.00075652628997
217 -4.53328846816e-05
218 -0.000156093744688
219 3.10934744666e-05
220 0.000155436412015
221 0.000297349206161
222 -0.000920926256753
223 -6.00527399191e-05
224 8.13190397648e-06
225 -0.000473847716329
226 0.000606459099119
227 0.000598340492261
228 -0.000255709436268
229 0.000767117048298
230 0.000774623125386
231 -0.000299479766266
232 -0.000615235074528
233 -0.000218830765695
234 0.000500212114316
235 -0.000379156518894
236 -0.000291288489951
237 0.000827586744343
238 0.000345574832416
239 -5.80221053683e-05
240 0.000485682545603
241 0.000110429185486
242 0.000527420449862
243 -0.000566354484814
244 -0.000397348411787
245 -0.000843725159528
246 8.44880512886e-05
247 -0.000254472326544
248 -0.00020261123482
249 -6.62601131391e-05
250 0.000106418209301
251 -4.35766736342e-05
252 -0.000634487866595
253 -0.00047389542085
254 -0.000178193297466
255 5.20646191186e-05
256 3.18761140508e-05
257 1.22579363738e-05
258 -0.000269742427922
259 -0.000158952584767
260 -0.00039767464691
261 -0.000435628109323
262 0.000138215448402
263 -0.000367369428929
264 -0.000682976270789
265 -0.000365605772024
266 -4.50070689385e-05
267 -0.000516469263091
268 -8.12480358607e-05
269 -0.000377994912717
270 8.52636561315e-05
271 0.000179583989106
272 0.000141508374792
273 0.000409205187918
274 6.84487953625e-05
275 0.000367487778935
276 -3.8403326447e-05
277 -0.000181411027111
278 0.000234969356921
279 -0.000119674947757
280 -6.11851754806e-05
281 -0.000150939555695
282 0.000701966487456
283 0.00051329667364
284 -0.000391105295567
285 -2.98302897672e-05
286 0.000582094030858
287 -0.000197123269171
288 2.37179735655e-05
289 -0.000664422129973
290 -0.000555779830212
291 -0.00037502223766
292 -0.000171439991007
293 -0.000565472209846
294 4.79473136417e-05
295 -0.000294442313655
296 -0.000454720543797
297 -2.60141208743e-05
298 -0.000193419581936
299 -5.36019282942e-05
300 0.000400211301431
301 -0.000397991718011
302 -0.000221273249745
303 -6.01269076938e-05
304 -0.000337490630301
305 -0.000153781463813
306 0.000105402638688
307 -0.000327331559196
308 -0.000343565586354
309 -0.000378025848018
310 0.000220022162231
311 2.97153520403e-05
312 -1.94061124131e-05
313 0.000175717137671
314 -0.00013063391164
315 0.000455590161994
316 -0.000202711474416
317 0.000156979558452
318 -5.15879916964e-05
319 5.0968358868e-06
320 -0.000167338740203
321 0.000115808524123
322 0.000113244378101
323 4.14511080884e-05
324 6.44402418062e-05
325 5.05034322888e-05
326 -6.9558076573e-05
327 6.55154215666e-05
328 -0.000304405248546
329 -1.00853433087e-05
330 -0.000112941968925
331 -0.000154687817296
332 -9.78711702281e-05
333 8.93326759696e-05
334 -8.03444216344e-05
335 -7.08822598626e-05
336 -8.62883483686e-05
337 7.15915786382e-05
338 -5.13221187543e-05
339 -0.00016385292683
340 -9.31253741164e-06
341 -6.16474371764e-05
342 3.44800520877e-05
343 9.63566977193e-05
344 -1.60629631461e-05
345 -0.000209046034147
346 6.82683930236e-06
347 0.000139749996844
348 0.000164365024259
349 -9.40643746467e-05
350 -0.000143936513666
351 -3.28482884223e-05
352 -4.53160429167e-05
353 -0.000141494919348
354 1.46919642392e-05
355 -6.37948086756e-05
356 -7.37907442457e-05
357 -4.52874536687e-05
358 -8.27984542638e-05
359 -3.20336607699e-05
360 -5.55479481818e-05
361 -0.000177588786975
362 -6.39148019516e-05
363 2.29500452194e-05
364 -0.000210665101141
365 -3.04548552818e-05
366 0.000140983698146
367 -0.000162933972296
368 1.0798688623e-05
369 1.54216671245e-05
370 -1.65271848029e-05
371 -4.1817938829e-05
372 -4.17675551183e-05
373 0.00033028098961
374 8.48650495185e-05
375 -4.26242543583e-05
376 4.8377921334e-06
377 1.48964057739e-05
378 0.00012951780215
379 -0.000107569332268
380 1.7066226252e-06
381 0.000233202528167
382 9.25792090171e-05
383 6.15409917909e-06
384 0.000134081331496
385 2.5483439723e-05
386 7.21044826935e-06
387 7.8020627371e-05
388 0.00011684315518
389 1.79089990046e-05
390 7.43526483876e-05
391 -2.25647948367e-05
392 8.39365321217e-05
393 -1.97474908425e-05
394 8.32051263031e-05
395 0.000107355426314
396 0.000115599330467
397 -9.47903466857e-05
398 -1.44632368557e-05
399 -3.75059250152e-05
400 0.000101826538931
401 5.10918289137e-05
402 4.79164450021e-05
403 2.60310520421e-05
404 -3.15126196564e-05
405 0.0001200419943
406 9.93246604862e-05
407 -1.0560720596e-05
408 -2.03638827543e-05
409 2.28600885424e-05
410 -2.37809431617e-05
411 -2.19335450925e-05
412 -3.58364796947e-05
413 -7.63444844806e-05
414 6.26960066316e-05
415 1.07255646965e-05
416 -2.04010127992e-05
417 0.000144239016096
418 -1.84766117828e-05
419 1.92209946586e-05
420 -2.30715721089e-05
421 -5.8220255019e-05
422 -2.65514234993e-05
423 -1.29734086438e-05
424 -4.41821238937e-06
425 -7.36321915727e-06
426 -2.92331021108e-05
427 -9.76831110094e-05
428 -8.51300564026e-06
429 4.29435528155e-05
430 -2.32183009989e-05
431 -1.20979192886e-05
432 -1.52919381922e-05
433 4.78920265521e-05
434 2.38808791386e-05
435 1.98522088321e-05
436 0.000100090920162
437 7.11301098403e-05
438 1.54982555425e-05
439 8.99354828702e-06
440 9.74371740459e-06
441 4.37469821623e-05
442 3.19624413851e-05
443 4.90449318867e-06
444 1.297350486e-05
445 -3.6587676271e-05
446 -4.40068082104e-06
447 5.42008065756e-05
448 1.54191255964e-05
449 2.67248563223e-05
450 2.85753649957e-05
451 3.39570398701e-05
452 1.42172805552e-05
453 9.98487134795e-06
454 2.1829122423e-05
455 3.31379551223e-05
456 1.19454343494e-05
457 1.15533758053e-05
458 4.58401520817e-05
459 -9.22164341912e-06
460 -6.91385875424e-07
461 -7.59388610497e-06
462 -2.46712357091e-05
463 -2.65011903073e-05
464 -2.12752991674e-05
465 -9.8215934719e-06
466 -1.5768803028e-05
467 -1.66195349376e-05
468 -2.29614399542e-05
469 -1.01637108012e-05
470 -7.39776447498e-06
471 5.98030741758e-06
472 -7.53010816441e-06
473 -4.53775653156e-06
474 -2.33391898616e-05
475 -3.35486920248e-06
476 -3.44752672173e-06
477 -5.62234152145e-06
478 4.6501052441e-06
479 -9.79741016689e-07
480 2.79026994151e-06
481 -4.22413226486e-06
482 -4.29994274942e-06
483 4.0497963103e-06
484 2.193866727e-06
485 -4.74121778715e-06
486 5.05021723856e-06
487 7.24116209625e-06
488 2.21636366558e-06
489 1.14469548e-06
490 7.28721031626e-07
491 1.27896010598e-06
492 3.43932340248e-06
493 3.41154787019e-06
494 1.6326746291e-06
495 6.95348735334e-07
496 1.08031108823e-06
497 7.8967569845e-07
498 2.0021558006e-06
499 3.43048428255e-06
500 -2.14276502385e-06
501 1.44480635366e-06
502 -6.72775679184e-07
503 1.38585482178e-06
504 -1.01365629588e-06
505 6.2868308184e-07
506 4.79594465776e-07
507 5.80981710213e-07
508 -8.46245362624e-07
509 -7.94789564937e-07
510 -1.1179322754e-07
511 -2.14960169789e-07
512 0.0
513 -2.55504876007e-07
514 9.96477350373e-08
515 -2.04659469604e-07
516 -1.27155356295e-06
517 6.97231766084e-07
518 4.81420536997e-07
519 4.02136256176e-07
520 -4.96830282826e-07
521 3.52528889532e-07
522 -4.93550959273e-07
523 2.05942353876e-06
524 -2.56040708385e-06
525 2.68670469783e-06
526 2.38834345672e-06
527 4.00150095304e-07
528 1.51271899858e-06
529 1.6013054662e-06
530 3.1221299011e-06
531 4.51812991529e-06
532 2.37970071405e-06
533 1.08333878032e-06
534 2.96960918297e-06
535 7.52309159717e-07
536 8.58219331227e-07
537 7.68525722457e-06
538 2.23593848164e-06
539 -4.63822893922e-07
540 3.27418569676e-06
541 2.17222386895e-06
542 -7.99179075316e-06
543 -1.16996480547e-05
544 2.95969991031e-06
545 -4.33958837643e-06
546 -1.06646952578e-06
547 -1.35654854425e-05
548 -9.74186314014e-06
549 -2.34296093821e-06
550 -1.72070900921e-05
551 -1.52882365054e-05
552 -1.50557988528e-05
553 1.00227567269e-06
554 -9.11510464176e-06
555 -3.31450392992e-05
556 -2.58580313605e-05
557 -3.39416956724e-05
558 8.22561229567e-07
559 -3.92028841626e-05
560 -3.61583446077e-05
561 -3.69104292274e-05
562 -3.19904258118e-05
563 4.6534605734e-06
564 1.74806623707e-06
565 -8.3377652519e-06
566 3.74548695333e-05
567 9.63046772245e-07
568 -2.98095583771e-06
569 5.69689174419e-05
570 2.15198344921e-05
571 2.8735219325e-06
572 3.56410534337e-05
573 4.6560797993e-05
574 2.09037160252e-05
575 1.75725307573e-05
576 2.67909981315e-05
577 3.77407924017e-05
578 -7.23703418788e-07
579 -3.25752142638e-05
580 -9.58678849645e-07
581 -1.47703560868e-05
582 1.90310631974e-05
583 4.45939033036e-05
584 1.8214477087e-05
585 8.057251826e-06
586 3.1775144281e-06
587 5.65284413242e-05
588 7.40160502301e-05
589 -1.09268666827e-06
590 1.28712779651e-05
591 5.24380347615e-05
592 -4.87038680883e-05
593 -2.44401869775e-05
594 -2.31636391236e-05
595 4.61465538886e-05
596 -2.96561362681e-05
597 -0.000117868751344
598 -3.87235320422e-05
599 3.24082109627e-05
600 1.05678243499e-05
601 -1.71272939176e-05
602 -2.52831944478e-05
603 -1.70268086323e-05
604 -1.29558600133e-06
605 -3.2607982604e-05
606 -9.48163531829e-06
607 4.12701329081e-05
608 3.40792578199e-05
609 -8.09066785539e-06
610 1.86477743997e-05
611 -1.81328662833e-05
612 -2.79359891252e-05
613 -4.54570110028e-05
614 -0.000139739723769
615 -2.16114197704e-05
616 -2.78878957773e-05
617 1.48886344777e-05
618 0.000129590424729
619 0.000117238972743
620 -1.7954796567e-05
621 -6.20918033741e-06
622 -2.52514839345e-05
623 -2.32664890293e-05
624 -2.80346482186e-05
625 9.17278006077e-06
626 -5.04705530819e-05
627 1.83865242164e-05
628 1.25222789504e-05
629 9.97912297595e-05
630 4.04298213533e-05
631 9.12599742834e-05
632 0.000100151992346
633 -4.22394827121e-05
634 -2.19124136945e-05
635 6.46145751481e-05
636 5.28149213104e-05
637 3.30669488931e-05
638 3.21039670233e-05
639 2.0781150883e-05
640 5.35618264267e-05
641 -4.95289395593e-05
642 6.20018271155e-05
643 0.000152883058629
644 9.04019247707e-05
645 -0.000119438359543
646 0.000176093476575
647 2.60633571259e-05
648 2.29032033799e-05
649 -7.88717403409e-05
650 0.000123393216335
651 0.00035554689409
652 -8.92411323569e-05
653 -0.00014596378003
654 0.000127431200431
655 -2.66166783327e-05
656 -3.42120694509e-05
657 -0.000195990055851
658 0.000175385067774
659 3.84912273733e-06
660 -0.000144241126743
661 -0.000107097287486
662 -6.18297630566e-05
663 -0.000115064609564
664 -9.27018672015e-05
665 -0.000153348873894
666 -5.93283812941e-05
667 -0.000197575959761
668 -8.11139328861e-05
669 -6.85990374056e-05
670 -0.00025802952923
671 -0.000210822665271
672 -0.000166567813232
673 -0.000284887284619
674 -0.000147338104898
675 -0.00010235378695
676 3.32027714277e-05
677 2.18407110018e-05
678 -6.77918908266e-05
679 -0.000305101375879
680 7.90359788825e-05
681 -0.000164702279211
682 -0.00012611922699
683 0.000107090280725
684 2.49931916856e-05
685 -0.000116787748096
686 -0.000103335234145
687 -9.00279310393e-05
688 -0.000126826352398
689 0.000141388955854
690 -3.5193235747e-05
691 2.99146132939e-06
692 4.23439335343e-05
693 -0.000341091432381
694 -0.000122670910293
695 -0.000346220158232
696 -0.000493445089304
697 -4.14310553041e-05
698 -3.84244063426e-05
699 1.29714173983e-05
700 8.14430049208e-05
701 -0.000181681998381
702 6.61849776143e-05
703 -0.000139056119611
704 -0.000218237464827
705 -0.000120396902649
706 9.65929563891e-05
707 -0.000186287221994
708 -0.000212956605966
709 -6.27299799248e-05
710 -0.000321597763546
711 0.000244650302806
712 -0.000125962684761
713 -6.14607399809e-05
714 0.000250595231701
715 -0.000359898815568
716 -0.000440917091848
717 -0.000239689608468
718 0.000222694999845
719 2.30445645382e-05
720 -0.000340353716502
721 -0.000118740731721
722 0.000122241306743
723 -0.000337769365446
724 0.000285969828157
725 0.000153781959948
726 -0.000377022795657
727 -0.000258769762181
728 -0.000590398920429
729 -3.56024503486e-05
730 -0.000123365306535
731 2.47294197739e-05
732 0.000124402813647
733 0.00023948239458
734 -0.000746375305841
735 -4.89764447851e-05
736 6.67367753623e-06
737 -0.000391315791264
738 0.000503967179283
739 0.000500331903018
740 -0.000215160544659
741 0.000649502283352
742 0.000659948350059
743 -0.000256734799988
744 -0.00053070544043
745 -0.000189938768968
746 0.000436867542587
747 -0.000333197943284
748 -0.000257568706443
749 0.000736321173099
750 0.000309369794983
751 -5.22648082807e-05
752 0.000440197005387
753 0.000100705997148
754 0.000483953696365
755 -0.000522888614779
756 -0.000369117803562
757 -0.00078861664743
758 7.94567256624e-05
759 -0.00024079372109
760 -0.000192901923331
761 -6.34735246479e-05
762 0.000102570751085
763 -4.2259919246e-05
764 -0.000619103202235
765 -0.000465251383288
766 -0.000176019855578
767 5.17461338803e-05
768 3.18761140508e-05
769 1.23333747567e-05
770 -0.000273073116701
771 -0.000161905782251
772 -0.000407556845177
773 -0.000449202287135
774 0.000143399936908
775 -0.000383497291536
776 -0.000717352438676
777 -0.000386374489144
778 -4.78570017221e-05
779 -0.00055256011278
780 -8.7462004446e-05
781 -0.000409416307731
782 9.2921684646e-05
783 0.000196922857693
784 0.000156130434822
785 0.000454281534786
786 7.64592581078e-05
787 0.000413037146945
788 -4.34309335216e-05
789 -0.000206433370436
790 0.000269039232209
791 -0.000137878966307
792 -7.09306620069e-05
793 -0.000176070188734
794 0.000823942492332
795 0.000606246685858
796 -0.00046481256203
797 -3.56736661198e-05
798 0.000700474631772
799 -0.000238698291669
800 2.89004694183e-05
801 -0.000814684690834
802 -0.000685757159291
803 -0.000465640007004
804 -0.000214207489273
805 -0.000710995514335
806 6.06676648146e-05
807 -0.000374915767978
808 -0.000582670534014
809 -3.35456728681e-05
810 -0.000251004623842
811 -7.00035313823e-05
812 0.000526006790224
813 -0.000526433330345
814 -0.000294557706906
815 -8.05540718124e-05
816 -0.000455053464692
817 -0.000208685382618
818 0.000143956775356
819 -0.000449952448439
820 -0.000475326472428
821 -0.000526396658749
822 0.000308370737429
823 4.19187605023e-05
824 -2.75545346781e-05
825 0.000251132243037
826 -0.000187924798904
827 0.00065970321184
828 -0.000295464571563
829 0.000230319007627
830 -7.61906648056e-05
831 7.57749604747e-06
832 -0.000250440141247
833 0.000174476127276
834 0.000171754279797
835 6.32892607701e-05
836 9.90517710996e-05
837 7.81528579396e-05
838 -0.000108367311311
839 0.000102761321275
840 -0.000480708454195
841 -1.60351862041e-05
842 -0.000180799766975
843 -0.00024932647916
844 -0.000158834845041
845 0.000145978651713
846 -0.000132200199189
847 -0.000117441345702
848 -0.00014396340101
849 0.000120278629184
850 -8.68295835733e-05
851 -0.000279167185551
852 -1.59784908906e-05
853 -0.000106524759803
854 6.00043265928e-05
855 0.00016888307009
856 -2.83550800646e-05
857 -0.000371672101747
858 1.22253637398e-05
859 0.000252075126873
860 0.000298631516853
861 -0.000172151865452
862 -0.000265356857853
863 -6.1003874366e-05
864 -8.4780397877e-05
865 -0.000266683149529
866 2.78971181915e-05
867 -0.00012204035251
868 -0.0001422238946
869 -8.79457511112e-05
870 -0.000162009292
871 -6.31567298612e-05
872 -0.000110354790891
873 -0.000355520119278
874 -0.000128940937429
875 4.66582942854e-05
876 -0.000431628651151
877 -6.2887190867e-05
878 0.000293413350947
879 -0.000341778127531
880 2.28319197164e-05
881 3.28668691079e-05
882 -3.55058763388e-05
883 -9.05638933622e-05
884 -9.11888174404e-05
885 0.000726967111543
886 0.000188324864571
887 -9.53678925632e-05
888 1.09138601217e-05
889 3.38860202835e-05
890 0.000297094812056
891 -0.000248829373849
892 3.98122341986e-06
893 0.000548662600732
894 0.000219683604464
895 1.47293389566e-05
896 0.000323700919147
897 6.2060279581e-05
898 1.77142811153e-05
899 0.000193373457615
900 0.000292174879385
901 4.51843199142e-05
902 0.000189284779318
903 -5.79668153702e-05
904 0.000217597245086
905 -5.16649689775e-05
906 0.000219706559555
907 0.000286123773823
908 0.000310992955584
909 -0.000257426797473
910 -3.9653348009e-05
911 -0.000103816830057
912 0.000284586163183
913 0.000144185187839
914 0.000136553272639
915 7.49187214084e-05
916 -9.16004791458e-05
917 0.000352447658749
918 0.000294579111841
919 -3.16415212402e-05
920 -6.16423852066e-05
921 6.99179419029e-05
922 -7.34970174013e-05
923 -6.85043120796e-05
924 -0.000113120714372
925 -0.000243580650893
926 0.000202206107548
927 3.49708644492e-05
928 -6.72531532152e-05
929 0.000480797517015
930 -6.2282440996e-05
931 6.55283600751e-05
932 -7.95584878424e-05
933 -0.000203090432942
934 -9.37039449372e-05
935 -4.63264337699e-05
936 -1.59653469611e-05
937 -2.69282925774e-05
938 -0.000108213680519
939 -0.000366055249572
940 -3.22989242342e-05
941 0.000164982803396
942 -9.03373064168e-05
943 -4.76766216274e-05
944 -6.10488814554e-05
945 0.00019371524468
946 9.78821568722e-05
947 8.24673739211e-05
948 0.000421463019066
949 0.000303655787756
950 6.70885744454e-05
951 3.9483080522e-05
952 4.33907397805e-05
953 0.000197648724404
954 0.000146535490104
955 2.28212707403e-05
956 6.12820061939e-05
957 -0.000175481879187
958 -2.14356004469e-05
959 0.000268183222123
960 7.75171895754e-05
961 0.000136542905755
962 0.000148411494674
963 0.000179323750968
964 7.63607169454e-05
965 5.45583122528e-05
966 0.000121378074346
967 0.000187560702869
968 6.88431946253e-05
969 6.78181748603e-05
970 0.000274159475567
971 -5.62122229276e-05
972 -4.29678691465e-06
973 -4.81371174389e-05
974 -0.000159567927259
975 -0.00017495663242
976 -0.000143426386914
977 -6.76409730802e-05
978 -0.000110992532687
979 -0.000119614734623
980 -0.000169062386464
981 -7.65956417195e-05
982 -5.70939286642e-05
983 4.72922773901e-05
984 -6.10526585095e-05
985 -3.77441256705e-05
986 -0.00019928684211
987 -2.94275515034e-05
988 -3.10873474946e-05
989 -5.21584550266e-05
990 4.44176883894e-05
991 -9.64405046449e-06
992 2.83298976045e-05
993 -4.42805703622e-05
994 -4.65866062993e-05
995 4.53977348344e-05
996 2.54758903192e-05
997 -5.7105807116e-05
998 6.31779015358e-05
999 9.42251185727e-05
1000 3.00461243122e-05
1001 1.61949002091e-05
1002 1.07802564856e-05
1003 1.98237687713e-05
1004 5.59819299224e-05
1005 5.84593785606e-05
1006 2.95349860872e-05
1007 1.33203420268e-05
1008 2.19902030785e-05
1009 1.71476362079e-05
1010 4.65858397451e-05
1011 8.59668191406e-05
1012 -5.81769880618e-05
1013 4.27962573626e-05
1014 -2.19220277913e-05
1015 5.01777487416e-05
1016 -4.12917021463e-05
1017 2.92682930268e-05
1018 2.60516661953e-05
1019 3.78720058775e-05
1020 -6.89568059091e-05
1021 -8.63507978673e-05
1022 -1.8217930742e-05
1023 -7.00649342327e-05
