4.89960352374e-06
0 0.0
1 0.0
2 0.0
3 -0.000255169856929
4 -0.000651158422295
5 -0.000511680082954
6 -0.000298066748926
7 0.000623012051869
8 0.000334226916391
9 -0.000107853855886
10 -4.96542950738e-06
11 0.000296355369591
12 7.21263607422e-05
13 2.20404011656e-05
14 -0.000293903305235
15 -0.000353148662689
16 0.000108041143817
17 0.000101411213951
18 -3.22631906494e-05
19 -2.39380219631e-05
20 -0.000120482560046
21 -0.00011552002871
22 5.01464480087e-05
23 3.02291868751e-05
24 -0.000304255191788
25 0.000112135243649
26 -1.94414046271e-05
27 -8.66678379157e-05
28 -9.72562605933e-06
29 0.000128139636649
30 0.000104431983352
31 -5.26586644979e-06
32 -3.04819292033e-05
33 -0.00031249654393
34 0.000384141286006
35 8.43344997187e-05
36 2.69223792628e-05
37 -7.9722474299e-05
38 4.05687013062e-05
39 -0.000133560438994
40 0.00014953622709
41 -3.27524389312e-07
42 3.62759645901e-05
43 -1.22822746893e-05
44 -1.09252317866e-05
45 9.98446388731e-06
46 1.13060516255e-05
47 -8.41275677257e-05
48 -1.63554623855e-05
49 -1.83302625478e-05
50 5.821624415e-05
51 6.45592640409e-06
52 -7.35223255514e-06
53 8.48342304325e-06
54 -4.18809755183e-07
55 -4.95008751347e-06
56 -1.54911129387e-05
57 6.16614409094e-05
58 7.59286967371e-05
59 2.92149924797e-05
60 1.62841432601e-05
61 -2.4648133151e-05
62 -1.82038869708e-05
63 -6.50019108244e-05
64 -1.00755822354e-05
65 9.21990138613e-05
66 -6.17849574008e-05
67 -1.95590726068e-05
68 3.11712017972e-05
69 -6.41366200131e-05
70 3.66747550766e-06
71 1.95325886306e-05
72 -4.51054638702e-06
73 6.68987221123e-05
74 -2.80672759808e-05
75 3.59771352342e-05
76 -6.51884552997e-06
77 -5.80841199941e-05
78 7.46118121851e-05
79 5.33632413988e-05
80 4.28205625595e-05
81 -4.03804536075e-05
82 1.51782838797e-05
83 -0.000125229169409
84 2.39736943849e-06
85 -0.000156788033854
86 -0.000112776406557
87 6.7750691417e-05
88 0.000108573416823
89 6.47582447027e-06
90 2.24749600655e-05
91 -0.000193627627629
92 9.14793679576e-05
93 2.97812354644e-05
94 0.000140717779248
95 -2.44640014425e-05
96 -0.000169334756363
97 0.000154689176372
98 -0.000125241013836
99 -5.58149788962e-07
100 -0.000108448341058
101 -1.27512582663e-05
102 0.000119356345847
103 6.0267941904e-05
104 3.64371201911e-05
105 1.99298119389e-05
106 -2.76990260335e-05
107 3.51317828061e-05
108 4.28167406873e-05
109 1.97946162179e-05
110 0.000244046206409
111 -7.03962198329e-05
112 0.000144719741033
113 -6.0605778374e-06
114 -3.61141223245e-05
115 -5.88774578278e-05
116 -8.40909157038e-05
117 0.000170877218678
118 -1.82506929592e-05
119 -0.000141639784108
120 -0.000140797851761
121 2.50766035589e-05
122 0.000383400954511
123 4.89780152148e-05
124 0.000185697632597
125 3.81649384808e-05
126 0.000194188678275
127 -9.43733854375e-05
128 4.79942334097e-05
129 -8.82377043284e-05
130 -3.94684472482e-05
131 -8.69904364216e-05
132 0.00016838998115
133 -4.65176936957e-05
134 0.000108130295228
135 7.05811058076e-06
136 5.58005588994e-05
137 0.000153333716971
138 8.58253897217e-05
139 -9.75036532437e-07
140 -0.000138109103457
141 -1.24121182891e-05
142 7.53600023146e-05
143 0.000123050428077
144 5.83837069372e-05
145 -0.00013637642032
146 3.99544451026e-05
147 0.000104209059747
148 -4.09701485013e-05
149 0.000215991662401
150 -3.46070070605e-05
151 4.25242268442e-05
152 -4.92007556297e-05
153 2.17310392486e-05
154 0.000151768543394
155 -8.09306506648e-05
156 -6.53403364442e-05
157 6.21438694993e-05
158 2.49900278138e-05
159 -6.19251806339e-05
160 -0.000145530830878
161 -0.000201472036298
162 0.000144619678433
163 9.4712712859e-05
164 -0.000166147746158
165 0.000136181508201
166 0.000102473967265
167 3.67028665629e-05
168 -9.0492364732e-05
169 4.60768208625e-05
170 0.000182172264448
171 -6.84519199555e-05
172 -3.65135248122e-05
173 -0.00014349470171
174 -4.45226623309e-06
175 0.00015720771005
176 -0.000166892087598
177 5.00336867863e-05
178 -0.000225162305777
179 -9.00282102524e-05
180 -0.000223787693259
181 4.528687415e-05
182 1.92156059058e-05
183 1.79137565304e-05
184 5.74702102198e-05
185 0.000185427345925
186 -0.00015479404228
187 -8.1741773612e-05
188 -5.3403482379e-05
189 1.14204451902e-05
190 0.00021893828446
191 -5.55068013307e-05
192 6.22960729616e-06
193 9.55001532272e-05
194 -0.000177770634432
195 -0.000124393956166
196 0.000197245435793
197 5.10205154142e-05
198 -0.000108177782176
199 0.000160872054188
200 6.72859701924e-05
201 6.28573779806e-07
202 -0.000159357567452
203 -2.9588039294e-05
204 0.000175618442164
205 -0.000183381613621
206 -0.000163060236178
207 4.07788317824e-05
208 9.51686697208e-05
209 -6.62896005722e-05
210 -0.000215890453295
211 0.000151027444658
212 0.000124304067662
213 -3.68197058246e-05
214 -0.00020852900431
215 8.10099342128e-05
216 0.000117791510932
217 -8.97199191639e-05
218 -4.90071725163e-05
219 0.000194391759976
220 -0.000170870266138
221 1.70867997274e-05
222 9.13319360155e-06
223 -5.89011543435e-05
224 0.000143863140467
225 -5.51997226174e-05
226 2.59276971714e-05
227 2.56277805614e-05
228 2.79428698809e-05
229 1.96159346545e-05
230 -6.63888891529e-05
231 1.9297098229e-06
232 -8.85890335259e-05
233 7.91564499133e-05
234 -2.04811541639e-05
235 1.66793732106e-05
236 4.01513375351e-05
237 1.10369199401e-05
238 5.51807638548e-05
239 -0.000226474262534
240 -1.15493909927e-05
241 -0.000104328106498
242 3.03009161764e-05
243 1.07517452734e-05
244 3.84016508291e-05
245 7.61186706432e-05
246 0.000115832231421
247 -0.000103758004098
248 -7.50837889247e-05
249 0.000101790718573
250 -5.29727123058e-05
251 3.68997387637e-05
252 8.9017692947e-05
253 -0.000158951816695
254 4.65313498773e-05
255 2.41983770688e-05
256 -7.24101290327e-05
257 4.04523590447e-05
258 -0.000103894086135
259 1.85606066947e-05
260 5.52451285064e-05
261 -2.64097666777e-05
262 0.000111001044682
263 -9.05548119665e-05
264 2.71855412501e-05
265 7.26242438623e-05
266 -3.43604913451e-05
267 -0.000107659165655
268 -6.59754930396e-05
269 6.931175849e-06
270 4.60679644266e-05
271 7.46908684271e-05
272 0.000132415391009
273 9.33608151991e-05
274 0.000107430279957
275 8.8127651904e-05
276 -9.76584389542e-05
277 -0.000114017843237
278 -0.000169825476292
279 -4.54372582691e-05
280 -4.30447843863e-05
281 0.000107459403982
282 1.54849533878e-05
283 4.74222324047e-05
284 -9.66285071314e-05
285 0.000105982101583
286 0.000172612462873
287 2.84457529719e-05
288 -3.97763985107e-05
289 -1.97688330931e-06
290 0.000106951598501
291 -0.000132575166592
292 8.44292304797e-05
293 7.19181894164e-05
294 -0.000187552804387
295 4.25413431196e-05
296 1.66129073583e-05
297 -0.000171333332593
298 1.50571804218e-05
299 0.000205770038062
300 0.000148123938247
301 -4.50877733796e-05
302 -3.90121273724e-05
303 -0.000142799379064
304 -7.23804556336e-05
305 7.60074365384e-05
306 6.90519651526e-05
307 4.93786917944e-05
308 -3.99940684753e-05
309 -6.09327261838e-05
310 -3.34223429956e-05
311 -1.29243345977e-05
312 3.92055475907e-05
313 -5.49127608456e-06
314 8.60365832137e-06
315 3.34573450787e-05
316 4.26885631785e-05
317 -0.000162641012947
318 -8.5420287791e-05
319 -4.04944702961e-05
320 4.71223270715e-05
321 -0.000166797635795
322 0.000138681255086
323 5.79507585821e-05
324 1.64315720223e-05
325 2.21025453948e-06
326 -7.88862682461e-05
327 -9.79786391525e-05
328 3.2330503198e-05
329 4.69987446521e-05
330 -2.35717999789e-05
331 -5.9859648322e-05
332 5.25176909925e-05
333 3.49609605871e-05
334 2.4212635826e-05
335 1.19700573295e-05
336 -0.000163846681917
337 -0.000113601316568
338 -0.000173308320219
339 2.40755103543e-05
340 0.000121523305555
341 -8.53485154465e-05
342 -6.50682306376e-05
343 -6.01214541e-05
344 0.000143430175051
345 -2.88997228696e-05
346 -2.62655298192e-05
347 0.000213244615925
348 -6.09333168427e-06
349 -5.37063458484e-05
350 2.54237678465e-05
351 0.000181520268384
352 -0.000114818798796
353 -2.75694176044e-05
354 1.9265170654e-05
355 2.99749202179e-05
356 -0.000118682411065
357 -7.35728197715e-05
358 0.000137590386905
359 1.9293341667e-05
360 -0.000142007847507
361 6.67840493531e-05
362 -9.30230727776e-06
363 -4.62565622639e-05
364 4.01820281847e-06
365 -4.71946432738e-05
366 7.51457936372e-05
367 5.07980826487e-06
368 -7.47949672322e-05
369 -1.01997985849e-05
370 4.72214114136e-05
371 -1.78263691968e-05
372 -5.70936334701e-06
373 3.69882308118e-05
374 -6.75047702079e-06
375 4.16224395204e-05
376 -7.31259232399e-05
377 -1.97942055203e-05
378 -2.02099741705e-05
379 1.30534756697e-05
380 -7.22550541399e-05
381 6.68954419559e-05
382 8.51738888338e-05
383 3.29059730556e-05
384 8.17758303266e-05
385 -1.64506081771e-05
386 -7.55096248707e-05
387 -0.000235179710274
388 0.000140201150058
389 0.000183148324197
390 -5.22755222804e-05
391 0.000137154971607
392 -2.89007494136e-05
393 -0.000153678410912
394 3.68157660651e-05
395 -1.65371932811e-05
396 4.57821304858e-05
397 -2.36980911105e-05
398 0.000179840419011
399 -8.10320998803e-05
400 9.49216146224e-05
401 -1.09495435845e-05
402 0.000105789310461
403 1.79907303139e-06
404 6.40301239957e-06
405 -5.29461659192e-06
406 -0.000241895227732
407 0.000133460600421
408 -0.000106287473036
409 0.000119772990577
410 -4.03493640565e-05
411 -0.00010224798544
412 -0.000100085116814
413 0.000220443757931
414 2.63505646444e-06
415 -2.91368268515e-05
416 -3.21021790206e-05
417 4.67150630894e-05
418 -0.000150797215066
419 4.70105423478e-05
420 -4.04638071158e-05
421 -1.82172713823e-05
422 -5.90355256688e-05
423 -8.85041001409e-05
424 -6.88583022494e-05
425 -6.84019288871e-05
426 -0.000106837851676
427 7.71054090498e-06
428 -5.33255884672e-05
429 8.23053292924e-05
430 4.54413343525e-05
431 6.54791944118e-05
432 -0.000284933082692
433 -8.24480541e-05
434 6.5771284062e-05
435 7.21195791082e-05
436 3.66909117022e-05
437 -0.000164526080957
438 -0.000206705125977
439 -3.29223241088e-05
440 -7.55766813383e-05
441 4.78054617106e-05
442 0.000248956459824
443 -2.08419577373e-05
444 1.72021340764e-05
445 9.18851573259e-05
446 -0.000110468713527
447 -3.2856020629e-05
448 6.23540437125e-05
449 0.000303893258542
450 -3.97304030815e-05
451 -6.70118694938e-05
452 -0.000177678173112
453 -5.47887644711e-05
454 -1.98953691175e-05
455 0.000108136519871
456 0.000228954776648
457 8.38732935618e-05
458 -9.30540663661e-05
459 -0.000371962972272
460 -4.68735174812e-05
461 0.000277750504781
462 -9.10565230686e-06
463 -6.84008273241e-05
464 -8.24838123005e-05
465 5.5352404096e-05
466 -7.93684721699e-05
467 -0.000278232689684
468 -0.000178268906106
469 0.000145244284329
470 -0.000104488947328
471 -9.52395201475e-05
472 -0.000160933364771
473 5.41109888172e-06
474 -0.000132354887039
475 0.000103021341692
476 8.17120253416e-05
477 -0.000190557469321
478 -0.000274999773435
479 -5.0108637414e-05
480 -0.00032039398556
481 -4.94622020154e-05
482 -0.000123972140865
483 8.19871858149e-05
484 -2.45135991226e-06
485 0.000161213250436
486 -0.000115460956037
487 0.000156239178772
488 -7.49057579154e-05
489 -2.18496129039e-05
490 9.44108657265e-06
491 3.63908092799e-05
492 0.000280372217387
493 0.000153546958145
494 4.49522133071e-05
495 0.000115675288215
496 0.000100079367267
497 -0.000217154391737
498 -0.000202192666064
499 0.000126469988783
500 -7.37694556293e-05
501 0.000199560295111
502 0.000167457567345
503 -1.05799130382e-05
504 0.000259962714306
505 -0.00111374722912
506 -0.00105266547597
507 0.000208088126458
508 0.000349364485368
509 1.52248361025e-05
510 0.000251099582235
511 -0.000165412839501
512 -0.000164093338725
513 0.000249239861872
514 1.75908323735e-05
515 0.000347028416804
516 0.000208987828705
517 -0.00102111613485
518 -0.00110728784116
519 0.000256192771019
520 -8.37553890367e-06
521 0.000160410770609
522 0.000187503457223
523 -7.2522252427e-05
524 0.00012487525023
525 -0.000191978715472
526 -0.000207028689263
527 9.30939957261e-05
528 0.000105941587584
529 4.74376418609e-05
530 0.000145574304482
531 0.00025864748408
532 3.09419260264e-05
533 1.01085514246e-05
534 -1.73063710096e-05
535 -6.63048329557e-05
536 0.000145616803687
537 -0.000106483119082
538 0.00014884571552
539 -5.55531170111e-07
540 7.65500599271e-05
541 -0.000115839369601
542 -4.30467294708e-05
543 -0.000291451644962
544 -4.4814560713e-05
545 -0.000250607876198
546 -0.000175353968549
547 6.64561569693e-05
548 9.64243463727e-05
549 -0.000117283828116
550 6.27611034932e-06
551 -0.000142372761815
552 -8.23987764548e-05
553 -9.25556428452e-05
554 0.000126620566301
555 -0.000155457304026
556 -0.000244197821195
557 -7.14305116415e-05
558 4.93707648298e-05
559 -6.84558158301e-05
560 -5.97031191704e-05
561 -3.0446140654e-06
562 0.000239808027888
563 -4.37943438222e-05
564 -0.00031843233726
565 -7.89875087164e-05
566 7.07007171921e-05
567 0.000192479006991
568 9.18453740196e-05
569 -1.76928497413e-05
570 -4.76591414829e-05
571 -0.000148881836767
572 -5.31248028498e-05
573 -3.28095689731e-05
574 0.000252497204983
575 5.14749403258e-05
576 -2.53382662564e-05
577 -9.53653692244e-05
578 7.29723426754e-05
579 2.1530124808e-05
580 -1.8455735476e-05
581 0.000205827407457
582 4.39675420274e-05
583 -6.11216623799e-05
584 -1.75384254786e-05
585 -0.000164670312496
586 -0.000135931752955
587 2.91376158932e-05
588 5.65358673724e-05
589 4.14031426917e-05
590 -6.01724963157e-05
591 -0.000222236539811
592 4.07988803466e-05
593 3.59235423359e-05
594 5.31044403543e-05
595 -4.26830933216e-05
596 7.80487119595e-06
597 -7.81365054905e-05
598 -5.87923860609e-05
599 -4.84799676108e-05
600 -5.71078469612e-05
601 -4.27473402881e-05
602 -2.10350867338e-05
603 -2.41619358364e-05
604 4.18807631723e-05
605 -0.000120478921676
606 3.38719704201e-05
607 -1.92713798818e-05
608 -1.51302649843e-05
609 3.0514052962e-06
610 0.000162353718603
611 -6.93331698075e-05
612 -7.9938143729e-05
613 -2.72858727186e-05
614 8.90675759748e-05
615 -8.46752010959e-05
616 0.000102612906236
617 -0.000171741227101
618 -4.90856597774e-06
619 1.7348610501e-05
620 6.58361774465e-08
621 7.05960287001e-05
622 -4.83256903753e-06
623 6.13779529461e-05
624 -5.6131735215e-05
625 0.000125005835564
626 -2.02711037924e-05
627 3.58624118011e-05
628 -1.003467005e-05
629 2.53553207855e-05
630 -9.9997984791e-05
631 -1.3873885641e-05
632 8.68367296018e-05
633 -2.69733308349e-05
634 0.000139102339566
635 9.61307186133e-05
636 -0.000153232193981
637 -6.16046973082e-05
638 -2.14660164551e-05
639 6.16429306454e-05
640 1.37307429401e-05
641 4.62188204459e-05
642 3.67090910292e-05
643 -4.89862249684e-05
644 -2.67594713939e-06
645 -2.55503979774e-05
646 -3.31160235999e-06
647 -4.17686652784e-05
648 9.4137987809e-06
649 1.40236447173e-07
650 2.88773702972e-05
651 1.48690042086e-05
652 -1.10536126631e-05
653 3.02122844031e-05
654 -5.95053982555e-06
655 -6.22689663191e-05
656 -1.00238174977e-05
657 3.56401397634e-05
658 -2.30790358756e-05
659 -9.03545841109e-06
660 -2.16610404386e-05
661 -8.35991208927e-06
662 3.65725148131e-05
663 -8.05179598707e-05
664 6.95595670134e-06
665 7.98504161103e-05
666 -3.74490710613e-05
667 -6.82602184927e-05
668 2.54236812174e-05
669 3.45651713928e-05
670 -2.0791501726e-05
671 -7.14876922426e-05
672 0.000110786998716
673 1.31044444456e-05
674 -3.41215540407e-05
675 7.4306891979e-06
676 0.000121577580501
677 -1.228274622e-05
678 -2.403244507e-05
679 8.26890986556e-05
680 -3.70658500001e-05
681 -3.74225805923e-05
682 -4.48107782584e-05
683 6.62905930528e-05
684 5.02172911379e-06
685 -9.96747750972e-05
686 -6.57701701713e-05
687 -9.34331234387e-05
688 1.92336479203e-06
689 2.72441441107e-05
690 2.12109491476e-05
691 3.63407697111e-05
692 -2.98206270984e-05
693 -1.44025464896e-05
694 2.98064288131e-05
695 2.20118871416e-05
696 -5.57677485487e-05
697 -4.88551797654e-05
698 2.70238530106e-05
699 9.25276274565e-06
700 1.910301095e-05
701 7.65099932018e-05
702 -9.51315080318e-05
703 2.25920355834e-05
704 -1.91340608594e-05
705 -5.65395294187e-05
706 -8.44324439374e-05
707 1.28978137703e-05
708 2.63409812549e-05
709 1.34285139176e-05
710 3.2633062883e-06
711 1.64361757231e-05
712 -7.04743074802e-07
713 -1.8898674905e-05
714 -4.30304044222e-05
715 -2.62378596209e-05
716 2.88726022354e-05
717 2.42127637709e-05
718 3.82779937371e-05
719 -3.11963225446e-05
720 -7.29180370633e-05
721 -2.33049093126e-05
722 -2.71823905598e-05
723 7.13851639419e-05
724 0.00011203812681
725 8.60123890299e-06
726 -8.22838948676e-05
727 1.07910680249e-06
728 2.00746536513e-05
729 -8.116018226e-05
730 2.91786322219e-05
731 3.95670343114e-05
732 -6.17305643977e-05
733 6.03354459295e-05
734 -1.58741971603e-07
735 -2.54997630402e-05
736 9.35240854224e-06
737 8.23121428224e-05
738 4.8593137102e-05
739 -4.63983184851e-05
740 2.86561695732e-05
741 6.69689554343e-06
742 4.9000388195e-05
743 -1.98778802371e-05
744 -1.80901716899e-05
745 -7.72713614587e-05
746 -5.27356440533e-05
747 -5.01356093634e-05
748 3.26030679571e-05
749 5.16189906446e-05
750 3.71297086397e-05
751 6.26349287152e-05
752 3.7748218998e-05
753 1.55486196074e-05
754 5.89333549365e-06
755 -3.05072321698e-05
756 -3.7938767612e-05
757 -1.85873272363e-05
758 3.49422163537e-05
759 1.88632388011e-05
760 -4.1210993706e-05
761 5.31278958573e-05
762 -1.63633404909e-05
763 2.51411225489e-05
764 4.22646821483e-06
765 -3.99702387056e-05
766 1.61839533656e-05
767 -3.1019758983e-05
768 1.55054758775e-05
769 2.26709997921e-05
770 -6.34522567976e-05
771 3.99795980454e-05
772 1.68302790984e-05
773 -2.50120867947e-05
774 4.61845944371e-05
775 -2.71790451985e-05
776 -4.74752137636e-05
777 4.49775588256e-05
778 2.92325378502e-05
779 1.63509541381e-05
780 3.80079876611e-06
781 1.30727574335e-05
782 -3.91480435821e-05
783 -4.9615734571e-06
784 -8.71107495311e-05
785 1.38910817653e-05
786 7.15451748392e-06
787 2.73460357681e-05
788 1.31844805628e-05
789 -7.09017292373e-06
790 2.36525070579e-05
791 -3.13043178822e-05
792 -2.43588681436e-06
793 -2.10175490748e-05
794 1.07484865129e-06
795 1.31753754588e-05
796 2.03955590745e-05
797 9.00278450041e-06
798 3.20934365504e-06
799 4.95694152933e-05
800 -3.01954866416e-05
801 7.94767563901e-07
802 6.30243090037e-06
803 -5.62640526141e-05
804 5.68202679005e-05
805 -1.55018953577e-05
806 -3.66960020595e-05
807 4.16544839377e-05
808 2.89054440562e-05
809 -7.25018287649e-05
810 -1.27741556618e-05
811 3.55060662474e-05
812 5.00770399247e-05
813 -6.31079155412e-05
814 -2.02263575433e-05
815 2.94246741388e-05
816 1.0102325428e-05
817 -5.09829362584e-05
818 -6.00969340999e-05
819 5.81632182189e-05
820 -8.33177183442e-06
821 -4.79822983303e-05
822 -1.90324722923e-05
823 1.8144459135e-05
824 4.69225167075e-05
825 -3.30030090379e-05
826 1.43079756623e-05
827 5.91970365764e-05
828 -3.46073710082e-05
829 -5.42365954266e-05
830 2.86616701127e-05
831 5.93532703891e-06
832 -1.92239197321e-05
833 5.94659027836e-05
834 -1.07027388357e-06
835 -1.53631687787e-05
836 -2.66745914446e-05
837 -4.86192768092e-05
838 4.94357360983e-05
839 1.47159929501e-05
840 6.05041922188e-06
841 8.00588428433e-06
842 6.61362377957e-06
843 -6.46780482842e-05
844 -2.21466434357e-05
845 -6.1226919756e-05
846 1.4051785623e-05
847 -4.78764443126e-05
848 4.38505245179e-05
849 -2.69463494155e-06
850 -4.59261108421e-05
851 -7.65565773986e-06
852 -1.57038315545e-05
853 4.76889322663e-05
854 1.12350053886e-05
855 -2.43691408875e-05
856 5.904711092e-06
857 2.97344175208e-05
858 3.37787572436e-05
859 -4.46717532273e-05
860 2.39685398176e-05
861 3.16541756036e-05
862 -4.51435515805e-05
863 -3.62509593006e-05
864 -9.34373385651e-06
865 2.21872091e-06
866 1.37814938094e-05
867 -2.13485685845e-05
868 -2.1496890657e-05
869 3.60250139324e-05
870 4.52236730021e-06
871 -1.6597013373e-05
872 1.97307738531e-05
873 -1.25713531296e-05
874 5.16086715593e-05
875 -1.67348556408e-05
876 2.25536688268e-05
877 1.75441999104e-05
878 -2.50253564503e-05
879 7.81426501973e-06
880 2.74719505352e-05
881 1.65147916678e-05
882 -5.77034931581e-06
883 -2.94333517276e-05
884 -2.3705455882e-06
885 1.11709292425e-05
886 3.93237845455e-05
887 2.11208987293e-05
888 4.34664268652e-06
889 2.19669261402e-05
890 -1.23691108917e-05
891 3.37610940743e-05
892 -1.72292461208e-05
893 -2.89296361295e-06
894 -2.02664722818e-05
895 7.21510514861e-06
896 -1.65615148671e-05
897 3.94567182923e-05
898 1.12770796002e-05
899 3.9847116162e-05
900 4.30119554985e-06
901 7.48430261736e-05
902 1.34960801797e-05
903 -2.74461303915e-05
904 -2.52627711549e-05
905 -5.95507828653e-06
906 3.22541868844e-05
907 -1.71500895007e-05
908 -8.67738035826e-06
909 -7.2845420052e-06
910 -8.71753935836e-08
911 2.29758917622e-05
912 -1.03596449054e-05
913 3.77025476087e-05
914 7.98109571608e-06
915 4.01188474605e-06
916 4.92534190303e-06
917 -3.81433393953e-06
918 -1.00406248928e-06
919 4.73211524193e-06
920 9.78884664809e-06
921 2.1150981533e-05
922 -2.44584774404e-07
923 -1.62495784071e-05
924 -3.88542949186e-06
925 -1.97575351663e-05
926 1.93143062204e-05
927 -2.96799890965e-05
928 3.62500358381e-06
929 2.10324867454e-05
930 9.1668979287e-06
931 1.71760746936e-05
932 -2.68360460406e-05
933 3.47709656143e-06
934 4.62055441039e-06
935 7.13607359515e-06
936 8.67523332843e-06
937 -1.40274433857e-05
938 -2.55101696575e-05
939 -6.71379517635e-07
940 -1.65320897351e-05
941 7.63917554397e-06
942 -9.77895727424e-06
943 -8.72331819081e-06
944 1.63593261366e-05
945 1.49943347911e-05
946 -3.15641339984e-06
947 -1.39573034633e-05
948 -1.37144753659e-05
949 8.22704922095e-06
950 1.59024394075e-05
951 -5.76052236296e-06
952 1.60877288341e-05
953 -2.42136665562e-05
954 -1.00651150528e-05
955 9.54934928412e-06
956 -4.33230282159e-06
957 -3.95987535278e-06
958 2.11817202906e-06
959 1.24789285838e-05
960 1.13982373235e-07
961 -1.39925681302e-05
962 7.30176429669e-07
963 -9.34633978777e-06
964 5.9356292389e-06
965 -2.49963029506e-06
966 5.05961310113e-06
967 -4.4045757396e-06
968 3.66666773322e-05
969 4.6010010269e-05
970 -2.57213088146e-05
971 -1.38120805139e-05
972 1.32987600526e-05
973 1.30259462474e-06
974 4.22122614056e-06
975 1.17866375102e-05
976 -1.11168083025e-05
977 -9.64392186283e-06
978 -1.42324720557e-06
979 -5.0297713376e-06
980 -1.66742947983e-05
981 2.59732929854e-06
982 -1.86810276763e-06
983 7.69440961385e-06
984 -8.7264992625e-06
985 5.47676469069e-06
986 -9.86871637695e-06
987 -2.8941668615e-06
988 -5.07800656661e-06
989 2.33567375317e-05
990 -1.62125115767e-05
991 -6.99048246305e-07
992 -6.4560319079e-07
993 -4.08211430126e-06
994 1.00170340747e-05
995 1.55207923459e-05
996 -6.78690967154e-06
997 -8.92099773187e-06
998 5.0043213588e-06
999 -1.06129283687e-05
1000 -7.86477117862e-06
1001 6.63085607811e-06
1002 -7.0113931109e-06
1003 -5.51339341861e-06
1004 -9.32365448842e-07
1005 -6.34013288735e-06
1006 1.17552152287e-06
1007 -2.12717770139e-07
1008 -8.5135002715e-06
1009 -1.2734904261e-05
1010 -4.47096680745e-06
1011 -2.36878028465e-06
1012 5.07833633029e-06
1013 6.42531387934e-07
1014 -3.05176354287e-06
1015 -3.818754416e-06
1016 1.54603697514e-05
1017 -1.09408486766e-06
1018 -5.92133214364e-06
1019 -9.80091586649e-06
1020 -4.05382063716e-06
1021 -3.38888447391e-06
1022 0.0
1023 0.0
