7.08251485391e-05
0 -3.31263757263e-05
1 3.16929714506e-05
2 -5.88791882501e-05
3 -5.6432735694e-05
4 -5.71987629738e-05
5 3.71147040595e-05
6 3.43299248017e-06
7 2.88662275215e-05
8 -6.35743892762e-05
9 -1.88467650012e-07
10 -2.26254551428e-06
11 2.88329661346e-05
12 9.26166862458e-06
13 1.47904925814e-05
14 3.5851255305e-05
15 2.94953293529e-05
16 1.92595787571e-05
17 5.49293715522e-05
18 1.60753368261e-05
19 1.73384521194e-05
20 -1.39588950754e-06
21 -8.07418495634e-06
22 2.78027935304e-05
23 8.74990105707e-06
24 -7.06505889257e-06
25 2.7217157852e-05
26 1.13875635352e-05
27 1.48803842861e-06
28 -6.04556466436e-07
29 8.30398143278e-06
30 -3.2522497856e-05
31 -4.57297299137e-05
32 -4.76545859123e-07
33 -1.25953753645e-05
34 -2.76067540588e-05
35 -3.40562004308e-05
36 1.0433241527e-05
37 3.00444818507e-06
38 -2.80313096626e-05
39 2.49761539674e-07
40 1.32921710971e-05
41 3.7633591099e-05
42 -9.26952782517e-05
43 1.98385940443e-07
44 -1.85350714894e-05
45 -5.97196076728e-05
46 -1.03384271539e-05
47 -6.78932495569e-05
48 -6.81843761573e-05
49 -0.000154776796661
50 1.42040177204e-05
51 5.29009370936e-05
52 8.47777584401e-05
53 1.34568683747e-05
54 3.6476532997e-05
55 0.000115984392534
56 -8.63250147057e-05
57 0.000147010709441
58 0.00014186817637
59 9.90395861575e-05
60 0.000185196437618
61 6.25582666976e-05
62 8.03224949135e-05
63 -6.24827244263e-06
64 -2.71252381339e-05
65 8.2867494514e-05
66 8.35415898842e-05
67 -0.000152386506792
68 2.45720462968e-05
69 -5.2354488186e-06
70 3.74072031965e-05
71 0.000100696848722
72 3.99506133235e-05
73 -1.8512606248e-05
74 -0.000210423514718
75 9.18958250728e-05
76 0.000220809757426
77 2.73439437513e-05
78 3.65632198731e-05
79 0.000118674177768
80 -5.01911553858e-05
81 -0.000133158903353
82 -0.000165541893802
83 -0.000166124033668
84 -5.39007680537e-05
85 -0.000105187287233
86 3.66719374696e-05
87 -2.54701784235e-05
88 -2.34452355734e-05
89 -0.000203195522707
90 -0.000199462932134
91 -0.000169389877018
92 8.92222492074e-05
93 0.000413410145811
94 0.000201122945444
95 0.000252196220337
96 0.000226879706785
97 -2.43310701898e-05
98 0.00014070198633
99 0.000358815800449
100 3.33722513901e-05
101 -5.27961185946e-05
102 2.6746339365e-06
103 9.66258943448e-05
104 0.000257644870506
105 7.7474881526e-05
106 0.000420454659923
107 0.00061744918735
108 0.000113833592875
109 9.24252218237e-05
110 0.000127734696024
111 0.000201667739061
112 7.99930941731e-05
113 3.98753115856e-05
114 0.000256875217447
115 0.000275245008682
116 0.000210643397114
117 0.000341380604316
118 0.000118541913303
119 0.00049816920114
120 0.000287101948552
121 -1.33167792375e-05
122 0.000121628513584
123 0.000302007143087
124 0.000248067048676
125 0.000156228984083
126 7.51444180152e-05
127 0.000166142752051
128 0.000309393426312
129 9.1403655338e-05
130 0.000230492065482
131 0.000380633344853
132 0.000297409937969
133 6.24320702786e-05
134 0.000419774187536
135 0.000201981777251
136 0.000300642529941
137 -4.90655952828e-05
138 7.01622116299e-05
139 -0.000102476951379
140 7.08319217428e-05
141 5.76942153368e-05
142 0.000246971975606
143 0.000103602924643
144 0.00012756869061
145 -9.9252752639e-05
146 0.000365857558982
147 0.000186105386799
148 1.36738220347e-05
149 -0.000146446358424
150 -2.60519580614e-05
151 -0.000180950504484
152 6.61463439082e-05
153 0.000178689962995
154 9.64760345008e-05
155 -0.000113576198287
156 -9.71248026574e-05
157 0.000134395412087
158 -3.6461486295e-05
159 -6.46006887642e-05
160 -0.000258734625851
161 5.69842210712e-05
162 -0.000105555861378
163 -1.30215915289e-05
164 -0.000128191988999
165 -0.000117370987807
166 7.24712637702e-05
167 -0.000386367778989
168 9.05368577523e-05
169 -0.000232180279112
170 -0.000155260908994
171 0.000151219119993
172 -0.00022761646423
173 -0.000302278734527
174 -0.000181153759546
175 -0.000191483473424
176 -0.000132892742816
177 -0.000226420838638
178 0.000117250154522
179 0.000238073125619
180 -0.000233857885855
181 -0.000409319051826
182 -1.14081300309e-05
183 -0.000365988210556
184 -0.000250892914845
185 5.82226427275e-05
186 -0.000124185332067
187 -0.000279338363611
188 -6.58108723686e-05
189 4.47528085661e-05
190 0.000110939194219
191 -8.28740295907e-05
192 -7.95105902185e-05
193 4.15329757304e-05
194 -5.60326755203e-05
195 -0.000383480849989
196 3.48958513644e-05
197 3.86746522593e-05
198 0.000208078545485
199 3.64631947839e-05
200 -5.67782329599e-05
201 -7.70567558204e-05
202 -5.28103531229e-05
203 -0.00025195142093
204 -4.86272784122e-05
205 9.57611579516e-05
206 0.000274074942046
207 -9.22987473426e-05
208 -0.000163218132539
209 -8.71542830307e-05
210 0.000137189645658
211 -0.000135345560978
212 -2.5425713469e-05
213 6.62210273877e-05
214 -0.000249877092324
215 -0.000266233299187
216 -0.000131257365615
217 6.59453561728e-05
218 3.70514526667e-05
219 6.98089120256e-05
220 -3.69279893132e-05
221 -0.000232614072161
222 -9.73674691035e-05
223 2.6357221946e-05
224 -7.46896344153e-05
225 2.50059958915e-05
226 0.000533661169256
227 0.000286023415348
228 -7.16261893411e-05
229 -0.000687948228262
230 0.000288167182931
231 -0.000538588987007
232 -0.00030739851804
233 0.000168525854655
234 -9.34508241531e-05
235 -1.33586677005e-05
236 -0.000172391792478
237 0.000522999130806
238 2.33811492094e-05
239 0.000159998424087
240 0.000160687190934
241 0.000174774763035
242 0.000135014963791
243 -0.000157025491013
244 -9.4572446085e-05
245 2.63029828054e-05
246 -7.38927987673e-05
247 -0.000159854558965
248 -4.24804121579e-05
249 -7.41635882474e-05
250 4.68184070542e-06
251 -5.64714012844e-05
252 -0.000155099844838
253 -0.000141652501604
254 -2.93501875103e-05
255 8.89302323132e-05
256 -6.04211397034e-05
257 6.4542904366e-05
258 -0.000101080143778
259 -7.55925619585e-05
260 -7.85107318841e-05
261 -8.48885444541e-05
262 -3.35361886599e-05
263 9.44428468746e-06
264 -8.33915604493e-05
265 -9.67160748117e-05
266 -0.000142429956919
267 6.55285885117e-05
268 -9.56814292915e-06
269 -7.80600541341e-05
270 2.33318816736e-05
271 0.000151243135762
272 9.09522199847e-05
273 0.000266830119655
274 -3.45336175512e-05
275 0.000294551148475
276 -0.000151632972249
277 0.000100203549105
278 -7.31317377486e-05
279 0.000165505706149
280 0.000250891866536
281 -0.000266699332519
282 8.1549873584e-05
283 -0.000235908105862
284 -2.15839171468e-05
285 0.000173639486982
286 0.000265295218492
287 -0.000139441299322
288 8.21204305025e-05
289 -0.00020114612316
290 -0.00014867587043
291 -0.000191839113442
292 -2.74801785533e-05
293 -0.000113373107063
294 4.50949693877e-07
295 -0.000154054122008
296 -0.000111291189546
297 -0.000227016746543
298 -0.000142371297037
299 0.00010037992622
300 1.85243709568e-05
301 -0.000128165594107
302 -3.36858479706e-05
303 -0.000140243034477
304 -0.00015080128333
305 -1.99575780423e-05
306 7.10388717081e-05
307 -2.88204452492e-05
308 -3.01133257241e-05
309 -9.667332463e-05
310 0.000107712288718
311 -2.75444408902e-05
312 -7.42844660993e-05
313 -2.87767258503e-05
314 0.000159536310778
315 4.95801967162e-05
316 -6.35724818914e-05
317 -0.000102358727868
318 3.52549910678e-05
319 5.12652374134e-05
320 6.13804747518e-05
321 -9.83715509606e-05
322 4.30473633907e-05
323 7.45817506575e-05
324 6.55865609835e-06
325 -4.75827356031e-05
326 -0.000245621631767
327 4.87339801931e-05
328 -0.000137839603915
329 -0.000142036958623
330 -0.000103982543541
331 -0.000134350222855
332 -0.000227124456778
333 0.000107024365267
334 -5.08143875643e-05
335 -0.00014152811791
336 -6.76814834359e-05
337 -8.54497915985e-05
338 2.7470552222e-05
339 -0.000234547827875
340 -0.000126306455792
341 -0.000117297728005
342 -0.000114742025173
343 2.28374037853e-05
344 -0.000141405353398
345 -0.000147670534837
346 0.000107934802312
347 1.89337932565e-05
348 1.52854505066e-05
349 1.04971784663e-05
350 -5.17289081735e-05
351 0.000106031449158
352 -0.000184118964078
353 -0.000109417778088
354 0.000144040202197
355 -4.90228250696e-05
356 -0.000143605174293
357 -8.28320879936e-05
358 3.85378927955e-05
359 -2.56359824701e-05
360 -3.42275769135e-05
361 -0.000124507912926
362 -7.915786547e-05
363 -6.09067141112e-06
364 -7.09711475205e-05
365 2.519677954e-05
366 5.16882085653e-05
367 -0.000127508568241
368 5.50687628803e-06
369 -1.62105654946e-05
370 1.65588820782e-05
371 -1.54042780117e-05
372 -8.39920737366e-06
373 -4.35136592384e-05
374 -4.67386875662e-05
375 -3.00505168973e-05
376 1.24116853454e-05
377 5.30051112744e-05
378 8.91057885049e-05
379 -2.67631105708e-05
380 -1.55224158237e-05
381 0.000110062456766
382 9.42540046397e-05
383 -1.0058144564e-05
384 0.000128911404062
385 7.61353760846e-05
386 -3.540480222e-05
387 1.87490542834e-05
388 0.000106339291933
389 5.67886558469e-05
390 2.26137844252e-05
391 -5.20022534369e-05
392 0.00010446256277
393 5.38603690056e-05
394 1.90875988687e-05
395 8.03445767412e-05
396 0.000100054589969
397 -2.35126324408e-05
398 4.22502606032e-05
399 -7.3849460609e-06
400 6.19045019002e-05
401 4.46362128714e-05
402 2.13658762754e-05
403 1.49821916182e-05
404 -2.68313531991e-05
405 9.78383650814e-05
406 9.7400539847e-05
407 1.71883884218e-07
408 4.02978772141e-05
409 3.61497151633e-05
410 1.18247591297e-05
411 -2.81354075136e-05
412 -3.46109006695e-05
413 1.59258816288e-05
414 6.94371563372e-06
415 -3.7274241997e-05
416 5.7146645719e-06
417 6.76299531432e-05
418 2.57511154759e-05
419 9.69958294143e-05
420 -1.99086089988e-05
421 -5.33071776065e-05
422 -3.55356063465e-05
423 -1.73764374039e-05
424 -1.50095913705e-05
425 -5.58487363e-05
426 1.77210490913e-05
427 -4.52728444548e-06
428 -1.37418080736e-05
429 -4.88451818262e-05
430 -3.81964054104e-05
431 -1.83862518411e-05
432 -5.7485637453e-06
433 1.01257756779e-05
434 4.37497815314e-06
435 8.53144340453e-06
436 6.10074447353e-05
437 -4.44297217818e-06
438 -3.53290220271e-05
439 -2.19180961815e-05
440 4.6768330687e-06
441 5.69110660933e-06
442 6.28768928383e-06
443 -4.73280013466e-06
444 2.34571626111e-06
445 -1.32064633181e-05
446 -5.03226484005e-06
447 2.49801909127e-05
448 -4.87170919038e-07
449 -9.78617809776e-06
450 1.31246939957e-05
451 4.91996381236e-06
452 1.65341929576e-05
453 1.67522576631e-05
454 1.47709865159e-05
455 2.2899524031e-05
456 -1.08044124204e-05
457 1.29404037567e-05
458 1.36174296305e-05
459 7.03447648689e-06
460 -8.24212801257e-07
461 -6.52362048154e-07
462 -4.14241608143e-06
463 -1.62551294566e-05
464 -9.48370191928e-06
465 -4.08575124062e-06
466 1.16185246378e-06
467 -3.50503953749e-06
468 1.32431487411e-06
469 -9.33417434895e-07
470 -7.5050418933e-06
471 3.36189824281e-06
472 -9.66056312908e-07
473 -1.96190953688e-06
474 -2.26681057199e-06
475 -1.26345074241e-06
476 3.84982181971e-07
477 -1.49288966017e-06
478 -2.65903997277e-06
479 -1.16320708346e-06
480 -1.43514117633e-06
481 -3.77432584637e-06
482 -2.18760104059e-06
483 9.51330572016e-07
484 1.08461713799e-06
485 1.31042316184e-06
486 1.18217433866e-06
487 2.31418803849e-06
488 -5.71583156703e-07
489 9.18428341578e-07
490 2.3815791329e-06
491 -4.18674840183e-07
492 5.7937851686e-07
493 1.11448955225e-06
494 4.40584487508e-07
495 2.42260730178e-06
496 4.16094658732e-07
497 6.16387412221e-07
498 1.35073272349e-06
499 6.69205903404e-07
500 5.48892575983e-07
501 4.41486479397e-07
502 3.31492535607e-07
503 -9.31232301586e-08
504 -1.35066798386e-06
505 6.78215497926e-07
506 1.06436419348e-07
507 5.16019392865e-07
508 -5.09598140418e-07
509 -8.45033400016e-07
510 -3.45096385022e-07
511 1.16006707445e-07
512 0.0
513 9.72346721155e-08
514 -3.61285007744e-07
515 -5.19419037973e-07
516 -7.01969908718e-07
517 5.69376977819e-07
518 6.31988701663e-08
519 6.20017710068e-07
520 -1.56066092271e-06
521 -5.20790371167e-09
522 -6.94350840137e-08
523 9.73413166793e-07
524 3.41132829126e-07
525 5.90210605587e-07
526 1.54082125238e-06
527 1.35831009937e-06
528 9.46164525796e-07
529 2.86746214452e-06
530 8.88635829501e-07
531 1.01182596028e-06
532 -8.57552561043e-08
533 -5.20914489574e-07
534 1.87941195767e-06
535 6.18444370342e-07
536 -5.21156479188e-07
537 2.09163379677e-06
538 9.10278999022e-07
539 1.23543362797e-07
540 -5.2059370341e-08
541 7.40765903097e-07
542 -3.00181042381e-06
543 -4.36236491338e-06
544 -4.69367746763e-08
545 -1.27957216395e-06
546 -2.89016420094e-06
547 -3.67103016328e-06
548 1.15702419243e-06
549 3.42523626814e-07
550 -3.28284051539e-06
551 3.00300601984e-08
552 1.6394329917e-06
553 4.75891608286e-06
554 -1.20107395081e-05
555 2.6320490755e-08
556 -2.51736925373e-06
557 -8.29757319163e-06
558 -1.46879433523e-06
559 -9.85823403178e-06
560 -1.01141948407e-05
561 -2.34444900634e-05
562 2.19612557449e-06
563 8.34541738267e-06
564 1.36408604312e-05
565 2.2076001041e-06
566 6.09896957085e-06
567 1.97588507081e-05
568 -1.49788091974e-05
569 2.59736264127e-05
570 2.55141333108e-05
571 1.81255164723e-05
572 3.44808743016e-05
573 1.18461297813e-05
574 1.54654056329e-05
575 -1.22294345385e-06
576 -5.39554479545e-06
577 1.67478231531e-05
578 1.71509951431e-05
579 -3.17723156101e-05
580 5.20194265914e-06
581 -1.1251419381e-06
582 8.15929946383e-06
583 2.22879404239e-05
584 8.97121639248e-06
585 -4.21684854828e-06
586 -4.8610313064e-05
587 2.1526211732e-05
588 5.24388835928e-05
589 6.58245078518e-06
590 8.92054282042e-06
591 2.93397009718e-05
592 -1.25722310398e-05
593 -3.37890595142e-05
594 -4.25472474639e-05
595 -4.32406255033e-05
596 -1.42066152126e-05
597 -2.80695771621e-05
598 9.90664817876e-06
599 -6.9644976763e-06
600 -6.48816700676e-06
601 -5.69034870563e-05
602 -5.65186987817e-05
603 -4.85592706047e-05
604 2.58739733179e-05
605 0.000121262939725
606 5.96648287915e-05
607 7.56587426975e-05
608 6.88231995227e-05
609 -7.46234697121e-06
610 4.36260306738e-05
611 0.000112462178545
612 1.05722745033e-05
613 -1.69041387606e-05
614 8.65416509496e-07
615 3.15924202513e-05
616 8.51143726024e-05
617 2.58581436367e-05
618 0.000141766736175
619 0.000210300197583
620 3.91613198439e-05
621 3.21138123513e-05
622 4.48220185091e-05
623 7.14607122712e-05
624 2.8621986313e-05
625 1.44057689724e-05
626 9.36933067939e-05
627 0.000101351410931
628 7.82983443475e-05
629 0.000128088147896
630 4.48930349141e-05
631 0.000190411361259
632 0.000110747445165
633 -5.18383242936e-06
634 4.77766883825e-05
635 0.000119701727257
636 9.92040422069e-05
637 6.30338939498e-05
638 3.05870073859e-05
639 6.82221623435e-05
640 0.000128154954197
641 3.81895901606e-05
642 9.71341251319e-05
643 0.000161783698001
644 0.00012748926619
645 2.6989486452e-05
646 0.000182999618897
647 8.879193634e-05
648 0.000133265666787
649 -2.19296388182e-05
650 3.16172787219e-05
651 -4.65580735325e-05
652 3.24434112123e-05
653 2.66403369529e-05
654 0.000114959996083
655 4.86121376008e-05
656 6.03355055642e-05
657 -4.73162212079e-05
658 0.000175792803452
659 9.01265748004e-05
660 6.67378585937e-06
661 -7.20332582689e-05
662 -1.29137133219e-05
663 -9.03880887484e-05
664 3.32952710331e-05
665 9.06331441837e-05
666 4.93062184023e-05
667 -5.84857879276e-05
668 -5.03917696942e-05
669 7.02532184186e-05
670 -1.92023617247e-05
671 -3.42753948159e-05
672 -0.000138296538732
673 3.06838484601e-05
674 -5.72562671543e-05
675 -7.1150427433e-06
676 -7.05561059283e-05
677 -6.50702607214e-05
678 4.04691070169e-05
679 -0.000217311598823
680 5.12885018046e-05
681 -0.000132471058641
682 -8.92170192854e-05
683 8.75127106521e-05
684 -0.000132658820661
685 -0.000177417913004
686 -0.000107074032411
687 -0.000113973729756
688 -7.96528428158e-05
689 -0.000136657378373
690 7.12585629629e-05
691 0.000145690543375
692 -0.000144099002311
693 -0.000253950859833
694 -7.12642625892e-06
695 -0.000230189424874
696 -0.000158876185783
697 3.71198288951e-05
698 -7.97112209486e-05
699 -0.000180512244808
700 -4.28146693174e-05
701 2.93106947985e-05
702 7.3146582125e-05
703 -5.50076330994e-05
704 -5.31272704304e-05
705 2.79361333469e-05
706 -3.79392070643e-05
707 -0.000261370758668
708 2.39412367647e-05
709 2.67086620705e-05
710 0.000144643600029
711 2.5513285162e-05
712 -3.99877400368e-05
713 -5.4623924032e-05
714 -3.76801221987e-05
715 -0.000180936086846
716 -3.51477608454e-05
717 6.96643667249e-05
718 0.000200672891407
719 -6.80154898255e-05
720 -0.000121050827269
721 -6.50534252734e-05
722 0.000103057562624
723 -0.000102323328017
724 -1.93450971082e-05
725 5.07056744403e-05
726 -0.00019255070799
727 -0.000206459394449
728 -0.000102434255355
729 5.17905863806e-05
730 2.92828041932e-05
731 5.5520750642e-05
732 -2.95551543217e-05
733 -0.000187345280317
734 -7.89125846882e-05
735 2.1495833243e-05
736 -6.12961992425e-05
737 2.06506041372e-05
738 0.000443472132756
739 0.000239172581839
740 -6.0268134559e-05
741 -0.00058247168841
742 0.000245507076178
743 -0.000461715778047
744 -0.00026516378554
745 0.000146275544229
746 -8.16166438251e-05
747 -1.17394370029e-05
748 -0.000152435577566
749 0.000465323226344
750 2.09315601711e-05
751 0.000144122494074
752 0.000145638385706
753 0.000159386011027
754 0.000123887862271
755 -0.000144974295848
756 -8.78533153386e-05
757 2.45849851024e-05
758 -6.94924109725e-05
759 -0.000151261937929
760 -4.04447139659e-05
761 -7.10446479556e-05
762 4.51257286197e-06
763 -5.47649328655e-05
764 -0.00015133907628
765 -0.00013906870019
766 -2.89921990985e-05
767 8.83862286611e-05
768 -6.04211397034e-05
769 6.49401540667e-05
770 -0.000102328252022
771 -7.69970116844e-05
772 -8.04617255885e-05
773 -8.75336685569e-05
774 -3.47941350687e-05
775 9.85890543675e-06
776 -8.75888989462e-05
777 -0.000102210160321
778 -0.000151448880543
779 7.01077273545e-05
780 -1.02999289716e-05
781 -8.45489116976e-05
782 2.54274564321e-05
783 0.00016584569116
784 0.000100350310757
785 0.000296223010681
786 -3.85750275797e-05
787 0.000331060184249
788 -0.000171484108972
789 0.000114024812465
790 -8.37356350453e-05
791 0.000190681164384
792 0.000290853396661
793 -0.000311103349597
794 9.57202474992e-05
795 -0.000278627385353
796 -2.5651606464e-05
797 0.000207653230913
798 0.000319248371665
799 -0.000168850690794
800 0.000100064038711
801 -0.000246636377725
802 -0.000183445918313
803 -0.000238193770678
804 -3.43353950119e-05
805 -0.00014254947656
806 5.70603261179e-07
807 -0.00019615834323
808 -0.00014260648044
809 -0.000292742400402
810 -0.000184758209382
811 0.000131095034311
812 2.43469979096e-05
813 -0.000169527749996
814 -4.48424115509e-05
815 -0.000187888357086
816 -0.000203332001717
817 -2.70829472046e-05
818 9.70234429504e-05
819 -3.96168124675e-05
820 -4.16620960583e-05
821 -0.000134616496165
822 0.000150963513894
823 -3.8856334645e-05
824 -0.000105475830783
825 -4.11272528945e-05
826 0.000229502592844
827 7.17930698327e-05
828 -9.26608360959e-05
829 -0.000150179817265
830 5.20683491115e-05
831 7.62166139506e-05
832 9.18623692353e-05
833 -0.000148205714379
834 6.5288621219e-05
835 0.000113874548844
836 1.00813728962e-05
837 -7.36331405384e-05
838 -0.000382663866586
839 7.64395214819e-05
840 -0.000217672535265
841 -0.000225830761288
842 -0.000166457350541
843 -0.000216546253658
844 -0.000368599668118
845 0.000174888682719
846 -8.36109378308e-05
847 -0.000234490938252
848 -0.000112919724321
849 -0.000143561359738
850 4.64761984469e-05
851 -0.000399614791982
852 -0.000216717044912
853 -0.000202686655996
854 -0.000199681077574
855 4.00268092759e-05
856 -0.000249615355378
857 -0.000262549904978
858 0.000193287452576
859 3.41519774396e-05
860 2.77718239081e-05
861 1.92114071648e-05
862 -9.53658030307e-05
863 0.00019691533519
864 -0.000344462365877
865 -0.000206225646898
866 0.000273503820953
867 -9.37813442794e-05
868 -0.000276783783498
869 -0.000160855364953
870 7.54059718181e-05
871 -5.05432317056e-05
872 -6.79985077298e-05
873 -0.00024925595558
874 -0.00015969207203
875 -1.23825712511e-05
876 -0.00014541175198
877 5.20296849695e-05
878 0.000107572788285
879 -0.000267468060075
880 1.16433142078e-05
881 -3.45482040175e-05
882 3.55739306484e-05
883 -3.33606001225e-05
884 -1.83375280948e-05
885 -9.57760264431e-05
886 -0.000103718269266
887 -6.72353177482e-05
888 2.80003017985e-05
889 0.000120574767379
890 0.000204395560409
891 -6.19084276211e-05
892 -3.62110623777e-05
893 0.000258947244023
894 0.000223657763872
895 -2.40733348496e-05
896 0.000311219640328
897 0.000185413942856
898 -8.69804708988e-05
899 4.64693766252e-05
900 0.000265909243512
901 0.000143277621806
902 5.75695072639e-05
903 -0.000133588752866
904 0.000270809003204
905 0.000140913734963
906 5.04015970009e-05
907 0.000214134420693
908 0.000269173471022
909 -6.38544042286e-05
910 0.000115835834738
911 -2.0441612316e-05
912 0.000173011500221
913 0.000125966914171
914 6.0888909445e-05
915 4.31195245615e-05
916 -7.7993005177e-05
917 0.000287257047993
918 0.000288872487688
919 5.14990916888e-07
920 0.000121983402742
921 0.00011056445588
922 3.6545389394e-05
923 -8.78743556088e-05
924 -0.000109252099816
925 5.08122749294e-05
926 2.23947555231e-05
927 -0.000121533203408
928 1.88387221708e-05
929 0.000225433545348
930 8.68038818123e-05
931 0.000330678608507
932 -6.86516109551e-05
933 -0.000185952067034
934 -0.000125410448123
935 -6.20491645949e-05
936 -5.42376805747e-05
937 -0.000204247050081
938 6.5598871454e-05
939 -1.69654189636e-05
940 -5.21372967406e-05
941 -0.000187655882413
942 -0.000148613762445
943 -7.24581689287e-05
944 -2.294956887e-05
945 4.095707833e-05
946 1.79320255763e-05
947 3.54401850288e-05
948 0.000256890270549
949 -1.89671744139e-05
950 -0.000152931673849
951 -9.62238259419e-05
952 2.08268555606e-05
953 2.57123859219e-05
954 2.88266355708e-05
955 -2.20223343615e-05
956 1.1080294779e-05
957 -6.33408886512e-05
958 -2.45119128098e-05
959 0.000123600889746
960 -2.44917044665e-06
961 -4.99996561154e-05
962 6.81655717831e-05
963 2.59818499637e-05
964 8.88049485404e-05
965 9.15359409053e-05
966 8.21322369572e-05
967 0.000129611250547
968 -6.226737111e-05
969 7.59601313677e-05
970 8.14427540947e-05
971 4.28799950537e-05
972 -5.12245436444e-06
973 -4.13529671648e-06
974 -2.67921847277e-05
975 -0.000107313737694
976 -6.39339237942e-05
977 -2.81384156705e-05
978 8.17802834195e-06
979 -2.522660219e-05
980 9.75080629998e-06
981 -7.03442627154e-06
982 -5.79216902939e-05
983 2.65858864626e-05
984 -7.8326180339e-06
985 -1.63187020714e-05
986 -1.93556564917e-05
987 -1.10824360338e-05
988 3.47148472466e-06
989 -1.38495410596e-05
990 -2.53989675233e-05
991 -1.14500079373e-05
992 -1.4571279607e-05
993 -3.95653822841e-05
994 -2.37010487796e-05
995 1.06643516688e-05
996 1.259495434e-05
997 1.57835158395e-05
998 1.47889129982e-05
999 3.01131295469e-05
1000 -7.7488824014e-06
1001 1.2993939049e-05
1002 3.52316505207e-05
1003 -6.48939408107e-06
1004 9.43058271186e-06
1005 1.90975904501e-05
1006 7.97017149882e-06
1007 4.64077973648e-05
1008 8.46987086509e-06
1009 1.33845765242e-05
1010 3.14284889892e-05
1011 1.67700494298e-05
1012 1.49023865035e-05
1013 1.30771379064e-05
1014 1.08017627615e-05
1015 -3.37174109174e-06
1016 -5.50201443405e-05
1017 3.15754912618e-05
1018 5.78173399968e-06
1019 3.36366020674e-05
1020 -4.15243755287e-05
1021 -9.18106929837e-05
1022 -5.62412342122e-05
1023 3.78117304806e-05
