3.72188634461
0 0.0
1 0.0
2 0.0
3 0.00158318860102
4 0.00339048379372
5 0.000612825281914
6 -0.000137308596817
7 4.97424568318e-06
8 0.00101466297977
9 0.00104498098436
10 -1.33420484593e-05
11 9.36568546436e-05
12 0.000402383775133
13 0.000837903943995
14 0.00190721926095
15 -0.000269508568687
16 0.000770651305262
17 0.000150767096366
18 0.000176708812672
19 -0.000225394319377
20 -8.36086144993e-05
21 0.000206531481057
22 -0.000129075273425
23 0.000444703349049
24 -0.00039535879519
25 -6.8185795316e-05
26 0.000563527498202
27 3.45750009537e-05
28 -0.00031738137913
29 -0.000101332536551
30 0.000426154323832
31 2.38552624759e-05
32 -0.000163150258261
33 -0.000222985883749
34 -6.57981222465e-05
35 0.000499388194439
36 0.00030085394138
37 0.000199937792349
38 -0.000139273685783
39 -0.000143441367574
40 0.000112162679628
41 4.48782994772e-05
42 3.94717663385e-05
43 3.12520042524e-05
44 -1.72278440745e-05
45 1.86443058571e-05
46 1.70599326664e-05
47 5.55492804218e-05
48 -3.32395430003e-06
49 -4.54832006789e-05
50 6.833098908e-05
51 -3.01996684487e-05
52 -8.36494736806e-06
53 2.02325351564e-05
54 -3.92128975405e-06
55 -1.84580054252e-05
56 -1.97048626439e-05
57 6.38852770929e-05
58 0.000100272164376
59 -2.10863813781e-05
60 4.56537527767e-06
61 -2.34195794271e-05
62 -1.30794911599e-05
63 3.11087465285e-05
64 1.85109740147e-05
65 -6.20501876827e-06
66 -4.15021340795e-05
67 -1.75110760792e-05
68 -4.70504575457e-05
69 1.79393057901e-05
70 -3.53133799978e-06
71 6.96297550971e-06
72 -4.36399596547e-06
73 3.07368098915e-05
74 -6.83225611979e-05
75 4.79931455008e-05
76 1.0411720021e-05
77 -2.43767287632e-05
78 9.92710706388e-05
79 3.09642671443e-05
80 1.39980163023e-05
81 -3.00164256377e-06
82 3.16651359288e-05
83 -0.00018112738096
84 0.000152485634724
85 -4.3459779964e-05
86 -0.000143656810177
87 4.50847266613e-05
88 0.000137931980595
89 -6.11014766584e-06
90 -0.000111357253827
91 -0.000110471896379
92 5.96911662136e-06
93 -6.98390489515e-05
94 0.00011909065916
95 -1.33033639359e-05
96 -0.000206106317627
97 0.000102921372919
98 -6.24739361308e-05
99 0.000105667660528
100 -4.17747586221e-05
101 1.23627290361e-05
102 5.07265421805e-06
103 -2.8880401622e-05
104 7.89269445838e-05
105 0.000138019020232
106 -6.22223636572e-05
107 -2.56520073968e-05
108 9.97286743573e-05
109 -5.45256816695e-05
110 0.00017282547867
111 0.000145500379184
112 0.000147925455546
113 -8.07162806673e-05
114 -8.1703314067e-05
115 -2.55175146849e-05
116 2.43301151924e-05
117 0.000116243333319
118 -4.72811358986e-06
119 -7.45295437923e-07
120 -7.45276158987e-05
121 -5.97650424336e-05
122 0.000241109772184
123 0.000103716277417
124 0.000113015665256
125 -3.15068336054e-05
126 4.37515888431e-05
127 -5.07306595431e-05
128 0.00010486572818
129 -1.64058254216e-05
130 -0.000128580114624
131 -2.5802087672e-05
132 0.000126936236979
133 -2.80537120196e-05
134 0.000117395781911
135 1.41692325769e-05
136 1.59495660194e-05
137 0.000112048960263
138 4.54964715927e-05
139 -4.80298743037e-05
140 -1.87797860462e-05
141 -7.30950395528e-06
142 0.000110368118875
143 7.9605023956e-05
144 -8.9495607145e-06
145 -0.000130033368162
146 -3.61771537131e-07
147 8.56240428434e-05
148 -1.93702827983e-05
149 0.000171232368979
150 -8.23146958695e-07
151 4.91919463348e-05
152 -1.58304531208e-05
153 -3.23563963857e-05
154 0.000164224277728
155 -0.000135801855306
156 -1.53566002966e-05
157 9.88593217724e-05
158 3.04649533783e-06
159 -6.05296796865e-05
160 -7.76026413403e-05
161 -0.000172635513812
162 -6.22970803467e-06
163 7.69057400555e-05
164 -0.000120558822975
165 0.000360875458001
166 -2.44322335689e-06
167 -7.04655737668e-05
168 5.31056827165e-05
169 -2.5120723401e-05
170 -0.000102434966264
171 -5.21124939874e-05
172 4.02733617435e-05
173 -0.00010253955088
174 3.51537327055e-05
175 0.000127363011745
176 5.62041226102e-05
177 -3.72355333041e-05
178 -0.000238822669325
179 -0.000130624618079
180 -9.46491735949e-05
181 0.000111032015755
182 4.47062557343e-05
183 0.000170025451506
184 -3.67257636988e-06
185 0.000296922641762
186 5.33243194352e-05
187 -2.23163615062e-05
188 -9.00770042792e-05
189 -6.15711353635e-06
190 9.08221634154e-05
191 -6.59945773583e-05
192 6.5902700405e-05
193 0.000122648559843
194 -0.000226223548307
195 -0.000146281309569
196 0.000165225919917
197 6.14807224994e-05
198 -8.35059839242e-05
199 0.000105134666144
200 -8.18579099624e-06
201 3.04847020885e-05
202 -7.20486819869e-05
203 0.000141976671019
204 0.000274051802988
205 -0.000103224450794
206 -0.000259357791173
207 1.45597440769e-05
208 5.57464642184e-05
209 -4.79290124914e-06
210 -0.00016003667052
211 9.2205545252e-05
212 6.78703809321e-05
213 7.69357111942e-06
214 -0.000110214602716
215 1.71493246847e-05
216 2.48793693614e-05
217 -3.96106783979e-05
218 -2.33938380243e-06
219 0.000154698670496
220 -0.000143134468888
221 4.52996277971e-05
222 -3.78014499305e-05
223 -4.42926904967e-05
224 7.64148360681e-05
225 -4.74860576363e-05
226 8.5279337348e-06
227 1.97326086496e-05
228 2.0150818983e-05
229 -1.2361766486e-05
230 -3.49557543954e-05
231 4.00872174878e-05
232 -5.38634537571e-05
233 6.54814835582e-05
234 -4.52880604278e-05
235 -5.12902913351e-05
236 -5.42549431091e-05
237 -3.05962401106e-05
238 0.000165311777088
239 -0.000131992438726
240 -2.09113327241e-05
241 -7.61533968254e-06
242 -2.39980690988e-05
243 0.000105433005803
244 2.9693959131e-05
245 -5.45447200515e-05
246 6.99522838016e-06
247 -2.90013931108e-05
248 -9.50848342538e-05
249 0.00012368987306
250 2.6049088082e-05
251 6.7332118166e-05
252 4.86799439693e-05
253 -0.000123357937865
254 3.46356492038e-05
255 -5.2558189312e-05
256 -2.44336122614e-05
257 5.43528834154e-05
258 -0.000129106123608
259 8.59408379484e-05
260 1.70405271477e-05
261 2.75952258807e-05
262 8.47820135421e-05
263 -8.45481478368e-05
264 -6.71979666319e-06
265 5.28420937753e-05
266 -0.000112587978765
267 -0.000137874229769
268 -5.03583115784e-05
269 4.2038161779e-05
270 0.000108495978079
271 0.000137700029965
272 9.42116752546e-05
273 0.000103885031857
274 9.22859649584e-05
275 3.98162670103e-08
276 -0.000114336937565
277 -4.35537714866e-05
278 -1.99164815433e-05
279 -3.62586594716e-05
280 -5.34117256922e-05
281 2.34602436501e-05
282 4.26278552852e-05
283 -9.89028466672e-06
284 -1.62449869509e-05
285 0.00010580370952
286 7.21806924072e-05
287 7.1320128098e-05
288 -2.24885725925e-05
289 8.80529182899e-05
290 6.35718655114e-05
291 -0.000109376244064
292 1.77414874115e-05
293 4.81967414576e-05
294 -0.000153859820576
295 0.000152815209939
296 -1.4109315563e-05
297 -0.000176012190929
298 0.000132922513107
299 0.000196377897039
300 6.09341161018e-05
301 -4.60052589477e-05
302 -1.44709914842e-05
303 -0.000104548005609
304 -8.5315800963e-05
305 6.28739925999e-05
306 0.000121077582368
307 4.20387849845e-05
308 -2.9001610231e-05
309 -2.62618315956e-05
310 -3.76768219476e-05
311 -4.50693190077e-05
312 4.64584539619e-05
313 2.86251795205e-07
314 -4.78236317779e-05
315 -2.50811826477e-05
316 8.79239195926e-06
317 -0.000166137373548
318 -6.3752028777e-05
319 1.66658650318e-05
320 9.82574817715e-05
321 -0.000124443905862
322 0.000147599486701
323 5.7644143954e-05
324 -2.58843361732e-05
325 -7.11143019648e-06
326 -6.10908695465e-05
327 -0.000112498546913
328 3.50783694953e-05
329 2.46426276361e-05
330 1.10706298576e-07
331 -5.46076603319e-05
332 3.86951980626e-05
333 7.634803724e-06
334 -6.99127267258e-05
335 4.11053374985e-05
336 -6.5327145845e-05
337 -6.70070943857e-05
338 -6.57658790315e-05
339 2.29252845484e-05
340 0.000153180810666
341 -0.000100995920299
342 -9.42378340602e-06
343 -0.000117699435983
344 7.58842019981e-05
345 2.21433763937e-05
346 4.72460955508e-05
347 0.00018371432316
348 -2.47244864018e-05
349 -2.51825111556e-05
350 2.35565447846e-05
351 7.85918978041e-05
352 -9.19113480949e-05
353 1.05160157322e-05
354 1.67317189962e-05
355 1.54976718619e-05
356 -9.62669569446e-05
357 -8.75947708245e-05
358 9.37734672215e-05
359 -2.61072692234e-06
360 -8.31553706128e-05
361 8.28349305634e-05
362 -2.36338235255e-06
363 -5.75198424092e-05
364 4.71310559327e-06
365 1.17158239944e-05
366 5.67226463407e-05
367 -3.97069739012e-05
368 -8.23892693277e-05
369 1.23125872882e-05
370 1.45278482812e-05
371 8.73909507562e-06
372 6.4006452029e-05
373 2.80145093928e-05
374 -1.04937499093e-05
375 1.80506244812e-06
376 -0.000100828201238
377 -6.03672557231e-06
378 2.71573054415e-05
379 1.82892084208e-05
380 -8.54983964715e-05
381 2.37357158434e-05
382 4.95308790669e-05
383 4.06904944479e-05
384 6.02291085392e-05
385 6.28855255632e-06
386 -5.26903055592e-05
387 -0.000167610652779
388 6.87452633336e-05
389 0.000129774671164
390 -0.00010169122386
391 0.000135297711594
392 -6.36439297476e-05
393 -0.000125601328977
394 0.00010703716384
395 8.94188161513e-05
396 -2.73282849814e-05
397 3.27392444835e-05
398 0.000122979466819
399 -0.000136534394947
400 8.55388205279e-05
401 -0.000103904233898
402 3.12728600406e-05
403 5.29003633216e-05
404 -4.20512071474e-06
405 8.05408839478e-05
406 -0.000174066519775
407 0.00013926428697
408 -8.71721211875e-05
409 5.8381039857e-05
410 -3.7952273993e-05
411 -0.000174442721378
412 -0.000144403432638
413 0.00018903683251
414 6.02107934536e-05
415 -0.000172668736997
416 2.73464510788e-05
417 6.09382517475e-05
418 -0.000184773902387
419 2.76071685528e-05
420 -4.29349924645e-05
421 -3.90890324688e-05
422 4.2832783381e-05
423 -4.4550967111e-05
424 -7.19219581546e-05
425 -0.000139071788926
426 3.51073444387e-05
427 -6.29859999132e-05
428 -7.51070113587e-05
429 9.58433352197e-05
430 5.45291053452e-05
431 0.000121874524828
432 -0.000192189839539
433 -3.11396075132e-05
434 3.48422628114e-05
435 9.70167290148e-05
436 6.27356490173e-05
437 -0.000238054102708
438 -0.000279443508905
439 3.64612330698e-05
440 -5.75296877686e-05
441 -8.25484808269e-05
442 0.000107617662546
443 1.92926785251e-05
444 -0.000148214118297
445 7.99258738638e-05
446 3.86476290942e-05
447 -2.22591008178e-05
448 5.42976941903e-06
449 0.000191424437439
450 3.54467998537e-05
451 2.09062964531e-05
452 -0.00024603201357
453 -0.000174938475897
454 -0.00019384736324
455 -3.47020991008e-05
456 0.000257606685738
457 8.04466313859e-05
458 8.18744925965e-05
459 -0.000420428620575
460 1.88914379332e-06
461 0.000799904921828
462 -0.00027204698426
463 -0.000182759539762
464 3.34955629028e-05
465 8.31626811805e-05
466 -0.000221159520443
467 -0.000371233993706
468 1.961047493e-05
469 0.000294641748269
470 -0.00029573514398
471 0.00025249319113
472 -3.61828851579e-05
473 0.000334070464522
474 -0.000178511920862
475 0.000142137280581
476 0.000150950618414
477 -0.000120154051766
478 -0.000402006265491
479 -0.000219246638381
480 -0.000293384324342
481 7.40114351926e-05
482 -2.79869346412e-05
483 0.000116875238351
484 -2.2621397427e-05
485 8.61568651003e-05
486 -0.000161585898093
487 5.97500050527e-05
488 -0.000191961256836
489 -0.000135656273779
490 3.99736804037e-05
491 0.000108994869335
492 0.000740953493906
493 0.000260951994411
494 0.000311976579434
495 9.51568262355e-05
496 3.55695404592e-05
497 -0.000292722142511
498 -0.00019684021855
499 0.000193559355259
500 -0.000172023714322
501 0.000244895429719
502 0.0004497350562
503 4.11334879926e-06
504 0.000472766868516
505 -0.00164563650042
506 -0.00170689756765
507 0.000224200657403
508 0.000293671843139
509 7.76034992405e-06
510 0.000197169673181
511 -0.000237228332674
512 -0.00024980082668
513 9.30718683556e-05
514 -2.73912894656e-05
515 0.000253064527737
516 0.000314735929573
517 -0.00148512781071
518 -0.00191841203576
519 0.000563003715038
520 -5.01971223111e-06
521 0.000443384802759
522 0.000259402316834
523 -0.000198449872006
524 0.000215252510632
525 -0.000209612583698
526 -0.00028166793885
527 -3.19234116978e-05
528 5.63339907297e-05
529 0.000353879477114
530 0.000289387999909
531 0.000747085050223
532 2.43148945011e-05
533 3.77699649426e-05
534 -8.31354099249e-05
535 -0.000205346371226
536 0.000109719301269
537 -0.000248120464004
538 0.000110015821564
539 -3.54673979794e-05
540 5.05072526398e-05
541 -0.000125426573086
542 0.000124276102261
543 -0.000203721619701
544 -0.000241684269024
545 -0.000480952076147
546 -0.000221779603243
547 8.13823990557e-05
548 0.0001725799925
549 -0.000246480643267
550 0.000281751120953
551 2.2126686684e-05
552 0.000324677186057
553 -0.000262186507629
554 0.000311102709408
555 3.94780977818e-05
556 -0.000516813169317
557 -0.000372587588704
558 6.58436649416e-05
559 7.91221220181e-05
560 -0.000231838243609
561 -0.000274592240435
562 0.000912535330242
563 1.13791413013e-05
564 -0.000515622717712
565 0.000194591671528
566 6.81791632793e-05
567 0.000297807366513
568 -1.91832370376e-05
569 -0.000219855505757
570 -0.00021737258838
571 -0.000326664678009
572 5.60735422582e-06
573 5.40250984437e-05
574 0.000309649080268
575 7.96710569103e-05
576 9.00430151845e-06
577 6.3035747897e-06
578 0.000115441306103
579 -0.000126507217525
580 1.94043398861e-05
581 0.000166133223549
582 -9.02158248343e-05
583 -0.000100097433232
584 4.61413266483e-05
585 -0.000384781818687
586 -0.000348900790131
587 8.76654872632e-05
588 0.000124460235033
589 1.69703743273e-05
590 1.38079602833e-06
591 -0.000299584666948
592 0.000106070977996
593 0.000101368941548
594 9.47081048115e-05
595 -0.000127014034897
596 -8.91259330814e-05
597 5.33716258315e-05
598 -0.000158600619184
599 -0.00010595861371
600 -4.89971731406e-06
601 5.8728890402e-05
602 -8.3745078775e-05
603 1.73854294512e-06
604 5.37031796029e-05
605 -0.000294541361626
606 5.7658361538e-05
607 4.57246781584e-05
608 -0.000199134749454
609 2.1728920417e-05
610 0.000267718976706
611 -0.000162433464667
612 -0.000265276832299
613 -3.97632368224e-05
614 8.66062904321e-05
615 -0.000227774225085
616 0.000204745734278
617 -0.000180141202714
618 0.000163528684128
619 1.8123481008e-05
620 8.84738526185e-05
621 -2.93142357514e-05
622 -0.000186180380751
623 5.91668982799e-05
624 -0.000205406439244
625 0.000148919093224
626 3.68571896033e-05
627 -4.04583504699e-05
628 0.000167027864263
629 0.000147703434874
630 -0.000168394978402
631 -5.11931002468e-05
632 0.000182061810196
633 -0.000145281540331
634 0.000208215402626
635 0.000125041545582
636 -0.00023373007068
637 -9.37836145927e-05
638 7.65115736088e-06
639 9.35178789019e-05
640 3.28512251519e-05
641 8.09960692733e-05
642 3.53209263637e-05
643 -0.000134904943057
644 2.18346095981e-05
645 3.88176225214e-05
646 -9.76450456457e-06
647 -0.000155046398858
648 -6.59034033364e-06
649 -6.3296223034e-06
650 1.46566836679e-05
651 0.000103891141484
652 3.90887195157e-05
653 9.14006152132e-06
654 2.58893129379e-05
655 -0.000131316444701
656 -8.98680480585e-05
657 7.03114392755e-05
658 1.69175387618e-05
659 9.76860379128e-07
660 -5.77538347536e-05
661 -7.48622094094e-06
662 0.00010965177236
663 -0.000116810358658
664 -5.07164022551e-06
665 0.000123570128894
666 -0.000121576043536
667 -0.000136261021622
668 3.51104767166e-05
669 5.66397487986e-05
670 1.90394386645e-05
671 -0.000159577180141
672 0.000149796403984
673 3.2877397268e-05
674 -4.42561988427e-05
675 -4.0384791524e-05
676 0.000259740128427
677 0.000105808313464
678 -1.65656246833e-05
679 0.00015151490154
680 -0.000232637297704
681 -1.49917550288e-05
682 -8.32791861352e-05
683 0.000254234142866
684 -4.01357147269e-05
685 -0.000107948626213
686 -0.000159239333077
687 -0.000134355471479
688 2.61273259241e-05
689 -3.04819825377e-05
690 8.01379059879e-05
691 0.000108355026952
692 -5.8263706898e-05
693 6.76429557745e-06
694 5.02570072255e-05
695 8.91954684967e-05
696 -0.000202826633783
697 -0.000104325456802
698 1.03022905418e-05
699 -3.47979509425e-05
700 5.88920347367e-05
701 0.000301411203933
702 -0.000258683861099
703 0.000158147804758
704 8.57124040945e-05
705 -0.000136127741155
706 -0.000278642577909
707 -2.42902691464e-05
708 1.54396177132e-06
709 -4.83163718738e-05
710 -1.40728794131e-05
711 8.40235131688e-05
712 -5.53129947405e-05
713 -9.66174423529e-05
714 -7.39605776398e-05
715 -6.78198554145e-05
716 0.00010962716092
717 0.000158284467483
718 0.000124524938908
719 -0.000112941544392
720 -0.000258726146696
721 -0.000136965396469
722 -0.000135637019027
723 0.00016278745839
724 0.000429981094097
725 0.000236414071064
726 -0.000352535742638
727 -0.000161440044371
728 0.000215766937612
729 -0.000195096580662
730 6.20486508047e-05
731 1.68768705485e-05
732 -0.000193700692082
733 0.000113536051335
734 0.000158511036883
735 -7.50119869654e-05
736 0.000151038271262
737 0.00014315585964
738 0.000228452432718
739 -1.38051961159e-05
740 -2.21196753701e-05
741 6.38507460862e-05
742 5.61031789086e-05
743 -0.000126594672426
744 -8.32757799749e-05
745 -5.97548682902e-05
746 -0.000209944363608
747 -0.000242219285461
748 5.69133187424e-06
749 0.000213738494174
750 0.000153796152082
751 0.000221465475531
752 0.000301329753792
753 0.000203100193991
754 0.000118652360443
755 -0.000148448902436
756 -0.00027942454975
757 -0.000293821545319
758 0.000146210885087
759 3.39967788635e-06
760 -0.000263831164519
761 0.000236013363502
762 5.49852830223e-05
763 6.56392796007e-05
764 2.10885781701e-05
765 -0.000207177831577
766 0.000130405897179
767 -1.51374863752e-05
768 1.73042587473e-06
769 0.000105274738969
770 -0.000264248348389
771 0.000145763738568
772 0.000282953669869
773 -4.35921134466e-05
774 0.000447609382107
775 -0.000214017219851
776 -0.00016314011455
777 2.90949683221e-05
778 -0.00016293433176
779 8.86947795306e-05
780 0.000220776315165
781 -2.33423681918e-05
782 -3.91999770051e-05
783 -7.2969914778e-05
784 -0.000351225118415
785 0.000376821403939
786 -5.70415448598e-05
787 -5.39411121963e-05
788 -9.67345442659e-05
789 -0.000121164550869
790 9.52797007285e-05
791 -0.000136264811829
792 0.000123134579521
793 -9.25728744598e-05
794 -3.97226652408e-05
795 6.02561439426e-05
796 5.82346336292e-05
797 4.05401641878e-05
798 -9.47814125252e-05
799 0.000203115915976
800 -0.000193171966953
801 -0.000114776208359
802 0.000173443204562
803 -0.000336962570146
804 0.000412081925263
805 -8.33774760432e-05
806 -0.000115274140841
807 0.000129658484364
808 5.14558780163e-05
809 -0.000339332039621
810 -3.01691793507e-05
811 0.000141241621946
812 0.000330720551636
813 -0.000370737250276
814 -8.5063821273e-05
815 0.000179685591221
816 -1.79185935621e-06
817 -0.000703000095132
818 -0.000313228306014
819 0.000862637527006
820 0.00055977011844
821 -9.88582784809e-05
822 -6.16001292977e-05
823 -8.42679904443e-05
824 0.000325652287482
825 -0.000282544170825
826 0.000149961414522
827 0.000320705734818
828 -0.000216474737836
829 -0.000851431039024
830 0.000344686754835
831 0.000266330981019
832 -0.000274467157625
833 7.84606269278e-05
834 -0.000283940669918
835 -0.000270879574971
836 -0.000162759552466
837 -4.44623902709e-05
838 0.000543068509172
839 -0.000173311735089
840 0.000530371041477
841 0.000191695980899
842 0.000306718312773
843 -0.000350371905665
844 -0.000192832050946
845 -0.000786093846412
846 -6.0289376234e-06
847 4.60975343866e-05
848 0.000561624812391
849 0.000163057431679
850 -0.000641761699255
851 0.000361653783204
852 0.000157995949738
853 -0.000377321941781
854 -0.000188909478914
855 0.000116234058911
856 -0.000508172834769
857 0.000235317958052
858 0.00122303303714
859 -0.000707000770375
860 0.000132936547259
861 -1.28438077498e-06
862 -0.000464428038566
863 -0.000210497871706
864 -5.6139160029e-05
865 -8.36048422898e-05
866 0.000333754542668
867 -8.95941233896e-05
868 -0.000549749155037
869 0.000573510971016
870 -0.000141538375513
871 -6.6207128286e-05
872 0.000326630918836
873 3.06541736133e-05
874 0.000607071905198
875 -0.00025030609743
876 0.000383679415884
877 0.000232802922492
878 -0.00055229392626
879 -5.05940801224e-05
880 0.00032092609937
881 0.00042196383975
882 -0.000129953744626
883 -0.000214569647758
884 -0.000247168101992
885 3.308291499e-05
886 0.000534023708648
887 0.000242139726248
888 6.23704719476e-05
889 0.000561505985475
890 -0.00034524259368
891 0.000476828241184
892 -0.000201625894535
893 -0.000259152569004
894 -0.00028800544691
895 0.000595442956072
896 -0.000224198775642
897 0.000255093311953
898 -0.000145263236878
899 0.000621608496639
900 0.00016083320727
901 0.00131914894264
902 7.91989714603e-05
903 -0.000326456445374
904 -0.000207165138097
905 -1.80846105695e-05
906 0.000456905149461
907 -2.80013176999e-05
908 -0.000188635711128
909 -0.000489444854844
910 -0.000462243108599
911 0.000850323867247
912 0.000713794809859
913 0.0011138567402
914 0.000208077705463
915 4.31339116954e-05
916 0.000151101997825
917 -0.000574062380325
918 0.000483707672648
919 0.00066800167765
920 9.50320050516e-05
921 -0.000206183914583
922 -3.20224729278e-05
923 -0.000444272037104
924 -9.84956212976e-05
925 -0.000247655983147
926 0.000714896245626
927 -0.0019254335985
928 0.000907159577656
929 0.00041634348082
930 -0.000154433596314
931 0.000681236336033
932 -0.000342398049736
933 -0.000327373030644
934 0.00029334769964
935 3.18733518178e-05
936 0.000279065426346
937 -0.00117607404322
938 -0.00133966427847
939 0.000551830222777
940 -0.000584434915544
941 0.00038433867744
942 -0.000209851581177
943 -0.000339952336453
944 0.00031322957216
945 0.00027741567558
946 0.000342598078694
947 4.29514637855e-06
948 0.000118909098251
949 4.63159075297e-05
950 0.000732315142947
951 -9.1410439525e-05
952 3.8434602246e-05
953 -0.000242091831176
954 -2.24414128148e-06
955 0.000542599971084
956 0.000137603414376
957 -0.00034685106999
958 0.000264350631808
959 3.55041619224e-05
960 7.18824071467e-06
961 0.000121007803378
962 5.62581192898e-05
963 -0.000129958798423
964 -8.9104657379e-05
965 0.000113316955503
966 0.000103647586169
967 -0.000151350035472
968 0.000314684021651
969 0.000164175549884
970 0.000160960087707
971 -0.000232806672145
972 -0.00014028244401
973 0.000441732944783
974 0.000428533896325
975 -6.63372584578e-05
976 -0.000476105247883
977 -0.000393970270254
978 4.33047022412e-05
979 -0.000179996342948
980 -0.000795247224324
981 4.09123522929e-05
982 -0.00141986513733
983 -0.00102955891279
984 -2.85898805925e-05
985 0.00274817669313
986 -0.00529795010606
987 -0.00506225256939
988 -0.0059119709037
989 0.00681956801044
990 -0.00138045454335
991 0.00259393934274
992 0.0
993 -0.010757961101
994 0.00543133197967
995 0.00710577242105
996 -0.00259480965672
997 -0.0149219330965
998 0.00482040737266
999 0.0050706032326
1000 -0.0170255909227
1001 0.000940796714559
1002 -0.0110075451449
1003 0.0
1004 0.0090429253434
1005 -0.00704507356943
1006 0.00096141043764
1007 -0.0233153754273
1008 -0.00801565705526
1009 -0.10008054748
1010 -0.0417601110364
1011 -0.0248879644681
1012 0.0122521457956
1013 -0.000418085944577
1014 -0.0847038169735
1015 -0.0875714523749
1016 0.0243163704138
1017 -0.00799266377835
1018 -0.161312348796
1019 -0.615654480355
1020 -0.381547016595
1021 -0.067545540338
1022 0.0
1023 0.0
