-0.313438880485
0 0.0
1 0.0
2 0.0
3 -0.00243375186379
4 0.00112723394525
5 -0.000573249772395
6 0.000916896499648
7 -0.000483713462972
8 -0.00058743075384
9 0.000892745237854
10 -0.00131260580653
11 0.00304371271281
12 -0.00332387356656
13 0.00279275728428
14 -0.000891164002314
15 0.000310024145503
16 0.000428807440709
17 -0.000358936681592
18 -0.00021812840447
19 0.000130192947873
20 -0.000868208134734
21 0.000780781215723
22 -0.00195388250374
23 0.00266056935716
24 -0.00137442919172
25 0.0012573524593
26 4.92546395834e-05
27 0.000120921240058
28 0.00138015951038
29 8.89237306207e-05
30 0.00281249078609
31 -0.00106764101092
32 0.00213859735618
33 0.000445216969929
34 0.00198268480273
35 9.57888788966e-05
36 -0.000189874622405
37 0.000456020397396
38 0.000545447844839
39 -0.00110703398544
40 0.000452519640802
41 -0.000920473710736
42 -0.000577621336581
43 0.00142217000537
44 -0.00167581259245
45 0.00169548073248
46 0.000811249838776
47 -0.000285547084688
48 -0.00148135412363
49 -0.00111467243221
50 -0.00100948157143
51 0.00279383058618
52 -0.000218301724464
53 -0.0011520328186
54 -0.000276114697462
55 -0.00113656509315
56 0.00128587209044
57 -0.000912211720359
58 -0.00138004623129
59 -0.00053271523712
60 0.00311283397205
61 0.000825467342959
62 -0.000375553138414
63 -0.00119766473796
64 -2.05393387784e-05
65 -7.82351186186e-05
66 -0.000907361813989
67 -0.000574021933183
68 0.00185426431779
69 -0.00115760333144
70 -0.00268535767468
71 0.00232410002574
72 -0.0014573907236
73 -3.45643561274e-05
74 0.00135975239178
75 -0.000924908045257
76 -0.00018246353487
77 0.000588216051999
78 0.00081035449872
79 0.000388646811355
80 -0.00147188511138
81 -0.000523299578327
82 0.000439909453319
83 -0.000520083165762
84 -0.00036036612123
85 0.000431665896079
86 0.000175797216572
87 0.000573322157569
88 0.000283949701677
89 0.000468848895866
90 -0.000155304386087
91 0.00119202826346
92 -0.000876471212748
93 -0.000439184695752
94 0.000220326289868
95 -0.000410948036826
96 0.00104002802959
97 -0.000327987011461
98 -0.000552913943043
99 0.00106537256389
100 -0.000803948885427
101 0.000586792691404
102 -0.00137550540534
103 0.00105618966011
104 0.000550020630803
105 -0.000192623379364
106 -0.00040596380702
107 0.000764620770116
108 -0.000353997361322
109 0.000440111140985
110 -0.000550082620082
111 0.000425718042428
112 -0.000679518038511
113 0.000142657040028
114 0.000606110037786
115 -0.000115232006185
116 -0.000240377334368
117 -0.000803504101741
118 0.000416615338391
119 0.000592784577162
120 -0.000144315983197
121 -0.0022541413261
122 0.000374781620096
123 0.0010643176361
124 -0.00107031251271
125 -0.000646165726577
126 0.000404541310875
127 0.000112823748747
128 -0.000560455070549
129 -0.000243058587757
130 0.00152398663921
131 -5.08085858235e-05
132 0.00030486946358
133 8.74248860147e-05
134 -0.000756758747138
135 0.000277083094597
136 0.000424191255342
137 -3.56553973277e-05
138 -0.00154957776864
139 0.000820719953528
140 0.000950600548721
141 -0.000761237090661
142 0.000528850273205
143 0.000199703429048
144 0.000164933534332
145 0.000928035427334
146 -0.00213287937562
147 -0.000721973665768
148 0.00149327398258
149 0.000254105060367
150 0.000224421140739
151 -9.06539343119e-05
152 -0.000301452099616
153 0.000509512712453
154 0.00066430004024
155 -0.000693616613682
156 0.00104420847319
157 0.000102319091263
158 -0.000830503085776
159 -0.00108305102812
160 0.00172870983966
161 -0.00130449684567
162 0.0014557996748
163 -9.84464216378e-05
164 0.000181080274729
165 0.000296020871885
166 -0.00066109896689
167 -0.00061206113134
168 0.000328836603396
169 0.00283832869622
170 -0.00167562521614
171 0.000645480612088
172 0.00333194460848
173 -0.00271238341226
174 0.00125480214085
175 -0.00130831351206
176 -0.00088783360968
177 -0.000825632831397
178 -0.000629848810773
179 -0.00184249978888
180 0.00109150150967
181 -0.00173614097688
182 0.000820242458298
183 0.00128699851959
184 -0.00301774482211
185 -0.000347675126077
186 0.00136344696607
187 0.00115171634857
188 -0.00172404880366
189 0.000198043665638
190 -3.74489318636e-05
191 -0.000299648679707
192 -0.00128318751075
193 -0.000941664250517
194 0.00121473796323
195 -0.00117786967295
196 -0.00370920508459
197 0.00230504216906
198 -0.00113522040147
199 5.62246279317e-05
200 0.000176890496394
201 0.00259164898038
202 -0.000619820198989
203 -0.00104851666276
204 -0.000647627905049
205 -0.000223894301309
206 0.00137832713975
207 -0.000107414465695
208 -0.00158142382566
209 1.35002207752e-05
210 0.000195253337446
211 0.00324455240073
212 -0.00154256096805
213 -0.000342615565523
214 0.00060993038778
215 0.000201772949599
216 -0.000970572718656
217 -0.00159412002819
218 -6.26376618751e-05
219 0.00236822519308
220 -0.00243155762804
221 0.000771102444626
222 0.00105981648618
223 -0.00346935320779
224 9.0105111956e-05
225 -0.000802672822993
226 -0.000455007704521
227 0.000986688595323
228 5.73535556528e-05
229 0.000794138474589
230 0.000623163605081
231 -0.00195442689157
232 0.00063629471861
233 0.000198995958565
234 0.000100613876115
235 -0.00209695207867
236 0.00324837392069
237 -0.000114416268403
238 -0.000897872900498
239 0.00114978910589
240 -5.36443062968e-05
241 -0.000508699864834
242 -0.000437244230469
243 0.000862990533085
244 5.15831092131e-05
245 0.000439142350437
246 -0.000119922280013
247 0.000624818728824
248 -0.00163615376973
249 -0.0012877160657
250 0.000666104146353
251 0.000437935600295
252 0.00179596934906
253 -0.000545500024008
254 -0.00173486790056
255 -0.000501483567337
256 0.000827714164427
257 0.00189644766382
258 0.000209331165401
259 -0.0018970823057
260 -5.19874364458e-05
261 -0.000357988224881
262 0.00166747183919
263 0.00179755094699
264 -0.000607558736902
265 -1.00074742658e-05
266 -0.000560406280204
267 0.000544649517186
268 -0.000301414944193
269 0.000525042878868
270 0.000326328437494
271 -5.74344663546e-06
272 -0.000696296149142
273 0.00119696768902
274 -0.000712481971066
275 -0.00398519397668
276 0.00229829263335
277 -0.000152120464967
278 -0.000240306088193
279 -0.000328838466448
280 0.00237280073963
281 -0.000749554742651
282 -0.00139634191202
283 0.000223383803105
284 -0.00113329178506
285 0.000144387994894
286 0.00106587606055
287 0.000487377928493
288 0.00415265177992
289 -0.00156081188418
290 -0.000483449868578
291 0.0028711131853
292 -0.00299037195578
293 0.000511792273759
294 0.00216804554338
295 0.00123164724653
296 -0.00028600647174
297 -0.000918462407142
298 0.00120976252598
299 0.00192325228999
300 -0.00439508404428
301 0.000464088721424
302 0.000325791138657
303 0.00211110574227
304 0.000136114947486
305 -0.00160398545455
306 0.000625485063444
307 0.00103173464218
308 0.000737099487839
309 -0.00012243166119
310 -0.00351258563222
311 -0.000281875052028
312 0.000589539914315
313 0.00221020587742
314 -0.0035995508288
315 0.00541832541772
316 0.00124859566389
317 -0.00163838062887
318 0.00181813992501
319 0.00132629741773
320 0.00029956825827
321 -0.000349233785482
322 -0.000424000215342
323 0.00175551681688
324 -0.00241918347245
325 -0.00167248089645
326 0.000969664181464
327 0.00412649361016
328 -0.00222178227427
329 -0.00109103175126
330 0.00225295469839
331 -0.00185089602678
332 0.00317786143622
333 0.000615400628033
334 0.001220594317
335 0.00095144460086
336 0.00217114077975
337 -0.00217790917669
338 0.00390474080229
339 -0.00597150328467
340 -0.000679658115601
341 0.00276783136126
342 -0.00546913514566
343 -0.000224448060023
344 0.000884215245073
345 0.000956732808054
346 -0.000756026758344
347 -3.04139056277e-05
348 5.57329024909e-05
349 -0.00299500169901
350 0.00223688373653
351 -0.00298290309682
352 0.00237838926056
353 0.00154661856352
354 -0.000553833872084
355 -0.00218319012517
356 0.00140205110193
357 -0.0017538379922
358 -0.000872395845436
359 0.00048196452651
360 7.59902738099e-05
361 -0.000281029443603
362 -0.000515040118873
363 -0.00250568193222
364 0.00205100406302
365 0.00359607432162
366 -0.00227826839717
367 -0.000651692319528
368 -0.000898480616621
369 -0.00138996586722
370 0.00145370724532
371 -0.00212060825199
372 -0.00146396732934
373 0.00350061382785
374 -0.00022761366799
375 -0.00108101102486
376 -0.00051210602825
377 0.00196957022914
378 -0.000315404463001
379 -0.000653727776831
380 0.000207186791856
381 -0.00354093306211
382 0.000888288721241
383 0.00121927512325
384 -0.000296549475881
385 -0.000618131969947
386 0.00184993659798
387 0.0023571053617
388 -0.0026605866113
389 -0.000638932992509
390 0.00561793200017
391 1.95835487335e-05
392 -0.00172820649288
393 -0.000837655356209
394 0.00253322401045
395 0.000394736968136
396 0.000108384493782
397 -0.00160034957162
398 -0.000424791983404
399 0.00172628111929
400 -0.00119959113557
401 0.0014961776205
402 -0.00128658854329
403 0.00124009606089
404 -0.00242520094014
405 0.000822976025501
406 0.000200682518627
407 -0.00158857438362
408 -0.00258829129257
409 0.00442410822268
410 -0.00182881180162
411 0.00245060287932
412 -0.0032807899412
413 0.00170556309807
414 0.00108838320442
415 -0.00313378625273
416 0.00182386762768
417 -0.000499449227507
418 0.00173915736153
419 0.00284591646065
420 -0.00417638453647
421 0.000387648446576
422 -0.00171991766033
423 -0.00157100245532
424 -0.00250007120906
425 -0.000831446010594
426 -0.00158617412692
427 0.00180499782096
428 0.00212869710813
429 -0.00167264048373
430 0.00218182705869
431 0.00587102967557
432 -0.00177678660269
433 -0.00316616673727
434 -0.0023106729093
435 0.000637116041112
436 0.00300627437128
437 -0.00587678386647
438 6.40591948335e-05
439 0.00636664182527
440 -0.0099627798602
441 0.0133499703121
442 0.00453151421371
443 -0.0102087484732
444 0.00249970593626
445 0.00407534605827
446 0.000138956880178
447 0.000332701670033
448 0.00636573436537
449 0.00127725692778
450 -0.00387708071794
451 -0.0158196330445
452 0.00345883578081
453 0.00746554006238
454 0.00447632051688
455 -0.00739910677238
456 0.00698857054015
457 0.00161978644751
458 0.00651671790628
459 0.00079076289476
460 -0.0172522536253
461 0.00750092549257
462 0.0073757497981
463 0.00985059386174
464 0.00133749813442
465 -0.00539335572114
466 -0.0106907017905
467 0.0123023363585
468 -0.0104667702454
469 0.0041361786106
470 0.00708920544038
471 -0.00349436002081
472 0.00894380985403
473 -0.00430644641637
474 -0.00365015703849
475 0.00215293609169
476 -0.000846930283393
477 -0.0187120511804
478 -0.00508240196152
479 -0.0219736969329
480 0.0108501593336
481 -0.0293305263243
482 0.00077169230213
483 -0.0147502298854
484 -0.000736106804068
485 -0.000399529906662
486 -0.0158161136351
487 0.0180920869251
488 -0.0363950324643
489 0.0290174969855
490 -0.0116115705367
491 0.0144670346992
492 -0.00191071255023
493 0.00384083479524
494 0.00632007106417
495 -0.00851145552985
496 -0.00675381530684
497 0.0187793554543
498 -0.0660915570362
499 0.0867323218476
500 -0.0892179146191
501 0.0397723747207
502 -0.0335282850326
503 0.0199713471294
504 0.0196013824656
505 -0.0478100766011
506 0.0332162855188
507 -0.0729745100633
508 0.227155177309
509 -0.0233991800988
510 0.0
511 0.0
