-2.59702048575e-05
0 -2.15153138154e-06
1 1.14545466419e-05
2 3.15707068399e-05
3 -6.26765002747e-06
4 -7.41812104563e-05
5 3.41761684521e-05
6 2.04901686258e-05
7 3.32485809548e-06
8 -4.70040814967e-05
9 1.88453046963e-05
10 -8.16400235132e-06
11 6.24940282217e-05
12 -3.76549341237e-05
13 8.29888461227e-05
14 5.70330885124e-05
15 -1.5736732099e-05
16 2.77223832979e-05
17 3.52014878181e-05
18 5.23901245602e-05
19 8.94986874261e-05
20 4.15242035691e-05
21 2.22002537105e-05
22 6.89554078541e-05
23 1.2030334584e-05
24 1.76861588158e-05
25 9.61408037532e-05
26 2.81611760185e-05
27 -6.76312905359e-06
28 3.82609739338e-05
29 2.12733797556e-05
30 -0.000103493441654
31 -0.000129904263631
32 3.47232017089e-05
33 -4.88025706905e-05
34 -2.72305053651e-05
35 -0.0001424624435
36 -0.000104220385899
37 -2.84994068066e-05
38 -0.000172002196201
39 -0.000148008874225
40 -0.000107113497353
41 2.62206624669e-06
42 -7.11907886596e-05
43 -0.000252721586714
44 -0.000170015266429
45 -0.000240717898173
46 3.31426216382e-05
47 -0.00026549360804
48 -0.000216786323179
49 -0.000197111483583
50 -0.000205591647673
51 2.19176805798e-05
52 -2.92900127849e-05
53 -0.000112327930624
54 0.000251498786195
55 7.37844963366e-06
56 5.47035979936e-05
57 0.000374055222455
58 0.000154853533438
59 4.3806530644e-05
60 0.000209545408712
61 0.000286282693667
62 0.000109538106207
63 9.57019676228e-05
64 0.000123247146181
65 0.000230707163206
66 -1.68929349033e-05
67 -0.000135793521348
68 1.45964273725e-05
69 -5.69490285747e-05
70 9.79306814753e-05
71 0.000217747942251
72 7.45994974416e-05
73 3.69626639281e-05
74 2.29825099063e-05
75 0.000235933458682
76 0.000346066258319
77 1.0045010939e-05
78 4.89818581893e-05
79 0.000215327945709
80 -0.000221237179496
81 -0.000112835934419
82 -5.89984938052e-05
83 0.00018027433881
84 -6.85033791948e-05
85 -0.000486935840964
86 -0.000126672115993
87 0.000154368760669
88 5.28399627619e-06
89 -6.15005354121e-05
90 -0.000100269733273
91 -0.000107181128319
92 -3.53317473405e-05
93 -6.86411136955e-05
94 -3.03495870923e-05
95 0.000220367931671
96 3.1845596273e-06
97 -2.46557458097e-05
98 3.66252883941e-05
99 -9.21637822911e-05
100 -7.66719680727e-05
101 -0.000185510773398
102 -0.000467655140839
103 -4.92603108967e-05
104 1.6095732522e-05
105 0.000116870588416
106 0.000380461068493
107 0.000324528145836
108 -1.57100533834e-05
109 -8.92535591042e-06
110 -6.53341232752e-05
111 -9.17702334801e-05
112 -0.000121337289397
113 4.60499245204e-05
114 -0.000124492344169
115 -3.39706796586e-05
116 9.47597370036e-06
117 0.000232550962259
118 9.43596421777e-05
119 0.000164621931044
120 0.000230654491804
121 -0.000122945343035
122 5.53175957693e-06
123 8.86502161201e-05
124 6.80200351794e-05
125 -2.43304270901e-05
126 5.42381930415e-05
127 1.51130615776e-05
128 2.19864014237e-05
129 -9.04653606852e-05
130 8.63103053667e-05
131 0.000302967221885
132 0.000195733691759
133 -0.000287455441633
134 0.000459079365386
135 8.14355168227e-05
136 5.80376555454e-05
137 -0.00018839674638
138 0.000229566448509
139 0.000714985538351
140 -0.000101081358118
141 -0.000236876611719
142 0.000351255804711
143 -4.03871239103e-05
144 -0.000106521443536
145 -0.000400723121755
146 0.000369726519634
147 3.08111532101e-05
148 -0.000323900076045
149 -0.000169790927431
150 -9.99746711262e-05
151 -0.000135876827766
152 -0.000111936957404
153 -0.000315840776764
154 2.80542208245e-05
155 -0.000329066612198
156 -0.000122811086941
157 -0.000174694529006
158 -0.000437799981977
159 -0.000310704162899
160 -0.000250959394112
161 -0.000547610130612
162 -0.000157929941318
163 -0.000125163413193
164 8.66548704116e-05
165 5.89982667161e-06
166 -0.000209211067099
167 -0.000499650517488
168 0.000163684848228
169 -0.00014466773908
170 -0.000306582533135
171 4.81390352168e-05
172 -7.65138723433e-05
173 -0.000261443650808
174 -0.000242509164282
175 -0.000233706380098
176 -0.000240340358827
177 0.000279512100646
178 -6.51612611737e-05
179 -7.50647341427e-05
180 9.80196655204e-05
181 -0.00046700467603
182 -0.000155254586435
183 -0.000409867631233
184 -0.000839490440969
185 -3.92884621695e-05
186 -0.000111729981405
187 6.47844057657e-05
188 0.00016283171373
189 -0.000365341173012
190 6.93772160085e-05
191 -0.000168184663163
192 -0.000441635106785
193 -0.000176202480847
194 0.000139864728522
195 -0.000277887889843
196 -0.000382131902091
197 -9.56134981839e-05
198 -0.000532065876185
199 0.000385528860546
200 -0.000152267899491
201 -8.68505101946e-05
202 0.000292996005416
203 -0.000496263586734
204 -0.000622158595486
205 -0.000287096653323
206 0.000296815030578
207 1.85675374356e-06
208 -0.000538423267076
209 -0.000121089449735
210 0.00013737507637
211 -0.000648216863692
212 0.000247088436875
213 0.000182819952095
214 -0.000689831837546
215 -0.000311618352339
216 -0.000855980603537
217 -2.37282637151e-06
218 -0.000184353617241
219 -9.46274028739e-05
220 4.73972540854e-05
221 0.000270874041538
222 -0.000991109478147
223 -0.000415313005632
224 1.79989757157e-05
225 -0.000509166569358
226 0.000907509763819
227 0.000612873896396
228 -0.000187801658201
229 0.000568871846648
230 0.000639042467471
231 -0.000458213909662
232 -0.000556119082269
233 -0.000428209144357
234 0.000455761525095
235 -0.000459207124018
236 -0.000463793294877
237 0.000738458907053
238 0.000293749222267
239 -0.000138273999743
240 0.000484705353473
241 0.000136646635212
242 0.000470414444635
243 -0.000671178383077
244 -0.000415845472166
245 -0.000828081026871
246 9.45151543435e-05
247 -0.00028061193349
248 -0.000256711911861
249 -0.000129573466811
250 0.000125436150458
251 -9.59541129014e-05
252 -0.000656115140249
253 -0.000444131256427
254 -0.000196479979225
255 8.96941136989e-05
256 4.41574516065e-05
257 -6.81041711698e-05
258 -0.000256269289235
259 -9.47287844355e-05
260 -0.000470051313469
261 -0.000531434932948
262 0.000194946707601
263 -0.000481432807304
264 -0.000729508769563
265 -0.000351442813703
266 7.04459572727e-06
267 -0.000539483503635
268 -0.000132880526391
269 -0.000406538743737
270 4.12788587979e-05
271 0.000149828751742
272 0.000138564684398
273 0.00031487093156
274 7.03226901585e-06
275 0.000320659436827
276 -8.64347162826e-05
277 -0.000187566144137
278 0.000145317825108
279 -0.000233492099842
280 2.44756975416e-05
281 -0.000421955325707
282 0.000643985844946
283 0.000406980662913
284 -0.000445747870625
285 8.58764267968e-08
286 0.000838286178927
287 -0.000259496578012
288 2.47660460097e-05
289 -0.000832541668251
290 -0.000502537541606
291 -0.000414962229579
292 -0.000252048898401
293 -0.000696155705633
294 -3.29452061363e-05
295 -0.000287710644735
296 -0.000467343288994
297 3.60420172258e-05
298 -0.000285336992164
299 -0.000157872422698
300 0.000363743433018
301 -0.000517345329932
302 -0.000268347291235
303 -9.41201276204e-05
304 -0.0003842614925
305 -0.000145994597072
306 9.40566613385e-05
307 -0.000358159566931
308 -0.00030691244552
309 -0.00037901024638
310 0.000200210797953
311 1.0401418961e-05
312 -5.88906606048e-05
313 0.000171498162977
314 -9.01396991471e-05
315 0.000418859915742
316 -0.000179413124753
317 0.000155415919649
318 -5.59229742984e-05
319 2.52852301797e-05
320 -0.000193807423768
321 0.000196372864533
322 0.000115680855128
323 -8.73601664478e-07
324 6.22742472761e-05
325 2.15827372951e-05
326 -0.000162181156756
327 0.00012620002889
328 -0.000370915964383
329 3.83769101174e-05
330 -6.56518008933e-05
331 -0.000166541156871
332 -8.57963691438e-05
333 0.000100975632212
334 -0.00011460963628
335 -8.95920897483e-05
336 -0.000149593433721
337 1.89396376547e-05
338 -6.6076737341e-05
339 -0.00017067258063
340 -2.71838567679e-05
341 -0.000106536425303
342 2.24613658263e-05
343 7.12925932743e-05
344 3.22551126274e-05
345 -0.000233814064265
346 2.31475961945e-05
347 0.000120384792905
348 0.000222027574818
349 -4.05936977475e-05
350 -0.000135295463205
351 -4.21487108532e-06
352 -2.25219820271e-05
353 -0.000115493078886
354 4.22767246746e-05
355 -6.37959826087e-05
356 -6.96100409211e-05
357 -2.33891341034e-05
358 -3.04670091985e-05
359 1.132828174e-06
360 -2.0853289793e-05
361 -0.000177763575003
362 -2.98799192675e-05
363 9.0803536752e-05
364 -0.000217445266175
365 -2.29872306805e-05
366 0.000146143885512
367 -0.000162988135248
368 2.55449761754e-05
369 2.43628749233e-05
370 1.23811019156e-05
371 -2.46634850953e-05
372 6.25187795468e-06
373 0.000311795559792
374 6.12078276464e-05
375 -7.21618300868e-05
376 1.26630946015e-05
377 1.18818661427e-05
378 0.000116541430791
379 -0.000133226455806
380 1.34774353666e-05
381 0.000218550660282
382 5.37416459974e-05
383 1.63318442113e-05
384 0.00010440042759
385 4.94880697939e-09
386 2.17901876633e-05
387 5.58163010722e-05
388 9.95516558922e-05
389 4.10758126703e-05
390 9.27389067168e-05
391 -1.7361082052e-05
392 6.80071109073e-05
393 -3.10324147925e-05
394 8.46072328509e-05
395 0.00010564302478
396 7.20408817935e-05
397 -9.37477578745e-05
398 1.31735610607e-05
399 -3.03305616383e-05
400 0.000109419500163
401 6.40862118678e-05
402 4.37815057329e-05
403 2.95606746554e-05
404 -7.3940531605e-06
405 0.000121291438387
406 0.000104603864964
407 -7.00466082891e-08
408 -3.75104440978e-06
409 2.3056821954e-05
410 -1.26659838162e-05
411 -2.09305984285e-05
412 -3.7189796668e-05
413 -6.94150157861e-05
414 4.94926244808e-05
415 -1.72474087167e-06
416 -4.08039864667e-05
417 0.000170319837361
418 -2.45533971743e-05
419 2.68682428697e-05
420 -2.46028994024e-05
421 -7.09962286477e-05
422 -2.73507839777e-05
423 -2.04536804361e-05
424 -1.46424399716e-05
425 7.78313622691e-06
426 -3.02455239479e-05
427 -9.79223102775e-05
428 -9.29762673039e-06
429 4.49320285692e-05
430 -2.71076704351e-05
431 -1.46823990751e-05
432 -1.5547759125e-05
433 4.8942471493e-05
434 2.4293726972e-05
435 2.88625302273e-05
436 0.000103446004768
437 7.12143632901e-05
438 1.79544274121e-05
439 5.44687530116e-06
440 1.02563329112e-05
441 4.89234563941e-05
442 2.91585528576e-05
443 5.19401470982e-06
444 1.90837654026e-05
445 -3.32166695221e-05
446 -5.48552869991e-06
447 6.20932944607e-05
448 1.21418044356e-05
449 2.73532243409e-05
450 2.77765139768e-05
451 3.56027552844e-05
452 2.01432656032e-05
453 1.07680816426e-05
454 2.56443392389e-05
455 3.74102973111e-05
456 2.39333797058e-05
457 1.75788829096e-05
458 4.89738327409e-05
459 -1.81459588754e-05
460 1.06470034663e-06
461 -1.59800736981e-06
462 -1.71364716668e-05
463 -1.98744538919e-05
464 -1.47286190989e-05
465 -9.59062734805e-06
466 -1.34317409386e-05
467 -1.27433577652e-05
468 -1.85225096582e-05
469 -7.25445572197e-06
470 -5.7549919471e-06
471 6.77806933888e-06
472 -7.15516307903e-06
473 -4.80391533946e-06
474 -2.72878740312e-05
475 -3.55716786064e-06
476 -4.31481287006e-06
477 -8.11908898279e-06
478 4.09835612885e-06
479 -9.47536438586e-08
480 2.02857208573e-06
481 -4.82393579877e-06
482 -5.47070723242e-06
483 3.77252233363e-06
484 3.03627069808e-06
485 -4.93021428273e-06
486 5.78358900507e-06
487 8.50746372861e-06
488 2.2890605376e-06
489 1.53481666569e-06
490 1.89244984383e-06
491 1.68224881619e-06
492 3.52737743576e-06
493 3.78413586355e-06
494 1.49859199271e-06
495 3.118336434e-07
496 7.64475688775e-07
497 -1.79711104443e-07
498 2.09072018378e-06
499 4.35541695615e-06
500 -9.52578338118e-07
501 1.33935567776e-06
502 -4.73064174163e-07
503 1.61152943341e-06
504 -1.54632588657e-06
505 3.65334356668e-07
506 4.14652427512e-07
507 4.88403320223e-07
508 -5.32326370499e-07
509 -3.96339184579e-07
510 1.21119332942e-07
511 -2.76317505418e-07
512 0.0
513 3.51605921052e-08
514 1.93709552012e-07
515 -5.77032645924e-08
516 -9.10392096396e-07
517 5.2429895821e-07
518 3.77206147968e-07
519 7.14241160055e-08
520 -1.1538733201e-06
521 5.20477303226e-07
522 -2.50546213132e-07
523 2.10982824631e-06
524 -1.38689000263e-06
525 3.31164281556e-06
526 2.45119880671e-06
527 -7.24733881093e-07
528 1.36192146657e-06
529 1.83761415981e-06
530 2.89611037947e-06
531 5.22289555967e-06
532 2.55111470701e-06
533 1.43229447499e-06
534 4.66123023128e-06
535 8.50302260968e-07
536 1.30458520215e-06
537 7.38841141947e-06
538 2.25110308996e-06
539 -5.61504571176e-07
540 3.2948467399e-06
541 1.89771555264e-06
542 -9.55240149791e-06
543 -1.23921600899e-05
544 3.41992448391e-06
545 -4.95787253977e-06
546 -2.85077090796e-06
547 -1.53565017437e-05
548 -1.15578179674e-05
549 -3.24906671512e-06
550 -2.01437774093e-05
551 -1.77943336725e-05
552 -1.32112017775e-05
553 3.31567652843e-07
554 -9.22435090875e-06
555 -3.3534400903e-05
556 -2.30908396137e-05
557 -3.34458505231e-05
558 4.70859112756e-06
559 -3.85501835217e-05
560 -3.21572129784e-05
561 -2.98570467722e-05
562 -3.17870707695e-05
563 3.45763879691e-06
564 -4.7127900064e-06
565 -1.84274442496e-05
566 4.20512206315e-05
567 1.25698765653e-06
568 9.49198227789e-06
569 6.60874980054e-05
570 2.78494780265e-05
571 8.01714303705e-06
572 3.90143038012e-05
573 5.42109382904e-05
574 2.10906393775e-05
575 1.87312528209e-05
576 2.45153872764e-05
577 4.66267452624e-05
578 -3.46811889174e-06
579 -2.83127064346e-05
580 3.09009509951e-06
581 -1.22388593994e-05
582 2.13607380347e-05
583 4.8195675018e-05
584 1.67518947594e-05
585 8.41944463593e-06
586 5.30924464997e-06
587 5.52664269801e-05
588 8.21853581754e-05
589 2.41811302586e-06
590 1.19503842206e-05
591 5.32353288297e-05
592 -5.54170417265e-05
593 -2.86321121867e-05
594 -1.51636879461e-05
595 4.6923830103e-05
596 -1.80554354379e-05
597 -0.000129940463625
598 -3.42195432779e-05
599 4.22101435485e-05
600 1.46230042018e-06
601 -1.72228232533e-05
602 -2.84118596618e-05
603 -3.07257883206e-05
604 -1.02460080617e-05
605 -2.01340509224e-05
606 -9.00347089723e-06
607 6.61102731428e-05
608 9.6600402801e-07
609 -7.56192077661e-06
610 1.13560328451e-05
611 -2.88865018817e-05
612 -2.42895879462e-05
613 -5.93964068537e-05
614 -0.000151316115325
615 -1.61059454464e-05
616 5.31732426974e-06
617 3.9006912104e-05
618 0.000128281894848
619 0.00011053269767
620 -5.40462171825e-06
621 -3.10119826115e-06
622 -2.29257038375e-05
623 -3.25186731495e-05
624 -4.34151808345e-05
625 1.66364707368e-05
626 -4.54076675573e-05
627 -1.25087728103e-05
628 3.52230600688e-06
629 8.72545809578e-05
630 3.57349659771e-05
631 6.29221828351e-05
632 8.89732548838e-05
633 -4.78590616452e-05
634 2.17290392594e-06
635 3.51368993173e-05
636 2.72017714892e-05
637 -9.81664130237e-06
638 2.20772767994e-05
639 6.20576472971e-06
640 9.10705831952e-06
641 -3.77975635971e-05
642 3.63729554178e-05
643 0.000128772639094
644 8.39042091606e-05
645 -0.000124267462675
646 0.000200134617866
647 3.57993434362e-05
648 2.57263309572e-05
649 -8.42030448472e-05
650 0.000103449801492
651 0.000324837421767
652 -4.62986606866e-05
653 -0.000109377897763
654 0.000163501822554
655 -1.89503099131e-05
656 -5.03808672841e-05
657 -0.000191034549268
658 0.000177651810955
659 1.49211339403e-05
660 -0.000158085970001
661 -8.35158783242e-05
662 -4.95565099242e-05
663 -6.78729518149e-05
664 -5.63443362022e-05
665 -0.000160197265767
666 1.43377345794e-05
667 -0.000169452062016
668 -6.37187220321e-05
669 -9.1319009957e-05
670 -0.000230566427455
671 -0.00016485129545
672 -0.000134140607209
673 -0.000294867296769
674 -8.56653456334e-05
675 -6.8389714942e-05
676 4.76943410391e-05
677 3.27085413783e-06
678 -0.000116826793379
679 -0.000281027200179
680 9.2726343239e-05
681 -8.25405459122e-05
682 -0.000176170428312
683 2.78587607135e-05
684 -4.4593601082e-05
685 -0.000153450373744
686 -0.000143339207575
687 -0.000139105410358
688 -0.000144054479698
689 0.000168700829564
690 -3.96016260519e-05
691 -4.59363691398e-05
692 6.03979362319e-05
693 -0.000289740347152
694 -9.69844016125e-05
695 -0.000257787513895
696 -0.00053160146102
697 -2.5048337205e-05
698 -7.17164669174e-05
699 4.18645465649e-05
700 0.000105933643125
701 -0.000239278952524
702 4.57431365158e-05
703 -0.000111632573342
704 -0.000295091133846
705 -0.000118518285159
706 9.47010846588e-05
707 -0.000189401283318
708 -0.000262171956358
709 -6.60305256678e-05
710 -0.000369859982864
711 0.000269754414997
712 -0.000107239135044
713 -6.15665184097e-05
714 0.000209052294999
715 -0.000356386116321
716 -0.000449695783105
717 -0.000208857216577
718 0.000217322787053
719 1.36823738432e-06
720 -0.000399321928507
721 -9.03832021569e-05
722 0.000103196851726
723 -0.000490061939876
724 0.000187996808702
725 0.000139985880069
726 -0.000531571766496
727 -0.00024165472927
728 -0.000668013827232
729 -1.86351762363e-06
730 -0.00014569986991
731 -7.52594842153e-05
732 3.79341720532e-05
733 0.000218159525976
734 -0.000803256111394
735 -0.000338711577941
736 1.47713749113e-05
737 -0.000420483017235
738 0.00075414012076
739 0.000512484727023
740 -0.00015802118331
741 0.00048165212638
742 0.000544438975071
743 -0.000392812707854
744 -0.000479711638835
745 -0.00037167311323
746 0.00039804598009
747 -0.000403545391306
748 -0.000410104211103
749 0.000657022272557
750 0.000262973831479
751 -0.00012455367255
752 0.00043931133
753 0.000124615026996
754 0.000431645784347
755 -0.000619667617462
756 -0.000386300688611
757 -0.000773994316757
758 8.88867064519e-05
759 -0.000265528254622
760 -0.000244410054835
761 -0.000124124259933
762 0.000120901114872
763 -9.30545815277e-05
764 -0.000640206079836
765 -0.000436030124518
766 -0.00019408349337
767 8.91454482613e-05
768 4.41574516065e-05
769 -6.8523343341e-05
770 -0.000259433622583
771 -9.64887539846e-05
772 -0.000481732066979
773 -0.000547994459564
774 0.000202259201275
775 -0.000502568167174
776 -0.00076622705053
777 -0.000371406981525
778 7.49066757978e-06
779 -0.000577182582293
780 -0.000143043415634
781 -0.000440332875543
782 4.49863531216e-05
783 0.00016429474691
784 0.00015288257221
785 0.000349555808117
786 7.85525517469e-06
787 0.000360404528677
788 -9.77503849961e-05
789 -0.000213437479623
790 0.000166388492752
791 -0.000269009117421
792 2.83741002054e-05
793 -0.000492208633539
794 0.000755886941356
795 0.000480678503487
796 -0.000529753003654
797 1.02699556023e-07
798 0.00100876864238
799 -0.000314226681175
800 3.01775436358e-05
801 -0.0010208253513
802 -0.000620063381754
803 -0.000515230808454
804 -0.000314925124572
805 -0.000875310183727
806 -4.16854282063e-05
807 -0.000366344274263
808 -0.000598845085342
809 4.64768986419e-05
810 -0.000370287784648
811 -0.000206179607253
812 0.000478076255516
813 -0.000684305245357
814 -0.000357222405952
815 -0.000126095934622
816 -0.000518116659583
817 -0.000198118400558
818 0.000128460676427
819 -0.000492328833207
820 -0.000424616471172
821 -0.000527767411853
822 0.000280604231941
823 1.4673033713e-05
824 -8.36183000689e-05
825 0.000245102546611
826 -0.000129671419805
827 0.000606517127899
828 -0.00026150578551
829 0.000228024851523
830 -8.25930308204e-05
831 3.75918194491e-05
832 -0.000290053312558
833 0.000295853667561
834 0.000175449612039
835 -1.33388244978e-06
836 9.5722408581e-05
837 3.33987728972e-05
838 -0.000252668555644
839 0.000197945450413
840 -0.000585740342609
841 6.10170764443e-05
842 -0.000105096718901
843 -0.000268431737788
844 -0.000139238683979
845 0.000165004429261
846 -0.000188580821332
847 -0.000148440734576
848 -0.000249581554703
849 3.18198581053e-05
850 -0.000111792273132
851 -0.000290786285699
852 -4.66421538388e-05
853 -0.00018409147059
854 3.90886674363e-05
855 0.000124953545036
856 5.69382426301e-05
857 -0.000415708255425
858 4.14522554878e-05
859 0.000217144996794
860 0.000403397462599
861 -7.42925215592e-05
862 -0.000249426485867
863 -7.82758052033e-06
864 -4.21356961435e-05
865 -0.00021767606677
866 8.02751194913e-05
867 -0.000122042596882
868 -0.000134166016781
869 -4.54204187417e-05
870 -5.96138880218e-05
871 2.23346624194e-06
872 -4.142834096e-05
873 -0.000355870017934
874 -6.02793954411e-05
875 0.000184607013143
876 -0.000445520426197
877 -4.74670451918e-05
878 0.000304152653481
879 -0.000341891732709
880 5.4010330503e-05
881 5.19225033434e-05
882 2.65986522481e-05
883 -5.34129741403e-05
884 1.36493747967e-05
885 0.000686279637969
886 0.00013582688406
887 -0.000161455567179
888 2.85674474419e-05
889 2.70286117075e-05
890 0.000267328908249
891 -0.000308179419622
892 3.14404579655e-05
893 0.000514190722334
894 0.000127524951557
895 3.90889232218e-05
896 0.000252044888791
897 1.20193903614e-08
898 5.35329343899e-05
899 0.000138340245656
900 0.000248936220932
901 0.00010363415393
902 0.000236091992054
903 -4.45989768398e-05
904 0.00017630179683
905 -8.11894772875e-05
906 0.000223408892312
907 0.000281559880713
908 0.000193809155937
909 -0.000254595384997
910 3.6117382217e-05
911 -8.39553563034e-05
912 0.000305807072471
913 0.000180856352701
914 0.000124769428531
915 8.50771597728e-05
916 -2.14929758385e-05
917 0.000356116085015
918 0.000310236277337
919 -2.09881043651e-07
920 -1.13545969005e-05
921 7.05196338043e-05
922 -3.9145295239e-05
923 -6.53718485024e-05
924 -0.000117392558333
925 -0.000221471855733
926 0.000159622789719
927 -5.62353815419e-06
928 -0.000134512743863
929 0.000567733738523
930 -8.27665611975e-05
931 9.15993902426e-05
932 -8.48390563801e-05
933 -0.000247657020073
934 -9.65249965782e-05
935 -7.30376002934e-05
936 -5.29109617994e-05
937 2.84641508799e-05
938 -0.00011196141745
939 -0.000366951626915
940 -3.52758087821e-05
941 0.00017262220007
942 -0.000105469978322
943 -5.7861733611e-05
944 -6.20701928951e-05
945 0.00019796410509
946 9.95743170719e-05
947 0.000119896890708
948 0.00043559060608
949 0.000304015494476
950 7.77208148559e-05
951 2.39126431094e-05
952 4.56735309316e-05
953 0.000221036022677
954 0.00013368072121
955 2.4168422979e-05
956 9.01446344227e-05
957 -0.000159313841073
958 -2.67197830791e-05
959 0.000307234885843
960 6.1040952148e-05
961 0.000139753370441
962 0.000144262530552
963 0.000188014610304
964 0.000108189168878
965 5.88378290461e-05
966 0.000142592141406
967 0.000211742174265
968 0.000137931408653
969 0.000103187872926
970 0.000292901324277
971 -0.000110612118999
972 6.61724315381e-06
973 -1.01297092466e-05
974 -0.000110834766702
975 -0.000131207992992
976 -9.92922580279e-05
977 -6.60503150094e-05
978 -9.45425083088e-05
979 -9.17169489796e-05
980 -0.000136379072647
981 -5.4670954772e-05
982 -4.44154691065e-05
983 5.36010289068e-05
984 -5.80126241108e-05
985 -3.99578834762e-05
986 -0.00023300348435
987 -3.12020526356e-05
988 -3.89079609387e-05
989 -7.53208645654e-05
990 3.91473582256e-05
991 -9.32676977988e-07
992 2.05962665022e-05
993 -5.0568154632e-05
994 -5.92710129048e-05
995 4.2289513146e-05
996 3.52583037755e-05
997 -5.93821924172e-05
998 7.23522548356e-05
999 0.000110702789057
1000 3.10318098009e-05
1001 2.17145077305e-05
1002 2.79957175291e-05
1003 2.60747467936e-05
1004 5.74151369677e-05
1005 6.48439778886e-05
1006 2.71094273403e-05
1007 5.97370166863e-06
1008 1.5561170574e-05
1009 -3.90221708747e-06
1010 4.86464512767e-05
1011 0.000109145521788
1012 -2.58631327432e-05
1013 3.96728438865e-05
1014 -1.54145904341e-05
1015 5.83489861016e-05
1016 -6.2990155888e-05
1017 1.70075502631e-05
1018 2.25238328121e-05
1019 3.18373613073e-05
1020 -4.33771541011e-05
1021 -4.30606271653e-05
1022 1.97401144179e-05
1023 -9.00666868195e-05
