-0.261481139628
0 0.0
1 0.0
2 -9.64849703747e-05
3 -0.000487297828102
4 -0.000460935492822
5 -0.000151372107363
6 5.31441363079e-05
7 0.000248669292805
8 0.000175779226885
9 7.65899730534e-05
10 0.000101838739082
11 0.000214485304357
12 9.60935330894e-05
13 4.49971061058e-05
14 -0.00018898186548
15 -0.00026494121989
16 2.2757832312e-06
17 0.000103905703936
18 8.57739041432e-05
19 -4.41144803642e-05
20 -0.000185664072695
21 -0.000161863049489
22 4.12064536994e-05
23 -5.67887570693e-05
24 -0.000186848170024
25 1.95593610141e-05
26 -6.02438380787e-05
27 -4.15791559235e-05
28 3.70431984889e-05
29 0.000156104421917
30 1.87539178638e-05
31 -0.000249043858603
32 -0.000270045311436
33 -0.000464542741591
34 6.00692899979e-05
35 1.82956122905e-05
36 -6.97360141896e-05
37 -6.89077080257e-05
38 -9.32070439671e-05
39 -0.000117723131405
40 6.49592083134e-05
41 4.68456912734e-05
42 1.4287886966e-05
43 -2.39106921731e-05
44 1.78937235385e-05
45 4.06202043399e-05
46 -9.74714944196e-06
47 -5.52839671113e-06
48 4.25750719232e-06
49 -1.00590401882e-05
50 3.38847055185e-05
51 6.05332341956e-06
52 1.02873163144e-05
53 -1.28266087089e-05
54 1.51752861863e-05
55 1.7552887697e-05
56 -4.06281352174e-06
57 3.9592446578e-05
58 5.64545230712e-05
59 1.9807739217e-05
60 1.59372640634e-06
61 -3.67464872583e-05
62 3.06874330955e-06
63 -1.95751634328e-05
64 1.17033700912e-05
65 5.63464118959e-05
66 -4.55874049504e-05
67 -1.64298795201e-05
68 6.42575672324e-06
69 -2.3601814659e-05
70 1.65885436982e-05
71 1.89972403007e-05
72 -1.33440480985e-05
73 4.26331354292e-08
74 5.02282346329e-05
75 2.79975210744e-05
76 4.74662045289e-06
77 -1.30135019417e-05
78 -8.26070689775e-06
79 5.236208097e-05
80 2.43958799992e-06
81 3.19715839656e-06
82 2.29129005889e-05
83 -4.9017454375e-05
84 -3.02707557481e-05
85 -0.000117928327717
86 -3.02311649367e-05
87 3.60159695471e-05
88 7.24573822202e-05
89 7.09581429718e-05
90 4.79631221754e-05
91 -7.45906693949e-05
92 -0.000179233458483
93 -2.27901513102e-05
94 5.95718749434e-05
95 4.68362506128e-05
96 -5.27639223804e-06
97 6.52495903759e-05
98 -1.98955949768e-05
99 -1.7816991319e-05
100 5.14125836512e-05
101 -7.54028420267e-05
102 3.45641920671e-05
103 6.28409317647e-05
104 1.58083092255e-05
105 2.38465396869e-05
106 -4.14411033833e-05
107 1.25653976829e-05
108 -4.35213656194e-05
109 2.8157452363e-05
110 0.000125065586671
111 7.03773857772e-05
112 3.95680640765e-05
113 -4.43757650522e-05
114 -5.36638821101e-05
115 6.73084012857e-06
116 8.94712506184e-05
117 2.81575685079e-05
118 -3.16020221097e-05
119 -4.09226455946e-05
120 -0.000110504027029
121 4.65658915637e-05
122 0.000242884545229
123 0.000107901744061
124 1.91323514665e-05
125 -8.08546123282e-05
126 0.00011141830742
127 -3.41496247929e-05
128 1.38140901936e-05
129 5.93392178787e-06
130 -1.76747268396e-05
131 8.81795666772e-06
132 3.52694229333e-05
133 -2.7282446762e-05
134 3.37232712428e-05
135 -2.25351555188e-05
136 5.91994028489e-05
137 7.4913176412e-05
138 3.25911749136e-05
139 5.2801109768e-05
140 -0.00010376986205
141 5.79127083208e-05
142 6.80204642197e-05
143 5.08294276769e-05
144 1.00123565385e-05
145 -5.96427863519e-05
146 -7.96196718072e-05
147 -4.29988377999e-06
148 -2.73867138674e-05
149 9.95113024604e-05
150 4.06538073763e-05
151 6.43808837614e-05
152 -4.47241094449e-05
153 -8.11654513711e-06
154 6.6027030864e-05
155 2.10966766754e-05
156 -1.32786277123e-05
157 7.77853345693e-06
158 1.16606762737e-05
159 -2.08546177065e-05
160 -5.57372501101e-05
161 -7.69208152506e-05
162 1.98296321877e-05
163 -1.05876421266e-05
164 -2.37163689108e-05
165 -4.04291209226e-05
166 -1.06803820399e-05
167 8.13624083616e-05
168 -7.57394305472e-05
169 2.67833076251e-05
170 4.35717941121e-05
171 -4.86099160851e-05
172 5.73711890588e-05
173 -5.22140327313e-05
174 -0.000109310858475
175 0.000129295198426
176 -4.96554714433e-05
177 -0.000222997053877
178 -0.000228669665602
179 -0.00020815491971
180 -0.000120764451647
181 4.7147210232e-05
182 7.36059676789e-05
183 0.00016122068838
184 -2.12837188776e-05
185 3.61020245834e-05
186 -0.000146932225392
187 2.57807344774e-05
188 3.14912201261e-05
189 9.70950349751e-05
190 9.30593364114e-05
191 -4.51775713177e-05
192 -6.44266055226e-05
193 2.79924822201e-05
194 -3.96473601341e-05
195 -0.000116768000457
196 7.82534476803e-05
197 5.46990490596e-05
198 -6.0023363607e-05
199 0.000173014403521
200 5.9319523136e-05
201 -1.52229120324e-05
202 -6.53275446991e-05
203 -3.47071139689e-05
204 5.926953522e-05
205 -4.43543509636e-05
206 -0.000107234065716
207 3.46224609766e-05
208 -6.16685420233e-06
209 -2.41375273766e-06
210 -6.81277952032e-05
211 0.000175643615471
212 -0.000106029886752
213 2.0042585587e-05
214 -3.97894638575e-05
215 -2.23128141972e-05
216 4.91228776464e-05
217 -7.99439660403e-05
218 -4.92986982073e-05
219 6.64014083521e-05
220 -2.28956305047e-05
221 5.96160157899e-05
222 -1.03573225631e-05
223 -0.000144136236111
224 1.44766721822e-05
225 -3.95811313983e-05
226 3.39608382731e-05
227 -1.03421236335e-05
228 1.12900246552e-05
229 3.75792701652e-05
230 -5.54814623362e-05
231 -5.62241450213e-05
232 6.99714239181e-06
233 7.45946936816e-05
234 1.65895026386e-06
235 -4.94032313469e-05
236 8.04602533265e-06
237 -2.44500063416e-05
238 2.31750470306e-05
239 -6.77881912866e-05
240 2.01586328446e-06
241 -1.90053275164e-05
242 8.05045290629e-05
243 8.04595626064e-05
244 1.95419981518e-05
245 1.3613909384e-05
246 6.19949165051e-05
247 -9.16069702511e-06
248 -6.82999502686e-05
249 0.00010687908992
250 1.79323586725e-05
251 -0.000187059139009
252 9.55653365465e-05
253 -2.37428779145e-05
254 1.37561669441e-05
255 3.55601410482e-05
256 -1.69507078919e-05
257 1.57594628198e-05
258 3.65144080215e-05
259 4.3040485093e-05
260 0.000113818021065
261 -3.40930579747e-05
262 7.20831822274e-06
263 -3.42740578586e-05
264 -2.27336592507e-05
265 -4.03839439796e-05
266 -6.75063013131e-05
267 -3.47129698685e-05
268 1.66555316937e-05
269 -6.60297855671e-05
270 3.04840876709e-05
271 7.50782289406e-05
272 5.83877207425e-05
273 0.000101486464977
274 9.77349586507e-05
275 2.86323023455e-05
276 -9.83300200009e-05
277 4.62862480885e-05
278 7.0922317532e-05
279 -2.5631467261e-05
280 -8.63396065932e-05
281 -1.01557264091e-06
282 -9.97699934281e-05
283 0.000147552320671
284 -3.2267210609e-06
285 2.91305731078e-05
286 8.49840479022e-05
287 -2.7418333296e-05
288 1.98856805572e-05
289 4.75793183946e-05
290 0.000119713517396
291 -0.000126646970749
292 8.28248619478e-05
293 4.73929154186e-05
294 -0.000139264315226
295 -5.82273157045e-05
296 1.91432348335e-05
297 -2.47147010633e-05
298 0.000191214887847
299 0.000101410610915
300 -6.62206048971e-06
301 -5.44105943869e-05
302 6.29421429568e-06
303 3.47125506254e-05
304 9.57406906133e-05
305 2.81968315356e-05
306 1.65299687549e-05
307 2.75864392282e-05
308 -7.39309395379e-05
309 -3.81455176633e-05
310 1.35356101602e-06
311 4.54897202113e-06
312 2.31810757687e-05
313 7.34461248224e-05
314 -2.67131729027e-05
315 1.66308991901e-06
316 -3.03225539663e-05
317 -0.000141919639184
318 -0.00010806598736
319 9.10930486731e-05
320 6.82949497739e-05
321 -0.000138407049061
322 4.56327044559e-05
323 8.53657734124e-05
324 -8.32784428141e-07
325 -1.47814442832e-05
326 -3.3440714283e-05
327 -8.82043756871e-05
328 6.8051804127e-05
329 -5.89504388222e-05
330 6.85757991358e-06
331 -4.26530435505e-05
332 1.01779354676e-05
333 4.05411225303e-05
334 -2.14159505436e-05
335 7.51842470571e-05
336 -0.000111454683427
337 -7.38276548036e-05
338 -1.92445120038e-05
339 -0.000131213067331
340 7.65446535567e-05
341 5.4892321744e-05
342 2.52902900431e-05
343 2.60588139245e-06
344 0.000111127649586
345 0.000105836254421
346 -1.20577620814e-05
347 2.00696616374e-05
348 4.51052177935e-05
349 -4.12929802719e-05
350 -2.60914437544e-05
351 3.79926931485e-05
352 -0.000115788281932
353 1.83953081913e-05
354 3.27211222141e-05
355 2.78247034574e-05
356 -2.59637736946e-05
357 -0.000137056282352
358 9.51394603677e-05
359 4.02729151196e-05
360 -8.25560745197e-05
361 3.97215181693e-05
362 5.24278890501e-06
363 -4.22430044633e-05
364 -8.53936847264e-06
365 2.69406286441e-05
366 3.21623970597e-05
367 -2.46942152449e-05
368 -3.30333820457e-05
369 5.12810668762e-06
370 1.4436901197e-05
371 -3.00630329009e-05
372 2.09363218398e-07
373 -4.14388265131e-05
374 2.14025021068e-05
375 1.76320296414e-05
376 -2.69218197919e-05
377 -2.62415959844e-05
378 -3.69340709301e-05
379 3.50823299853e-05
380 -5.06765047138e-06
381 2.56985991353e-05
382 5.20491608968e-05
383 5.73090317902e-05
384 4.30440391582e-06
385 -2.57323789432e-05
386 6.10952387864e-07
387 -4.3339142582e-05
388 4.75946559442e-05
389 0.000166050076742
390 -4.474353025e-05
391 5.34544597938e-05
392 -6.48164437371e-05
393 -6.82362334235e-05
394 7.96938166467e-05
395 -2.92578426918e-05
396 -1.09940267043e-05
397 -3.25560455411e-05
398 0.000234677640947
399 0.000141168226034
400 -5.16516268557e-05
401 -4.51307690821e-05
402 3.67933054902e-05
403 7.21274349776e-05
404 -0.000128715137276
405 -4.38811274089e-05
406 -0.00013745288711
407 -1.32797909957e-05
408 1.56036105055e-05
409 0.000238437894416
410 -0.000178364851348
411 -0.000172334947912
412 -0.000127038739248
413 5.99645811772e-05
414 2.92070893958e-05
415 -7.65144510751e-05
416 0.000102337696612
417 5.11393187366e-05
418 -7.43545323657e-05
419 0.000108833360633
420 -6.53499937064e-05
421 -2.42187098358e-05
422 -3.46347602732e-05
423 3.13487527014e-05
424 -0.000168191213908
425 -0.000127037690743
426 -8.57730276709e-05
427 5.98536716144e-05
428 3.70168446489e-06
429 7.64297275365e-05
430 8.04535273704e-05
431 -3.56613568878e-05
432 -9.90778173346e-05
433 6.9600168414e-05
434 5.02788170787e-05
435 -2.79721705118e-05
436 -4.76029943826e-05
437 -0.000148663470469
438 -5.11594062527e-05
439 2.48686471208e-05
440 -7.43724517245e-05
441 -1.09313344526e-05
442 5.09389350137e-05
443 -7.95944062386e-06
444 2.0098535353e-05
445 0.000189051173406
446 -0.000106562267902
447 8.89088645817e-05
448 -4.2987188163e-05
449 0.000175116024134
450 -5.18304403364e-06
451 -0.000166951811219
452 -0.000196793597398
453 -0.000126072417459
454 -8.88865422604e-05
455 1.90415619815e-05
456 0.0003109504106
457 0.000106559508365
458 -0.000316259767612
459 -0.000289701399007
460 -2.54402025869e-05
461 6.86356586058e-05
462 -4.24149207651e-05
463 -0.000101485827983
464 -6.70023578461e-05
465 0.000234229651782
466 -3.81768281758e-05
467 -0.000384259900809
468 -0.000221659432025
469 -1.25333582783e-05
470 -9.40988824221e-05
471 6.74357311867e-05
472 -0.000323875723242
473 0.000150208710766
474 -0.000360490174266
475 -8.94504291478e-06
476 2.79520096575e-05
477 -3.70796229395e-05
478 -1.18453495491e-05
479 7.98222443747e-05
480 -0.000268508648826
481 -0.000249838995203
482 -0.00026551647995
483 4.92310676259e-05
484 -0.000306331663704
485 0.000195671289701
486 0.000217843958466
487 0.00035846129794
488 1.41131917438e-05
489 -0.000255782167251
490 0.000124335890173
491 -0.000167194511179
492 0.000198220034403
493 7.81116532656e-05
494 -7.42333383905e-06
495 8.80651013822e-05
496 -2.84565061348e-06
497 -0.000393067195264
498 -0.000341593375997
499 5.51049186599e-06
500 -0.000190470865405
501 0.00024917219199
502 0.000234540759521
503 -6.86227897014e-05
504 0.000291690578436
505 -0.000592920130021
506 -0.000570347086158
507 2.22227378701e-05
508 0.000406412603281
509 5.65532955554e-05
510 -5.05453632777e-06
511 -3.20959799406e-05
512 8.08879079929e-05
513 0.0
514 0.0
515 0.0
516 0.0
517 0.0
518 0.0
519 0.0
520 0.0
521 0.0
522 0.0
523 0.0
524 0.0
525 0.0
526 0.0
527 0.0
528 0.0
529 0.0
530 0.0
531 0.0
532 0.0
533 0.0
534 0.0
535 0.0
536 0.0
537 0.0
538 0.0
539 0.0
540 0.0
541 0.0
542 0.0
543 0.0
544 0.0
545 0.0
546 0.0
547 0.0
548 0.0
549 0.0
550 0.0
551 0.0
552 0.0
553 0.0
554 0.0
555 0.0
556 0.0
557 0.0
558 0.0
559 0.0
560 0.0
561 0.0
562 0.0
563 0.0
564 0.0
565 0.0
566 0.0
567 0.0
568 0.0
569 0.0
570 0.0
571 0.0
572 0.0
573 0.0
574 0.0
575 0.0
576 0.0
577 0.0
578 0.0
579 0.0
580 0.0
581 0.0
582 0.0
583 0.0
584 0.0
585 0.0
586 0.0
587 0.0
588 0.0
589 0.0
590 0.0
591 0.0
592 0.0
593 0.0
594 0.0
595 0.0
596 0.0
597 0.0
598 0.0
599 0.0
600 0.0
601 0.0
602 0.0
603 0.0
604 0.0
605 0.0
606 0.0
607 0.0
608 0.0
609 0.0
610 0.0
611 0.0
612 0.0
613 0.0
614 0.0
615 0.0
616 0.0
617 0.0
618 0.0
619 0.0
620 0.0
621 0.0
622 0.0
623 0.0
624 0.0
625 0.0
626 0.0
627 0.0
628 0.0
629 0.0
630 0.0
631 0.0
632 0.0
633 0.0
634 0.0
635 0.0
636 0.0
637 0.0
638 0.0
639 0.0
640 0.0
641 0.0
642 0.0
643 0.0
644 0.0
645 0.0
646 0.0
647 0.0
648 0.0
649 0.0
650 0.0
651 0.0
652 0.0
653 0.0
654 0.0
655 0.0
656 0.0
657 0.0
658 0.0
659 0.0
660 0.0
661 0.0
662 0.0
663 0.0
664 0.0
665 0.0
666 0.0
667 0.0
668 0.0
669 0.0
670 0.0
671 0.0
672 0.0
673 0.0
674 0.0
675 0.0
676 0.0
677 0.0
678 0.0
679 0.0
680 0.0
681 0.0
682 0.0
683 0.0
684 0.0
685 0.0
686 0.0
687 0.0
688 0.0
689 0.0
690 0.0
691 0.0
692 0.0
693 0.0
694 0.0
695 0.0
696 0.0
697 0.0
698 0.0
699 0.0
700 0.0
701 0.0
702 0.0
703 0.0
704 0.0
705 0.0
706 0.0
707 0.0
708 0.0
709 0.0
710 0.0
711 0.0
712 0.0
713 0.0
714 0.0
715 0.0
716 0.0
717 0.0
718 0.0
719 0.0
720 0.0
721 0.0
722 0.0
723 0.0
724 0.0
725 0.0
726 0.0
727 0.0
728 0.0
729 0.0
730 0.0
731 0.0
732 0.0
733 0.0
734 0.0
735 0.0
736 0.0
737 0.0
738 0.0
739 0.0
740 0.0
741 0.0
742 0.0
743 0.0
744 0.0
745 0.0
746 0.0
747 0.0
748 0.0
749 0.0
750 0.0
751 0.0
752 0.0
753 0.0
754 0.0
755 0.0
756 0.0
757 0.0
758 0.0
759 0.0
760 0.0
761 0.0
762 0.0
763 0.0
764 0.0
765 0.0
766 0.0
767 0.0
768 0.0
769 0.0
770 0.0
771 0.0
772 0.0
773 0.0
774 0.0
775 0.0
776 0.0
777 0.0
778 0.0
779 0.0
780 0.0
781 0.0
782 0.0
783 0.0
784 0.0
785 0.0
786 0.0
787 0.0
788 0.0
789 0.0
790 0.0
791 0.0
792 0.0
793 0.0
794 0.0
795 0.0
796 0.0
797 0.0
798 0.0
799 0.0
800 0.0
801 0.0
802 0.0
803 0.0
804 0.0
805 0.0
806 0.0
807 0.0
808 0.0
809 0.0
810 0.0
811 0.0
812 0.0
813 0.0
814 0.0
815 0.0
816 0.0
817 0.0
818 0.0
819 0.0
820 0.0
821 0.0
822 0.0
823 0.0
824 0.0
825 0.0
826 0.0
827 0.0
828 0.0
829 0.0
830 0.0
831 0.0
832 0.0
833 0.0
834 0.0
835 0.0
836 0.0
837 0.0
838 0.0
839 0.0
840 0.0
841 0.0
842 0.0
843 0.0
844 0.0
845 0.0
846 0.0
847 0.0
848 0.0
849 0.0
850 0.0
851 0.0
852 0.0
853 0.0
854 0.0
855 0.0
856 0.0
857 0.0
858 0.0
859 0.0
860 0.0
861 0.0
862 0.0
863 0.0
864 0.0
865 0.0
866 0.0
867 0.0
868 0.0
869 0.0
870 0.0
871 0.0
872 0.0
873 0.0
874 0.0
875 0.0
876 0.0
877 0.0
878 0.0
879 0.0
880 0.0
881 0.0
882 0.0
883 0.0
884 0.0
885 0.0
886 0.0
887 0.0
888 0.0
889 0.0
890 0.0
891 0.0
892 0.0
893 0.0
894 0.0
895 0.0
896 0.0
897 0.0
898 0.0
899 0.0
900 0.0
901 0.0
902 0.0
903 0.0
904 0.0
905 0.0
906 0.0
907 0.0
908 0.0
909 0.0
910 0.0
911 0.0
912 0.0
913 0.0
914 0.0
915 0.0
916 0.0
917 0.0
918 0.0
919 0.0
920 0.0
921 0.0
922 0.0
923 0.0
924 0.0
925 0.0
926 0.0
927 0.0
928 0.0
929 0.0
930 0.0
931 0.0
932 0.0
933 0.0
934 0.0
935 0.0
936 0.0
937 0.0
938 0.0
939 0.0
940 0.0
941 0.0
942 0.0
943 0.0
944 0.0
945 0.0
946 0.0
947 0.0
948 0.0
949 0.0
950 0.0
951 0.0
952 0.0
953 0.0
954 0.0
955 0.0
956 0.0
957 0.0
958 0.0
959 0.0
960 0.0
961 0.0
962 0.0
963 0.0
964 0.0
965 0.0
966 0.0
967 0.0
968 0.0
969 0.0
970 0.0
971 0.0
972 0.0
973 0.0
974 0.0
975 0.0
976 0.0
977 0.0
978 0.0
979 0.0
980 0.0
981 0.0
982 0.0
983 0.0
984 0.0
985 0.0
986 0.0
987 0.0
988 0.0
989 0.0
990 0.0
991 0.0
992 0.0
993 0.0
994 0.0
995 0.0
996 0.0
997 0.0
998 0.0
999 0.0
1000 0.0
1001 0.0
1002 0.0
1003 0.0
1004 0.0
1005 0.0
1006 0.0
1007 0.0
1008 0.0
1009 0.0
1010 0.0
1011 0.0
1012 0.0
1013 0.0
1014 0.0
1015 0.0
1016 0.0
1017 0.0
1018 0.0
1019 0.0
1020 0.0
1021 0.0
1022 0.0
1023 0.0
