7.23162828658e-05
0 -3.07673424852e-05
1 3.44465357932e-05
2 -0.000107579070188
3 -7.03267463556e-05
4 -3.17013075718e-05
5 3.92736008036e-05
6 8.8106125514e-06
7 5.69358006858e-05
8 -4.43491727771e-05
9 1.91405284679e-06
10 -2.23799040153e-06
11 3.69444589023e-05
12 2.91049299785e-05
13 1.73711525705e-05
14 4.39244468317e-05
15 3.06362613013e-05
16 1.26459537328e-05
17 4.94145998809e-05
18 2.83160945377e-05
19 1.82720181155e-05
20 -4.99982006336e-06
21 -5.02884187821e-06
22 2.84287052566e-05
23 1.64548947758e-05
24 -7.68768331228e-06
25 2.97984888994e-05
26 6.96582349275e-06
27 2.45408416882e-06
28 1.45861648151e-05
29 8.08927886461e-06
30 -2.94595434584e-05
31 -5.89981370631e-05
32 -2.16290365311e-05
33 -2.06584073302e-05
34 -2.58279267655e-05
35 -3.0098641781e-05
36 1.1341451165e-05
37 -1.64581426279e-06
38 -3.36836756549e-05
39 2.00878933757e-06
40 1.88047867567e-05
41 8.49451274011e-06
42 -0.000100762647759
43 -1.4583670562e-06
44 -2.43230569675e-05
45 -8.13005096098e-05
46 -4.1379717359e-05
47 -9.88349469186e-05
48 -0.000109293636726
49 -0.000112441430734
50 -1.56783163536e-05
51 3.91117783737e-05
52 8.70688650964e-05
53 1.86999064026e-05
54 1.1159089908e-05
55 0.000103793414491
56 -5.29415306745e-05
57 0.000118983715579
58 0.000126792516572
59 7.83569526086e-05
60 0.000179665773567
61 7.09856177987e-05
62 1.20042991652e-05
63 -4.20049317015e-05
64 -7.92982437371e-05
65 8.66818249058e-05
66 4.79396721772e-05
67 -3.55113644942e-05
68 2.61888558842e-05
69 2.61280594261e-05
70 1.0678294639e-05
71 9.3171614948e-05
72 6.28187807037e-05
73 1.14558818391e-05
74 -0.000208515374357
75 8.80595385142e-05
76 0.00022633632842
77 4.49412216978e-05
78 -5.37256240358e-06
79 5.10079931098e-05
80 -5.02468085853e-06
81 -3.8856997398e-05
82 -0.000160713640376
83 -0.000210738882491
84 -1.67968536391e-05
85 -2.38112027307e-06
86 6.42148828761e-05
87 3.42053146954e-05
88 -2.37687475479e-06
89 -0.000197988500561
90 -0.000149644102003
91 -0.000151991700795
92 6.23281473642e-05
93 0.000336147049462
94 0.000267206103702
95 0.000218865665142
96 0.000142955853065
97 -1.87794077296e-05
98 0.000174033503325
99 0.000202980709785
100 2.1166160008e-05
101 -0.00011996499479
102 -8.55901901007e-06
103 0.000152274342712
104 0.000196282122577
105 6.51957575271e-05
106 0.000439956324222
107 0.000539552302945
108 8.01526234539e-05
109 9.4609620924e-05
110 0.000181347820304
111 0.000165640939247
112 0.000160185856875
113 0.000229317754415
114 0.000210250625794
115 0.000192766433223
116 0.000147802333048
117 0.00039620778601
118 0.000176328874647
119 0.000423697525752
120 0.000228504765397
121 -2.87664370079e-05
122 0.000205156119706
123 0.00030949185436
124 0.000265571791342
125 0.000107236579648
126 0.0001462644949
127 0.000106931371226
128 0.000146887470017
129 4.90789232461e-05
130 0.000131255438921
131 0.000454837463332
132 0.000203049328245
133 5.22924902984e-05
134 0.000358230866626
135 0.000217885308881
136 0.000182295211564
137 2.41260947922e-05
138 -6.7589808082e-05
139 -0.000271066473697
140 8.58631933311e-05
141 5.24175673122e-06
142 -1.78190274216e-05
143 0.000140905973235
144 -9.93382782544e-05
145 -0.000201888649769
146 0.000260125497922
147 8.85451973945e-05
148 -0.000100221060542
149 -0.000102527831592
150 -2.6261550026e-05
151 -6.08165528094e-05
152 -7.72813870296e-06
153 7.62209517668e-05
154 6.81443204686e-05
155 -6.40329687347e-05
156 -0.000228682467217
157 -1.33325717943e-05
158 9.14419044507e-05
159 -7.51898565195e-05
160 -0.000239796155022
161 -0.000117889569163
162 -0.000182736550715
163 -7.31038850743e-06
164 -3.01019755474e-05
165 -4.67607975156e-05
166 -0.000146390680612
167 -0.000328629844596
168 2.31056298071e-05
169 -0.000295767906873
170 -0.000201590354917
171 0.000132208272708
172 1.91512895445e-05
173 -0.000323841467732
174 -0.00015260714075
175 -0.000114627864386
176 -0.000144333866296
177 -0.00013198325025
178 0.00012113651525
179 7.5869724754e-06
180 -0.000156054624782
181 -0.000485543881766
182 -0.0001350475197
183 -0.000321253993529
184 -0.000187035228247
185 -8.64701764116e-05
186 -7.2075389334e-05
187 -0.000275608016381
188 -0.000136134625877
189 -2.17864719056e-05
190 0.000159352106486
191 -5.44178987525e-05
192 -0.000113484175024
193 9.48846801257e-05
194 -7.85151101748e-05
195 -0.000453563043149
196 -2.7284610422e-05
197 6.22113157592e-05
198 0.000175566173184
199 -1.59790692091e-05
200 -2.24152396155e-05
201 2.58359794131e-06
202 -2.53040395485e-05
203 -0.000265978789449
204 -0.000122644647241
205 2.84228106185e-05
206 0.000155712984893
207 -9.88868081957e-05
208 -0.000161756874198
209 -0.000139428486901
210 1.57173267634e-05
211 -8.87495603381e-05
212 -9.16559284553e-05
213 -9.00440199751e-06
214 -0.000383654348397
215 -0.000250846777131
216 1.76475760848e-05
217 9.24231005897e-05
218 -3.8938953688e-06
219 2.53955851018e-05
220 4.21766524281e-05
221 -0.000195182548183
222 2.65440219512e-06
223 -1.87933619364e-06
224 9.42134982111e-07
225 -6.73953387156e-05
226 0.000375232401454
227 0.000226233549282
228 -0.000108466827971
229 -0.000520438060502
230 7.46868558975e-05
231 -0.000558827211968
232 -0.000162192018016
233 0.000486291120228
234 2.54429567721e-06
235 -6.3416211459e-05
236 -0.00023796882034
237 0.000393622003714
238 7.92628669861e-05
239 0.000154337822769
240 0.000237245760543
241 0.000256899446495
242 0.000124404879706
243 -0.0001555924253
244 -8.44066205366e-05
245 5.89116039772e-05
246 -1.71183775451e-05
247 -6.8804108541e-05
248 -3.25301295366e-05
249 -4.72802091591e-05
250 2.39748233686e-06
251 -4.57144953316e-05
252 -7.18195328869e-05
253 -0.000105906378668
254 -3.9123411833e-05
255 7.77337380882e-05
256 -6.22940850221e-05
257 3.13098259638e-05
258 -9.08066837998e-05
259 -4.87258947165e-05
260 -1.01016779557e-05
261 -7.4564545611e-05
262 -3.86841838914e-05
263 -3.46620738218e-05
264 -2.54733524226e-05
265 -5.87070362309e-05
266 -7.98685762152e-05
267 9.09553190987e-05
268 -5.97605511294e-05
269 -4.3128402014e-05
270 2.2382463804e-05
271 0.000200674600936
272 0.000152719488698
273 0.000232585169785
274 1.09779978801e-05
275 0.000250337303967
276 -0.000260118813165
277 9.69200447482e-05
278 2.57433328671e-06
279 0.000261662653954
280 0.000238081141134
281 -0.00024777116135
282 1.1945234241e-05
283 -0.0001867560414
284 2.01870832192e-05
285 0.000131048523093
286 0.000142250820035
287 -2.64155391551e-05
288 -2.99785664612e-05
289 -0.000123770246104
290 -1.71354445586e-05
291 -0.000110373009236
292 4.452811792e-06
293 -7.90905890712e-05
294 -0.000109098111432
295 -9.10226391855e-05
296 -6.2615483682e-05
297 -0.000243698775665
298 -0.000237438069636
299 9.90667510993e-05
300 -6.09669781209e-05
301 -0.000104445347873
302 -8.98211199676e-05
303 -0.000137872875984
304 -0.000186438228042
305 -1.75584625769e-05
306 -9.57482431695e-06
307 -8.3887903245e-05
308 -0.000122815052022
309 -0.000112748197821
310 0.000109333460562
311 1.02306443656e-05
312 -6.30954056929e-05
313 -3.56369374077e-05
314 0.000120719928714
315 9.5178344907e-05
316 -9.40327970296e-05
317 -0.00013611982672
318 -2.3790754756e-05
319 2.10339669822e-05
320 -3.97795397677e-05
321 -8.14350644874e-05
322 6.91363152781e-07
323 3.26516626752e-05
324 3.98295061381e-05
325 -8.24156849219e-05
326 -0.000242114507962
327 1.91788959069e-05
328 -0.000159265912926
329 -0.000175941806635
330 -0.000163658912609
331 -0.000121227944547
332 -0.000143791534487
333 5.00589067414e-05
334 -7.76079877097e-05
335 -0.000130427107683
336 -0.000116492196579
337 -9.6460518389e-05
338 -2.83835514838e-05
339 -0.000234698440483
340 -4.74003854679e-05
341 -0.000105267336372
342 -9.34108544865e-05
343 -6.27630786519e-05
344 -5.98878492993e-05
345 -7.65647542446e-05
346 -3.16622236312e-05
347 -4.64452736637e-05
348 1.60064447281e-05
349 -1.24052126837e-06
350 -5.97025567181e-05
351 -9.4933629995e-06
352 -0.000157409753668
353 -4.70230034976e-05
354 0.000102726812232
355 -0.000151877533858
356 -0.00019925044387
357 -0.000113747091131
358 2.23361843475e-05
359 -1.29326349116e-05
360 -7.45263398867e-05
361 -0.000103064740228
362 -7.68083523416e-05
363 -5.65279377594e-05
364 -0.00010763885283
365 3.07719359945e-06
366 -3.06329125273e-05
367 -0.000114094518201
368 -5.51583823367e-05
369 -3.08045711208e-05
370 -4.37658400073e-05
371 2.36413284525e-05
372 -4.78991307715e-06
373 -0.000131956000691
374 -6.70153308304e-05
375 -1.40783814187e-05
376 -2.22438306646e-05
377 5.39250392114e-05
378 6.18516277033e-05
379 -9.35083224e-08
380 9.2434922716e-06
381 0.000145970280144
382 8.75182660025e-05
383 1.69439424927e-05
384 6.35874310698e-05
385 4.42645384108e-05
386 3.07761123124e-06
387 2.77124356899e-05
388 9.31646648999e-05
389 6.83310445153e-05
390 6.910182388e-05
391 -4.82996279527e-05
392 6.76995045573e-05
393 5.65958413433e-05
394 2.98844216748e-05
395 8.75397305851e-05
396 4.38275625535e-05
397 -8.21223021825e-06
398 2.83867863255e-05
399 5.83848554432e-05
400 3.64909446133e-05
401 3.06565450068e-05
402 3.48213792557e-05
403 3.8122965845e-05
404 -1.41354237349e-06
405 9.20238694169e-05
406 0.0001101851971
407 4.05547148837e-06
408 3.64719417853e-05
409 4.01007867319e-05
410 -3.15980360733e-06
411 -3.30825289261e-05
412 -7.5712067573e-06
413 -1.4639234074e-05
414 2.88793838116e-05
415 -8.29769188294e-06
416 4.19293514971e-06
417 5.25081048629e-05
418 2.86268466497e-05
419 8.83318375184e-05
420 -1.5448552377e-05
421 -4.16989904181e-05
422 -2.30526532916e-05
423 -1.75287789849e-05
424 -9.53471676424e-06
425 -3.19223366692e-05
426 2.1549544781e-05
427 1.92101696106e-05
428 -9.88208221426e-07
429 -3.85101643497e-05
430 -4.0724469175e-05
431 4.56620315504e-06
432 1.61319563541e-05
433 -5.0787912921e-07
434 -5.55986204845e-07
435 3.1556619737e-05
436 6.04124404205e-05
437 -1.57431006362e-06
438 -3.1682355286e-05
439 -2.00956317072e-05
440 3.00066556092e-06
441 2.89995776292e-06
442 1.1478507696e-05
443 3.06848667317e-06
444 2.58492674272e-06
445 -4.53786097024e-06
446 -5.53766348992e-06
447 3.23977175275e-05
448 3.53048344503e-06
449 -1.49436380533e-05
450 3.96610596067e-06
451 1.07273489504e-05
452 2.30913602996e-05
453 1.84669066798e-05
454 1.39562982392e-05
455 1.70746430111e-05
456 -9.15436901278e-06
457 1.26215420815e-05
458 8.53224568943e-06
459 5.45299191108e-06
460 -1.94671071832e-07
461 4.28695743785e-07
462 -6.55176281637e-07
463 -5.83300457472e-06
464 -1.41490860511e-05
465 -9.27020002095e-06
466 -1.26173886246e-06
467 -1.11097308993e-06
468 1.79582523548e-06
469 1.75660037758e-06
470 -8.7599765768e-06
471 1.74113904658e-06
472 1.15455088383e-06
473 -2.11349848437e-06
474 -3.67664708895e-06
475 -9.80028587327e-07
476 -2.09956676463e-07
477 -8.58151948144e-07
478 -2.46039616907e-06
479 -1.84494611197e-06
480 -2.96420562197e-06
481 -5.00214687538e-06
482 -2.02945341895e-06
483 1.27937130854e-06
484 1.89689286003e-06
485 7.73914095529e-07
486 1.30640700496e-06
487 2.24611246083e-06
488 -5.76496140684e-07
489 1.27692746301e-06
490 2.38969084158e-06
491 1.63937977814e-07
492 2.80111610936e-07
493 1.45500102731e-06
494 6.4755427929e-07
495 2.15303475045e-06
496 9.91817356482e-08
497 5.27506299281e-07
498 1.67249373334e-06
499 8.36284582459e-07
500 1.06239886055e-06
501 7.25432702049e-07
502 4.11703787101e-07
503 -7.45188927181e-08
504 -9.13719001659e-07
505 1.32944877498e-06
506 5.53959610252e-08
507 5.38532235524e-07
508 -2.35007163106e-07
509 -9.96135785103e-07
510 -5.65914143338e-07
511 1.21093735297e-07
512 0.0
513 1.0568151937e-07
514 -6.60107987032e-07
515 -6.47300932215e-07
516 -3.89050009093e-07
517 6.02502087616e-07
518 1.62200775836e-07
519 1.22292547624e-06
520 -1.08871035872e-06
521 5.28660278174e-08
522 -6.86840974429e-08
523 1.24726269855e-06
524 1.07199907052e-06
525 6.93192757088e-07
526 1.88778503113e-06
527 1.41085397461e-06
528 6.21260820608e-07
529 2.57957512302e-06
530 1.5652987175e-06
531 1.06630455871e-06
532 -3.07172010362e-07
533 -3.24439873638e-07
534 1.92172397161e-06
535 1.1630344114e-06
536 -5.67080141016e-07
537 2.29000839854e-06
538 5.56820453654e-07
539 2.03748613274e-07
540 1.25608875702e-06
541 7.21619079778e-07
542 -2.71910187598e-06
543 -5.62810114394e-06
544 -2.13027149542e-06
545 -2.09869061506e-06
546 -2.70393809301e-06
547 -3.24443027725e-06
548 1.25773860382e-06
549 -1.87627871052e-07
550 -3.94480786813e-06
551 2.41511235911e-07
552 2.31935183742e-06
553 1.07416367456e-06
554 -1.30560484315e-05
555 -1.93516278406e-07
556 -3.30346865366e-06
557 -1.12960687236e-05
558 -5.87885163962e-06
559 -1.43510302673e-05
560 -1.62121780669e-05
561 -1.70318301024e-05
562 -2.42406699816e-06
563 6.17010221018e-06
564 1.40094984106e-05
565 3.06772312288e-06
566 1.86583072453e-06
567 1.76820234121e-05
568 -9.18622777904e-06
569 2.102185957e-05
570 2.28028664953e-05
571 1.43403301381e-05
572 3.34511468408e-05
573 1.3441947568e-05
574 2.31132807288e-06
575 -8.22141205383e-06
576 -1.57734013303e-05
577 1.75187131417e-05
578 9.84195718172e-06
579 -7.4040511182e-06
580 5.54422485284e-06
581 5.61516333449e-06
582 2.32916563201e-06
583 2.06223260702e-05
584 1.4106432244e-05
585 2.60944687333e-06
586 -4.81695093203e-05
587 2.06275766901e-05
588 5.37513628114e-05
589 1.08186041029e-05
590 -1.31077643834e-06
591 1.2610654326e-05
592 -1.25861266704e-06
593 -9.85995946094e-06
594 -4.13062966839e-05
595 -5.48534778303e-05
596 -4.42714195537e-06
597 -6.35400380524e-07
598 1.73471700529e-05
599 9.35299664711e-06
600 -6.57768547729e-07
601 -5.54452969115e-05
602 -4.24023150798e-05
603 -4.3571705624e-05
604 1.80748278941e-05
605 9.85998502674e-05
606 7.9268958974e-05
607 6.56595906889e-05
608 4.33651782172e-05
609 -5.75964872667e-06
610 5.39607932674e-05
611 6.36194196382e-05
612 6.70540700808e-06
613 -3.8410114411e-05
614 -2.76938586786e-06
615 4.97870142446e-05
616 6.48428573971e-05
617 2.17598402563e-05
618 0.000148342202818
619 0.000183768896096
620 2.75743106236e-05
621 3.28727994346e-05
622 6.36348266474e-05
623 5.86946631941e-05
624 5.73154150342e-05
625 8.28456888987e-05
626 7.66873375355e-05
627 7.09809420605e-05
628 5.49396665519e-05
629 0.000148659650266
630 6.67775455285e-05
631 0.000161946627292
632 8.81440160536e-05
633 -1.11979449326e-05
634 8.05870262733e-05
635 0.000122668318925
636 0.00010620433104
637 4.32668708564e-05
638 5.95359386259e-05
639 4.39085614457e-05
640 6.08427811263e-05
641 2.0505786207e-05
642 5.53137605776e-05
643 0.000193323275632
644 8.70401648493e-05
645 2.26061265704e-05
646 0.000156169944989
647 9.57831878065e-05
648 8.08059065094e-05
649 1.07830459018e-05
650 -3.04580775353e-05
651 -0.000123152889151
652 3.9328242417e-05
653 2.42038656223e-06
654 -8.29436505305e-06
655 6.61153278114e-05
656 -4.69835016396e-05
657 -9.62452647235e-05
658 0.000124989059034
659 4.28804120523e-05
660 -4.89149117486e-05
661 -5.04308486985e-05
662 -1.3017609459e-05
663 -3.03789781625e-05
664 -3.89001896253e-06
665 3.86599503025e-05
666 3.48266647943e-05
667 -3.29736211694e-05
668 -0.000118648521585
669 -6.96940703729e-06
670 4.81576851243e-05
671 -3.98937190503e-05
672 -0.000128173714132
673 -6.34790662989e-05
674 -9.91210881322e-05
675 -3.99442192048e-06
676 -1.6567946283e-05
677 -2.59241008001e-05
678 -8.17468929041e-05
679 -0.000184837043766
680 1.30891776154e-05
681 -0.000168751146168
682 -0.000115839145009
683 7.65108529227e-05
684 1.116171189e-05
685 -0.000190073834763
686 -9.020106565e-05
687 -6.82281595249e-05
688 -8.65103900783e-05
689 -7.96591216333e-05
690 7.36204895689e-05
691 4.64290336905e-06
692 -9.61580369047e-05
693 -0.000301242483218
694 -8.43614463406e-05
695 -0.000202053701544
696 -0.000118438756004
697 -5.51290232051e-05
698 -4.62632530966e-05
699 -0.000178101644576
700 -8.85652849876e-05
701 -1.42689795562e-05
702 0.000105067119354
703 -3.61198812807e-05
704 -7.58276974137e-05
705 6.38218511617e-05
706 -5.31618518476e-05
707 -0.000309136991891
708 -1.87193516663e-05
709 4.29630516187e-05
710 0.000122042974256
711 -1.11805492934e-05
712 -1.57865894493e-05
713 1.83145218315e-06
714 -1.80543939471e-05
715 -0.000191009687245
716 -8.86474602584e-05
717 2.06770353831e-05
718 0.000114010329181
719 -7.28702635693e-05
720 -0.00011996708714
721 -0.000104071773095
722 1.18069383735e-05
723 -6.70960344179e-05
724 -6.97362395923e-05
725 -6.89470652554e-06
726 -0.000295637008679
727 -0.000194527398029
728 1.37723052341e-05
729 7.25850399793e-05
730 -3.07745676906e-06
731 2.01977362519e-05
732 3.37558871793e-05
733 -0.000157198264828
734 2.15129758858e-06
735 -1.53270962446e-06
736 7.73190892682e-07
737 -5.56568272309e-05
738 0.000311817911636
739 0.000189176341117
740 -9.12667982885e-05
741 -0.000440644255005
742 6.36302587672e-05
743 -0.000479065382775
744 -0.000139907795745
745 0.000422086562364
746 2.22209998309e-06
747 -5.57293635677e-05
748 -0.000210421362124
749 0.000350213701911
750 7.09586893716e-05
751 0.000139023567827
752 0.000215027025402
753 0.000234279689811
754 0.000114152196924
755 -0.000143651209762
756 -7.84097430511e-05
757 5.50637514926e-05
758 -1.60989635492e-05
759 -6.51056977366e-05
760 -3.09712569018e-05
761 -4.52918391736e-05
762 2.31080225662e-06
763 -4.43330864876e-05
764 -7.00780921961e-05
765 -0.000103974603006
766 -3.86462171453e-05
767 7.7258222857e-05
768 -6.22940850221e-05
769 3.15025271e-05
770 -9.1927939239e-05
771 -4.96311813419e-05
772 -1.03527113006e-05
773 -7.68879755372e-05
774 -4.01352312993e-05
775 -3.61837721794e-05
776 -2.67555004267e-05
777 -6.20419737135e-05
778 -8.49259988721e-05
779 9.73112731509e-05
780 -6.43311242168e-05
781 -4.67135149458e-05
782 2.43927631368e-05
783 0.000220049775056
784 0.000168499990894
785 0.000258205781401
786 1.22627336058e-05
787 0.000281366119191
788 -0.000294172441162
789 0.000110288401411
790 2.94760112131e-06
791 0.000301464764679
792 0.000276002207737
793 -0.000289023737471
794 1.40208720942e-05
795 -0.000220574647213
796 2.39915066453e-05
797 0.000156719241961
798 0.000171180405396
799 -3.19868033435e-05
800 -3.65289858294e-05
801 -0.000151761537953
802 -2.11428168112e-05
803 -0.000137042770166
804 5.56360837904e-06
805 -9.9444411421e-05
806 -0.000138041508364
807 -0.000115899861465
808 -8.02343287258e-05
809 -0.000314254191224
810 -0.000308128360537
811 0.000129380045089
812 -8.01302906005e-05
813 -0.000138152400378
814 -0.00011956936307
815 -0.000184712968409
816 -0.000251382852226
817 -2.38272813644e-05
818 -1.30771049105e-05
819 -0.000115312945801
820 -0.000169915854994
821 -0.00015700057954
822 0.000153235662846
823 1.44321414792e-05
824 -8.95885871762e-05
825 -5.09317503207e-05
826 0.000173662896001
827 0.000137820055152
828 -0.000137058644827
829 -0.000199713805436
830 -3.51367268541e-05
831 3.12714408508e-05
832 -5.95342884552e-05
833 -0.000122689350895
834 1.04856789401e-06
835 4.98539241912e-05
836 6.12223467928e-05
837 -0.000127536293504
838 -0.000377199981206
839 3.00822057455e-05
840 -0.000251508371456
841 -0.000279737551047
842 -0.000261988486258
843 -0.000195395714116
844 -0.000233358888828
845 8.18013373457e-05
846 -0.000127697623323
847 -0.000216098223968
848 -0.000194355478809
849 -0.00016206012271
850 -4.80208590233e-05
851 -0.000399871394167
852 -8.13297411354e-05
853 -0.000181898523918
854 -0.000162559267611
855 -0.000110004029682
856 -0.000105716838398
857 -0.000136127830668
858 -5.67000755525e-05
859 -8.37760241677e-05
860 2.90817724032e-05
861 -2.27034222252e-06
862 -0.000110065778711
863 -1.7630505271e-05
864 -0.000294492949533
865 -8.86268169435e-05
866 0.000195057873526
867 -0.000290543863858
868 -0.000384034149021
869 -0.000220890610642
870 4.37045551525e-05
871 -2.54976400265e-05
872 -0.000148058404794
873 -0.000206328252324
874 -0.000154952184766
875 -0.000114923443672
876 -0.000220539675127
877 6.35421129159e-06
878 -6.37527875862e-05
879 -0.000239330103659
880 -0.000116622597807
881 -6.56511641782e-05
882 -9.40234582363e-05
883 5.11993640152e-05
884 -1.04575513496e-05
885 -0.00029044260656
886 -0.000148714369932
887 -3.1499110845e-05
888 -5.01812936339e-05
889 0.000122667393979
890 0.000141878528423
891 -2.16312912916e-07
892 2.15634251821e-05
893 0.000343428651834
894 0.000207674352853
895 4.05539504585e-05
896 0.000153513628877
897 0.000107798273287
898 7.56091102309e-06
899 6.86850421252e-05
900 0.000232965114844
901 0.000172399029829
902 0.000175917418999
903 -0.000124077075565
904 0.000175504371951
905 0.000148070504672
906 7.89110482156e-05
907 0.000233310943827
908 0.000117907811924
909 -2.23023529416e-05
910 7.78269026434e-05
911 0.00016160990582
912 0.00010198537055
913 8.65151930443e-05
914 9.92346698908e-05
915 0.0001097198575
916 -4.10888302954e-06
917 0.000270185482783
918 0.000326789482471
919 1.21508021903e-05
920 0.000110402141489
921 0.000122648873928
922 -9.76565366513e-06
923 -0.000103325526925
924 -2.38991251451e-05
925 -4.67071607416e-05
926 9.31413227908e-05
927 -2.70547445195e-05
928 1.38222462724e-05
929 0.000175027304806
930 9.64976340048e-05
931 0.00030114128533
932 -5.32718282236e-05
933 -0.000145459076739
934 -8.13562435356e-05
935 -6.2593156419e-05
936 -3.44540274545e-05
937 -0.000116744682143
938 7.9771008987e-05
939 7.1987725011e-05
940 -3.74933250598e-06
941 -0.000147950269783
942 -0.000158449907882
943 1.79948854371e-05
944 6.44023719545e-05
945 -2.05428056806e-06
946 -2.2788541801e-06
947 0.000131088365189
948 0.00025438484346
949 -6.72078603316e-06
950 -0.000137146047951
951 -8.822294185e-05
952 1.33625453225e-05
953 1.31019815181e-05
954 5.26244940684e-05
955 1.42780630389e-05
956 1.22102343214e-05
957 -2.17645117459e-05
958 -2.69736609551e-05
959 0.000160302490481
960 1.77489494309e-05
961 -7.63501953024e-05
962 2.05987241293e-05
963 5.66500851315e-05
964 0.000124023451031
965 0.00010090496505
966 7.76022657944e-05
967 9.66424481102e-05
968 -5.27579148398e-05
969 7.40883939635e-05
970 5.10294287687e-05
971 3.32397547357e-05
972 -1.20987385166e-06
973 2.7174452312e-06
974 -4.23749753573e-06
975 -3.85085154993e-05
976 -9.53853932044e-05
977 -6.38435018447e-05
978 -8.88105205328e-06
979 -7.99594465471e-06
980 1.32224721034e-05
981 1.32380671315e-05
982 -6.76068960499e-05
983 1.37689483219e-05
984 9.36083382369e-06
985 -1.75795958754e-05
986 -3.13938105511e-05
987 -8.59636041196e-06
988 -1.89321660193e-06
989 -7.96107892024e-06
990 -2.35015225453e-05
991 -1.81606889084e-05
992 -3.00961615386e-05
993 -5.24363776697e-05
994 -2.19876459432e-05
995 1.43417103564e-05
996 2.20274724472e-05
997 9.32146396246e-06
998 1.63430559101e-05
999 2.92272625306e-05
1000 -7.81547809381e-06
1001 1.80660686128e-05
1002 3.53516078565e-05
1003 2.54104196308e-06
1004 4.55943295278e-06
1005 2.49324802996e-05
1006 1.17142387475e-05
1007 4.12438234475e-05
1008 2.01894027819e-06
1009 1.14545423731e-05
1010 3.8915287974e-05
1011 2.09569955274e-05
1012 2.88442938325e-05
1013 2.14877338699e-05
1014 1.34152804467e-05
1015 -2.69823955123e-06
1016 -3.72207917462e-05
1017 6.18951897041e-05
1018 3.00918369378e-06
1019 3.51041520567e-05
1020 -1.91496274044e-05
1021 -0.000108227236699
1022 -9.22288171472e-05
1023 3.94693634527e-05
