-0.719075471955
0 0.0
1 0.0
2 -0.00012615049337
3 -0.000162713799227
4 -0.000314299838928
5 -0.000298754694615
6 -8.51167248502e-05
7 0.000278496990665
8 0.000174528978265
9 -5.35438662905e-05
10 -0.000114357063521
11 0.000122551162997
12 3.69236891357e-05
13 -6.1779860016e-06
14 -0.000128071511211
15 -0.000180061951039
16 9.46497615725e-05
17 4.27828343173e-05
18 -1.15300081583e-05
19 -4.37204797625e-06
20 -6.81100565739e-05
21 -2.10322462454e-05
22 4.77352656617e-05
23 -2.72663875876e-05
24 -0.000139577243732
25 9.48431452858e-05
26 -2.61701515682e-05
27 -4.86482724902e-05
28 1.14591597677e-07
29 7.56256835263e-06
30 6.54397192978e-05
31 5.51690587791e-05
32 -7.30915911615e-05
33 -0.000113142272365
34 0.000118523239754
35 -1.76291803494e-05
36 -5.60165881466e-05
37 -5.67738363647e-05
38 -8.05191058985e-06
39 -4.96915791191e-05
40 6.28567722229e-05
41 1.45582582377e-05
42 7.36416286322e-07
43 6.66844426591e-06
44 9.56218161253e-06
45 1.7720410408e-06
46 -1.49440844828e-05
47 -2.09085906853e-07
48 1.58333078725e-06
49 -2.63968208852e-06
50 1.32723097205e-05
51 7.6235725187e-06
52 2.80361392603e-06
53 -8.28594262791e-06
54 -5.43056876322e-06
55 1.19700778816e-05
56 5.25789106069e-06
57 2.00816763752e-05
58 3.19728420286e-05
59 1.67338796174e-05
60 3.56719843926e-06
61 -4.50022017082e-06
62 -1.72212146931e-05
63 -3.681610631e-05
64 1.46630279991e-05
65 3.42201477104e-05
66 -7.74209576876e-06
67 -1.41160800868e-05
68 -1.32997534819e-06
69 -8.19719675144e-06
70 4.78107385446e-06
71 1.0017702212e-05
72 1.44969408226e-06
73 6.33281928066e-06
74 1.24652673058e-05
75 1.18062199665e-05
76 1.37136524229e-05
77 -6.75030657944e-06
78 -1.94283129935e-05
79 3.14979714736e-05
80 1.97636725851e-05
81 -1.72294858086e-05
82 -1.2221155614e-05
83 -4.7199181819e-06
84 -4.09812714203e-05
85 -1.40665999354e-05
86 3.35266328136e-05
87 2.38911733116e-05
88 -1.86607194382e-05
89 -7.72436110943e-06
90 -2.18304568228e-06
91 2.47178312043e-05
92 -3.52234119991e-05
93 -2.78896011329e-05
94 -7.4110887843e-06
95 3.71102961995e-06
96 -8.232031626e-06
97 2.34163531421e-05
98 8.91786342629e-06
99 -1.90713528869e-05
100 -2.4760413213e-05
101 -2.33304714538e-05
102 2.35361259964e-05
103 4.12782125183e-05
104 1.36435758283e-05
105 1.82323634269e-05
106 -3.85358783036e-06
107 1.69730229937e-05
108 -1.46069022319e-05
109 4.2135132261e-05
110 1.96180570695e-05
111 -2.43628616447e-05
112 3.97981613859e-05
113 9.4517940486e-06
114 -1.33770984826e-05
115 -1.39240886714e-05
116 2.49396786143e-05
117 9.20873897038e-06
118 -8.29397397002e-06
119 -4.20125027586e-05
120 -3.8408967021e-05
121 7.32543515916e-05
122 6.16293291244e-05
123 2.70665070527e-06
124 2.12759065514e-05
125 1.38506603051e-05
126 8.47165292884e-05
127 -2.75919750264e-05
128 -9.87479209456e-06
129 9.36149872273e-06
130 -4.54276720056e-06
131 3.31343252001e-05
132 1.03474235137e-05
133 -2.31218862278e-05
134 -9.87129387761e-07
135 -7.62234967338e-06
136 1.31961181051e-05
137 4.96045780408e-05
138 1.63052135724e-05
139 9.90460344176e-06
140 -3.9785860027e-05
141 1.02352943955e-05
142 3.98436745456e-05
143 1.69298121827e-05
144 9.85384389369e-07
145 -3.3496126802e-05
146 -2.79359450588e-05
147 2.2357980563e-05
148 -1.64618520357e-05
149 3.71139638066e-05
150 3.09084764868e-05
151 3.00866243922e-05
152 3.56567186346e-06
153 -1.98707526908e-05
154 3.26130720229e-05
155 1.5383846696e-05
156 1.40703769266e-05
157 -2.18757174129e-05
158 -1.45462724821e-05
159 -2.30269671063e-05
160 -1.44001190117e-05
161 3.54288791956e-05
162 2.46710606933e-05
163 2.88677158881e-05
164 -7.13651564526e-05
165 -2.19265584909e-05
166 1.72474403859e-05
167 -2.0946648974e-05
168 6.92987498912e-06
169 4.22892698126e-05
170 3.04419506013e-05
171 1.26461661719e-05
172 -4.99670612968e-05
173 9.15335920353e-06
174 -3.74929400632e-05
175 8.18969664606e-06
176 -2.85383862938e-05
177 -9.88820829944e-05
178 -0.000112650213959
179 -8.29087575054e-05
180 5.30878399768e-05
181 -2.06238529339e-05
182 4.69245248742e-07
183 1.03168709396e-05
184 -3.40763225775e-05
185 -5.00529846808e-05
186 -6.92119357628e-05
187 1.85782739539e-06
188 7.5975515469e-06
189 7.23119733493e-05
190 2.14792303229e-05
191 -1.83303710323e-05
192 2.53099794057e-08
193 1.57988152088e-06
194 4.79089918737e-05
195 2.52239011954e-05
196 3.3632363138e-05
197 -3.09501297786e-05
198 -1.26590859571e-05
199 5.83529207143e-05
200 9.21858323316e-06
201 1.67623696776e-06
202 -6.32857200721e-05
203 -2.61336931944e-05
204 -1.65984052739e-05
205 -3.07619699917e-05
206 4.69871241522e-05
207 -2.82121369392e-06
208 -1.34842813857e-06
209 -2.61358405949e-05
210 -3.80702922393e-05
211 3.33708084737e-05
212 -7.60311275075e-06
213 -1.11162246296e-05
214 -3.22884744085e-05
215 3.40408138716e-05
216 2.13265552114e-05
217 -3.54059469709e-05
218 -3.12283055991e-05
219 2.35418125559e-05
220 -1.38173869022e-05
221 2.45335246213e-05
222 -4.63389596381e-06
223 8.45029025348e-06
224 1.05767536838e-06
225 -1.87819409927e-05
226 -1.78792967916e-07
227 1.53467250791e-06
228 1.48110640988e-06
229 7.54956663877e-06
230 -1.48613792911e-05
231 -1.32935135316e-05
232 -1.04680969068e-05
233 3.52924142243e-05
234 1.78674149856e-05
235 -1.83602272325e-05
236 1.29208808223e-05
237 -1.0293893772e-05
238 -5.43886651324e-06
239 -3.3305430953e-05
240 -7.93633060589e-06
241 -3.14384268868e-05
242 2.80556348244e-05
243 5.50282570743e-05
244 1.61599415725e-06
245 -2.04752921364e-06
246 6.41598753547e-05
247 -2.2453867648e-06
248 7.80623677676e-06
249 5.00830016831e-05
250 -4.07821107483e-05
251 -4.48564995547e-05
252 8.27277087791e-06
253 4.2865725346e-05
254 1.36830092097e-05
255 4.05253533738e-05
256 -1.05414546708e-05
257 2.26874302822e-06
258 2.49479065795e-05
259 -1.93945759017e-05
260 1.73814872158e-05
261 -2.07636194385e-05
262 -9.15277756956e-06
263 -3.51299622264e-05
264 -3.07945270778e-05
265 -5.65318708718e-06
266 -3.82245665966e-05
267 -1.42988858552e-05
268 1.22936510297e-05
269 2.85914465344e-05
270 1.62975275862e-05
271 -4.14285480047e-05
272 2.73904693509e-05
273 1.98104424399e-05
274 1.999862359e-05
275 -9.7426809079e-07
276 -8.7941603197e-06
277 2.45240582591e-05
278 1.13130370806e-05
279 -2.99013914488e-05
280 -2.01561361811e-05
281 -2.07180558036e-05
282 -3.49043094904e-05
283 2.67417217211e-05
284 -3.40905499178e-06
285 -1.06890052006e-05
286 7.16582252128e-05
287 -1.70261876879e-05
288 -1.39208907631e-05
289 7.52182646183e-06
290 2.34594274549e-05
291 -6.7194419042e-07
292 1.94505292208e-06
293 -1.02397249554e-05
294 -3.47039250168e-05
295 1.28926910636e-05
296 -9.66347735596e-06
297 -1.0020852263e-05
298 9.21517228654e-06
299 4.92535684248e-05
300 4.18862575961e-05
301 -1.6812176397e-05
302 -1.18912670863e-05
303 1.75330210317e-05
304 6.49863170516e-06
305 -4.46588565561e-06
306 -3.27376946743e-06
307 -1.0920468274e-05
308 -2.4340122856e-05
309 -6.22389317105e-06
310 7.5324507189e-06
311 -1.70656256604e-05
312 8.68252241389e-06
313 -1.66241129247e-06
314 -6.68765670843e-06
315 -2.83007130964e-05
316 -2.44634500287e-05
317 -7.47792569072e-05
318 -3.23536823188e-05
319 -3.66944987625e-06
320 -1.69062958868e-05
321 -7.58747666212e-05
322 -6.63619219373e-06
323 1.08030223602e-05
324 -2.99877866685e-05
325 0.0
326 0.0
327 0.0
328 0.0
329 0.0
330 0.0
331 0.0
332 0.0
333 0.0
334 0.0
335 0.0
336 0.0
337 0.0
338 0.0
339 0.0
340 0.0
341 0.0
342 0.0
343 0.0
344 0.0
345 0.0
346 0.0
347 0.0
348 0.0
349 0.0
350 0.0
351 0.0
352 0.0
353 0.0
354 0.0
355 0.0
356 0.0
357 0.0
358 0.0
359 0.0
360 0.0
361 0.0
362 0.0
363 0.0
364 0.0
365 0.0
366 0.0
367 0.0
368 0.0
369 0.0
370 0.0
371 0.0
372 0.0
373 0.0
374 0.0
375 0.0
376 0.0
377 0.0
378 0.0
379 0.0
380 0.0
381 0.0
382 0.0
383 0.0
384 0.0
385 0.0
386 0.0
387 0.0
388 0.0
389 0.0
390 0.0
391 0.0
392 0.0
393 0.0
394 0.0
395 0.0
396 0.0
397 0.0
398 0.0
399 0.0
400 0.0
401 0.0
402 0.0
403 0.0
404 0.0
405 0.0
406 0.0
407 0.0
408 0.0
409 0.0
410 0.0
411 0.0
412 0.0
413 0.0
414 0.0
415 0.0
416 0.0
417 0.0
418 0.0
419 0.0
420 0.0
421 0.0
422 0.0
423 0.0
424 0.0
425 0.0
426 0.0
427 0.0
428 0.0
429 0.0
430 0.0
431 0.0
432 0.0
433 0.0
434 0.0
435 0.0
436 0.0
437 0.0
438 0.0
439 0.0
440 0.0
441 0.0
442 0.0
443 0.0
444 0.0
445 0.0
446 0.0
447 0.0
448 0.0
449 0.0
450 0.0
451 0.0
452 0.0
453 0.0
454 0.0
455 0.0
456 0.0
457 0.0
458 0.0
459 0.0
460 0.0
461 0.0
462 0.0
463 0.0
464 0.0
465 0.0
466 0.0
467 0.0
468 0.0
469 0.0
470 0.0
471 0.0
472 0.0
473 0.0
474 0.0
475 0.0
476 0.0
477 0.0
478 0.0
479 0.0
480 0.0
481 0.0
482 0.0
483 0.0
484 0.0
485 0.0
486 0.0
487 0.0
488 0.0
489 0.0
490 0.0
491 0.0
492 0.0
493 0.0
494 0.0
495 0.0
496 0.0
497 0.0
498 0.0
499 0.0
500 0.0
501 0.0
502 0.0
503 0.0
504 0.0
505 0.0
506 0.0
507 0.0
508 0.0
509 0.0
510 0.0
511 0.0
512 0.0
513 0.0
514 0.0
515 0.0
516 0.0
517 0.0
518 0.0
519 0.0
520 0.0
521 0.0
522 0.0
523 0.0
524 0.0
525 0.0
526 0.0
527 0.0
528 0.0
529 0.0
530 0.0
531 0.0
532 0.0
533 0.0
534 0.0
535 0.0
536 0.0
537 0.0
538 0.0
539 0.0
540 0.0
541 0.0
542 0.0
543 0.0
544 0.0
545 0.0
546 0.0
547 0.0
548 0.0
549 0.0
550 0.0
551 0.0
552 0.0
553 0.0
554 0.0
555 0.0
556 0.0
557 0.0
558 0.0
559 0.0
560 0.0
561 0.0
562 0.0
563 0.0
564 0.0
565 0.0
566 0.0
567 0.0
568 0.0
569 0.0
570 0.0
571 0.0
572 0.0
573 0.0
574 0.0
575 0.0
576 0.0
577 0.0
578 0.0
579 0.0
580 0.0
581 0.0
582 0.0
583 0.0
584 0.0
585 0.0
586 0.0
587 0.0
588 0.0
589 0.0
590 0.0
591 0.0
592 0.0
593 0.0
594 0.0
595 0.0
596 0.0
597 0.0
598 0.0
599 0.0
600 0.0
601 0.0
602 0.0
603 0.0
604 0.0
605 0.0
606 0.0
607 0.0
608 0.0
609 0.0
610 0.0
611 0.0
612 0.0
613 0.0
614 0.0
615 0.0
616 0.0
617 0.0
618 0.0
619 0.0
620 0.0
621 0.0
622 0.0
623 0.0
624 0.0
625 0.0
626 0.0
627 0.0
628 0.0
629 0.0
630 0.0
631 0.0
632 0.0
633 0.0
634 0.0
635 0.0
636 0.0
637 0.0
638 0.0
639 0.0
640 0.0
641 0.0
642 0.0
643 0.0
644 0.0
645 0.0
646 0.0
647 0.0
648 0.0
649 0.0
650 0.0
651 0.0
652 0.0
653 0.0
654 0.0
655 0.0
656 0.0
657 0.0
658 0.0
659 0.0
660 0.0
661 0.0
662 0.0
663 0.0
664 0.0
665 0.0
666 0.0
667 0.0
668 0.0
669 0.0
670 0.0
671 0.0
672 0.0
673 0.0
674 0.0
675 0.0
676 0.0
677 0.0
678 0.0
679 0.0
680 0.0
681 0.0
682 0.0
683 0.0
684 0.0
685 0.0
686 0.0
687 0.0
688 0.0
689 0.0
690 0.0
691 0.0
692 0.0
693 0.0
694 0.0
695 0.0
696 0.0
697 0.0
698 0.0
699 0.0
700 0.0
701 0.0
702 0.0
703 0.0
704 0.0
705 0.0
706 0.0
707 0.0
708 0.0
709 0.0
710 0.0
711 0.0
712 0.0
713 0.0
714 0.0
715 0.0
716 0.0
717 0.0
718 0.0
719 0.0
720 0.0
721 0.0
722 0.0
723 0.0
724 0.0
725 0.0
726 0.0
727 0.0
728 0.0
729 0.0
730 0.0
731 0.0
732 0.0
733 0.0
734 0.0
735 0.0
736 0.0
737 0.0
738 0.0
739 0.0
740 0.0
741 0.0
742 0.0
743 0.0
744 0.0
745 0.0
746 0.0
747 0.0
748 0.0
749 0.0
750 0.0
751 0.0
752 0.0
753 0.0
754 0.0
755 0.0
756 0.0
757 0.0
758 0.0
759 0.0
760 0.0
761 0.0
762 0.0
763 0.0
764 0.0
765 0.0
766 0.0
767 0.0
768 0.0
769 0.0
770 0.0
771 0.0
772 0.0
773 0.0
774 0.0
775 0.0
776 0.0
777 0.0
778 0.0
779 0.0
780 0.0
781 0.0
782 0.0
783 0.0
784 0.0
785 0.0
786 0.0
787 0.0
788 0.0
789 0.0
790 0.0
791 0.0
792 0.0
793 0.0
794 0.0
795 0.0
796 0.0
797 0.0
798 0.0
799 0.0
800 0.0
801 0.0
802 0.0
803 0.0
804 0.0
805 0.0
806 0.0
807 0.0
808 0.0
809 0.0
810 0.0
811 0.0
812 0.0
813 0.0
814 0.0
815 0.0
816 0.0
817 0.0
818 0.0
819 0.0
820 0.0
821 0.0
822 0.0
823 0.0
824 0.0
825 0.0
826 0.0
827 0.0
828 0.0
829 0.0
830 0.0
831 0.0
832 0.0
833 0.0
834 0.0
835 0.0
836 0.0
837 0.0
838 0.0
839 0.0
840 0.0
841 0.0
842 0.0
843 0.0
844 0.0
845 0.0
846 0.0
847 0.0
848 0.0
849 0.0
850 0.0
851 0.0
852 0.0
853 0.0
854 0.0
855 0.0
856 0.0
857 0.0
858 0.0
859 0.0
860 0.0
861 0.0
862 0.0
863 0.0
864 0.0
865 0.0
866 0.0
867 0.0
868 0.0
869 0.0
870 0.0
871 0.0
872 0.0
873 0.0
874 0.0
875 0.0
876 0.0
877 0.0
878 0.0
879 0.0
880 0.0
881 0.0
882 0.0
883 0.0
884 0.0
885 0.0
886 0.0
887 0.0
888 0.0
889 0.0
890 0.0
891 0.0
892 0.0
893 0.0
894 0.0
895 0.0
896 0.0
897 0.0
898 0.0
899 0.0
900 0.0
901 0.0
902 0.0
903 0.0
904 0.0
905 0.0
906 0.0
907 0.0
908 0.0
909 0.0
910 0.0
911 0.0
912 0.0
913 0.0
914 0.0
915 0.0
916 0.0
917 0.0
918 0.0
919 0.0
920 0.0
921 0.0
922 0.0
923 0.0
924 0.0
925 0.0
926 0.0
927 0.0
928 0.0
929 0.0
930 0.0
931 0.0
932 0.0
933 0.0
934 0.0
935 0.0
936 0.0
937 0.0
938 0.0
939 0.0
940 0.0
941 0.0
942 0.0
943 0.0
944 0.0
945 0.0
946 0.0
947 0.0
948 0.0
949 0.0
950 0.0
951 0.0
952 0.0
953 0.0
954 0.0
955 0.0
956 0.0
957 0.0
958 0.0
959 0.0
960 0.0
961 0.0
962 0.0
963 0.0
964 0.0
965 0.0
966 0.0
967 0.0
968 0.0
969 0.0
970 0.0
971 0.0
972 0.0
973 0.0
974 0.0
975 0.0
976 0.0
977 0.0
978 0.0
979 0.0
980 0.0
981 0.0
982 0.0
983 0.0
984 0.0
985 0.0
986 0.0
987 0.0
988 0.0
989 0.0
990 0.0
991 0.0
992 0.0
993 0.0
994 0.0
995 0.0
996 0.0
997 0.0
998 0.0
999 0.0
1000 0.0
1001 0.0
1002 0.0
1003 0.0
1004 0.0
1005 0.0
1006 0.0
1007 0.0
1008 0.0
1009 0.0
1010 0.0
1011 0.0
1012 0.0
1013 0.0
1014 0.0
1015 0.0
1016 0.0
1017 0.0
1018 0.0
1019 0.0
1020 0.0
1021 0.0
1022 0.0
1023 0.0
