-7.09046603186e-07
0 0.0
1 0.0
2 -0.000151984314383
3 -0.000194460888575
4 -0.000334373058965
5 -0.000314398259855
6 -0.000107862913464
7 0.000177017356739
8 7.44106846798e-05
9 -5.04469335655e-05
10 -9.97981372943e-05
11 0.000138138754747
12 3.89139065e-05
13 -2.7769474523e-06
14 -0.000132689144007
15 -0.000177480611525
16 9.62668932261e-05
17 4.49018017186e-05
18 -5.05036923e-06
19 -8.78424315898e-07
20 -5.98088607354e-05
21 -7.24666063448e-06
22 2.7389570204e-05
23 -5.31357287637e-05
24 -0.000123423609714
25 0.000101658387049
26 -2.49030026173e-05
27 -4.99919074114e-05
28 1.79322992178e-06
29 -1.07336679979e-06
30 5.87240905323e-05
31 6.19813515774e-05
32 -7.29395254328e-05
33 -0.000100570398776
34 0.000124864533616
35 -2.30137842099e-05
36 -6.21001021827e-05
37 -6.32275144649e-05
38 -8.23149043821e-06
39 -5.01736749892e-05
40 6.40491795997e-05
41 1.3755657714e-05
42 -1.81617736736e-07
43 7.30249947949e-06
44 1.0129402923e-05
45 2.22225775239e-06
46 -1.61876986739e-05
47 -7.20381880598e-07
48 1.71291880419e-06
49 -2.50029602344e-06
50 1.37646133669e-05
51 7.84104906034e-06
52 3.53423828591e-06
53 -8.18208178742e-06
54 -5.78306553271e-06
55 1.24885374707e-05
56 5.63768208932e-06
57 2.07180451252e-05
58 3.15062003017e-05
59 1.72232529556e-05
60 4.28007943122e-06
61 -3.53289492256e-06
62 -1.81317945653e-05
63 -3.82076509098e-05
64 1.54647070749e-05
65 3.53252880309e-05
66 -7.95859904073e-06
67 -1.533215147e-05
68 -1.54852693391e-06
69 -8.7083445395e-06
70 5.14196704785e-06
71 1.0649994413e-05
72 1.00842729278e-06
73 7.25360529184e-06
74 1.30478537578e-05
75 1.1951315631e-05
76 1.38644244785e-05
77 -7.31444245001e-06
78 -1.98730290125e-05
79 3.26762835534e-05
80 1.95466241439e-05
81 -1.76922942633e-05
82 -1.17951080315e-05
83 -6.7234519946e-06
84 -4.10135575289e-05
85 -1.44268918461e-05
86 3.05526319069e-05
87 2.49776604634e-05
88 -1.71730769306e-05
89 -8.00509703127e-06
90 -5.584802566e-06
91 2.39072405014e-05
92 -3.78950847742e-05
93 -2.8420695564e-05
94 -7.68039127786e-06
95 2.50663275211e-06
96 -8.87973596254e-06
97 2.68208876502e-05
98 7.31321148484e-06
99 -2.16399996554e-05
100 -2.38407511719e-05
101 -1.91908097645e-05
102 2.4651186946e-05
103 4.29664477551e-05
104 1.36749632454e-05
105 1.5687826832e-05
106 -1.85833208694e-06
107 1.82406516904e-05
108 -1.70262056679e-05
109 4.27648705281e-05
110 1.93406674225e-05
111 -2.45045834649e-05
112 4.01029006203e-05
113 9.96077947049e-06
114 -1.41093878169e-05
115 -1.32643108674e-05
116 2.67951373967e-05
117 9.16995171675e-06
118 -8.66872827949e-06
119 -4.56268246877e-05
120 -3.94672872095e-05
121 7.44702682493e-05
122 5.9868836744e-05
123 3.73624798403e-06
124 2.40291958379e-05
125 1.30870225474e-05
126 8.75142885265e-05
127 -2.96251626144e-05
128 -9.1088948033e-06
129 9.3018713138e-06
130 -5.01404600616e-06
131 3.21149709215e-05
132 1.10259637318e-05
133 -2.30347350246e-05
134 -1.22399211496e-06
135 -8.00678965648e-06
136 1.48576732588e-05
137 5.25845797536e-05
138 1.57622481669e-05
139 9.3252234647e-06
140 -3.94403770331e-05
141 1.07446212478e-05
142 4.00352251291e-05
143 1.78469669251e-05
144 1.28486851232e-06
145 -3.3681720663e-05
146 -2.96274561827e-05
147 2.23340594634e-05
148 -1.69768050791e-05
149 3.91060338828e-05
150 3.13863492247e-05
151 2.96836413567e-05
152 4.18978015316e-06
153 -1.92982018712e-05
154 3.43725504339e-05
155 1.45200820329e-05
156 1.47185897881e-05
157 -2.16594786027e-05
158 -1.56913041251e-05
159 -2.31476950564e-05
160 -1.43096312463e-05
161 3.82560554529e-05
162 2.45894069475e-05
163 2.93902017913e-05
164 -7.5433782361e-05
165 -2.69996777281e-05
166 2.00161944811e-05
167 -2.06676394981e-05
168 8.32891013645e-06
169 4.54831049851e-05
170 2.92445153432e-05
171 1.14785662252e-05
172 -5.17653431616e-05
173 9.58353358463e-06
174 -3.85203312621e-05
175 9.90967585822e-06
176 -3.20805678663e-05
177 -0.000101278564987
178 -0.000120106025398
179 -8.19835710795e-05
180 5.46499492601e-05
181 -1.86261735579e-05
182 2.14922521761e-06
183 7.98233852712e-06
184 -3.5001554278e-05
185 -4.79346680858e-05
186 -7.05752078115e-05
187 -2.50801870043e-07
188 1.03613609775e-05
189 7.67817339513e-05
190 2.35187510753e-05
191 -2.2333349377e-05
192 9.73513067511e-07
193 -6.1786002553e-09
194 4.71975325187e-05
195 2.61307934738e-05
196 3.41822902979e-05
197 -3.33359977334e-05
198 -1.32792109238e-05
199 5.96732453793e-05
200 1.1316575002e-05
201 1.3528896198e-06
202 -6.41798631025e-05
203 -2.85618496413e-05
204 -1.67879617686e-05
205 -3.2974534469e-05
206 5.07810767253e-05
207 -4.56655608747e-06
208 -1.81174719181e-06
209 -2.83639292935e-05
210 -4.02254248039e-05
211 3.46915950335e-05
212 -7.51665289914e-06
213 -1.19945772736e-05
214 -3.18436374842e-05
215 3.56118654464e-05
216 2.27864431713e-05
217 -3.43159415862e-05
218 -3.18685014727e-05
219 2.18946588934e-05
220 -1.57394143539e-05
221 2.40815152031e-05
222 -4.46477041763e-06
223 1.022712394e-05
224 1.24094045244e-06
225 -2.0192070636e-05
226 -3.69929023261e-07
227 1.88639164891e-06
228 1.84082915896e-06
229 8.30845552436e-06
230 -1.54423648512e-05
231 -1.28206126786e-05
232 -1.0734874503e-05
233 3.44848939836e-05
234 1.86906841489e-05
235 -1.77406082924e-05
236 1.51621421148e-05
237 -1.15447663977e-05
238 -6.29515369087e-06
239 -3.42477614088e-05
240 -7.06805958935e-06
241 -3.09800918401e-05
242 2.93287098461e-05
243 5.67757343649e-05
244 1.33264686679e-08
245 -3.46085438782e-06
246 6.55132913586e-05
247 -8.20804788072e-07
248 1.06400055878e-05
249 4.82098635509e-05
250 -4.36282044671e-05
251 -4.75913362409e-05
252 5.46848911148e-06
253 4.56017211966e-05
254 1.60431472869e-05
255 4.0702666935e-05
256 -1.20463875688e-05
257 1.84399580473e-06
258 2.85732484031e-05
259 -2.02591988245e-05
260 1.90600491983e-05
261 -2.18785589574e-05
262 -6.19500134091e-06
263 -3.59732423403e-05
264 -3.11019049908e-05
265 -6.13174112863e-06
266 -3.91822977913e-05
267 -1.58562591418e-05
268 1.08510701977e-05
269 2.92318789902e-05
270 1.55050270441e-05
271 -4.31547106034e-05
272 2.69568435698e-05
273 2.1095970458e-05
274 2.1954853053e-05
275 -1.56660178709e-06
276 -7.67784655516e-06
277 2.28733243383e-05
278 1.13726568656e-05
279 -3.21111803753e-05
280 -1.90366443598e-05
281 -2.06798569807e-05
282 -3.57891443816e-05
283 2.77141439101e-05
284 -4.01493246719e-06
285 -1.18318672186e-05
286 7.46690455007e-05
287 -1.75262570886e-05
288 -1.40565507542e-05
289 7.93292236118e-06
290 2.44318139163e-05
291 -2.91434547977e-07
292 1.57845231236e-06
293 -1.28074380855e-05
294 -3.45576805305e-05
295 1.2805720558e-05
296 -1.01351726354e-05
297 -1.13697354575e-05
298 9.76958425446e-06
299 5.17225926593e-05
300 4.32431592946e-05
301 -1.52451049605e-05
302 -1.22347766496e-05
303 1.23947677854e-05
304 8.51266965527e-06
305 -5.08114937927e-06
306 -3.30145213611e-06
307 -9.98411563851e-06
308 -2.49384011637e-05
309 -7.45492600297e-06
310 7.67521545322e-06
311 -1.6844706367e-05
312 9.47182813342e-06
313 -7.06773013936e-07
314 -7.41667863049e-06
315 -2.78640429193e-05
316 -2.68026367223e-05
317 -7.70219219538e-05
318 -3.41254843326e-05
319 -4.34527228143e-06
320 -1.68830009438e-05
321 -7.72549075174e-05
322 -7.05995900334e-06
323 1.03906831674e-05
324 -2.95239933706e-05
325 0.0
326 0.0
327 0.0
328 0.0
329 0.0
330 0.0
331 0.0
332 0.0
333 0.0
334 0.0
335 0.0
336 0.0
337 0.0
338 0.0
339 0.0
340 0.0
341 0.0
342 0.0
343 0.0
344 0.0
345 0.0
346 0.0
347 0.0
348 0.0
349 0.0
350 0.0
351 0.0
352 0.0
353 0.0
354 0.0
355 0.0
356 0.0
357 0.0
358 0.0
359 0.0
360 0.0
361 0.0
362 0.0
363 0.0
364 0.0
365 0.0
366 0.0
367 0.0
368 0.0
369 0.0
370 0.0
371 0.0
372 0.0
373 0.0
374 0.0
375 0.0
376 0.0
377 0.0
378 0.0
379 0.0
380 0.0
381 0.0
382 0.0
383 0.0
384 0.0
385 0.0
386 0.0
387 0.0
388 0.0
389 0.0
390 0.0
391 0.0
392 0.0
393 0.0
394 0.0
395 0.0
396 0.0
397 0.0
398 0.0
399 0.0
400 0.0
401 0.0
402 0.0
403 0.0
404 0.0
405 0.0
406 0.0
407 0.0
408 0.0
409 0.0
410 0.0
411 0.0
412 0.0
413 0.0
414 0.0
415 0.0
416 0.0
417 0.0
418 0.0
419 0.0
420 0.0
421 0.0
422 0.0
423 0.0
424 0.0
425 0.0
426 0.0
427 0.0
428 0.0
429 0.0
430 0.0
431 0.0
432 0.0
433 0.0
434 0.0
435 0.0
436 0.0
437 0.0
438 0.0
439 0.0
440 0.0
441 0.0
442 0.0
443 0.0
444 0.0
445 0.0
446 0.0
447 0.0
448 0.0
449 0.0
450 0.0
451 0.0
452 0.0
453 0.0
454 0.0
455 0.0
456 0.0
457 0.0
458 0.0
459 0.0
460 0.0
461 0.0
462 0.0
463 0.0
464 0.0
465 0.0
466 0.0
467 0.0
468 0.0
469 0.0
470 0.0
471 0.0
472 0.0
473 0.0
474 0.0
475 0.0
476 0.0
477 0.0
478 0.0
479 0.0
480 0.0
481 0.0
482 0.0
483 0.0
484 0.0
485 0.0
486 0.0
487 0.0
488 0.0
489 0.0
490 0.0
491 0.0
492 0.0
493 0.0
494 0.0
495 0.0
496 0.0
497 0.0
498 0.0
499 0.0
500 0.0
501 0.0
502 0.0
503 0.0
504 0.0
505 0.0
506 0.0
507 0.0
508 0.0
509 0.0
510 0.0
511 0.0
512 0.0
513 0.0
514 0.0
515 0.0
516 0.0
517 0.0
518 0.0
519 0.0
520 0.0
521 0.0
522 0.0
523 0.0
524 0.0
525 0.0
526 0.0
527 0.0
528 0.0
529 0.0
530 0.0
531 0.0
532 0.0
533 0.0
534 0.0
535 0.0
536 0.0
537 0.0
538 0.0
539 0.0
540 0.0
541 0.0
542 0.0
543 0.0
544 0.0
545 0.0
546 0.0
547 0.0
548 0.0
549 0.0
550 0.0
551 0.0
552 0.0
553 0.0
554 0.0
555 0.0
556 0.0
557 0.0
558 0.0
559 0.0
560 0.0
561 0.0
562 0.0
563 0.0
564 0.0
565 0.0
566 0.0
567 0.0
568 0.0
569 0.0
570 0.0
571 0.0
572 0.0
573 0.0
574 0.0
575 0.0
576 0.0
577 0.0
578 0.0
579 0.0
580 0.0
581 0.0
582 0.0
583 0.0
584 0.0
585 0.0
586 0.0
587 0.0
588 0.0
589 0.0
590 0.0
591 0.0
592 0.0
593 0.0
594 0.0
595 0.0
596 0.0
597 0.0
598 0.0
599 0.0
600 0.0
601 0.0
602 0.0
603 0.0
604 0.0
605 0.0
606 0.0
607 0.0
608 0.0
609 0.0
610 0.0
611 0.0
612 0.0
613 0.0
614 0.0
615 0.0
616 0.0
617 0.0
618 0.0
619 0.0
620 0.0
621 0.0
622 0.0
623 0.0
624 0.0
625 0.0
626 0.0
627 0.0
628 0.0
629 0.0
630 0.0
631 0.0
632 0.0
633 0.0
634 0.0
635 0.0
636 0.0
637 0.0
638 0.0
639 0.0
640 0.0
641 0.0
642 0.0
643 0.0
644 0.0
645 0.0
646 0.0
647 0.0
648 0.0
649 0.0
650 0.0
651 0.0
652 0.0
653 0.0
654 0.0
655 0.0
656 0.0
657 0.0
658 0.0
659 0.0
660 0.0
661 0.0
662 0.0
663 0.0
664 0.0
665 0.0
666 0.0
667 0.0
668 0.0
669 0.0
670 0.0
671 0.0
672 0.0
673 0.0
674 0.0
675 0.0
676 0.0
677 0.0
678 0.0
679 0.0
680 0.0
681 0.0
682 0.0
683 0.0
684 0.0
685 0.0
686 0.0
687 0.0
688 0.0
689 0.0
690 0.0
691 0.0
692 0.0
693 0.0
694 0.0
695 0.0
696 0.0
697 0.0
698 0.0
699 0.0
700 0.0
701 0.0
702 0.0
703 0.0
704 0.0
705 0.0
706 0.0
707 0.0
708 0.0
709 0.0
710 0.0
711 0.0
712 0.0
713 0.0
714 0.0
715 0.0
716 0.0
717 0.0
718 0.0
719 0.0
720 0.0
721 0.0
722 0.0
723 0.0
724 0.0
725 0.0
726 0.0
727 0.0
728 0.0
729 0.0
730 0.0
731 0.0
732 0.0
733 0.0
734 0.0
735 0.0
736 0.0
737 0.0
738 0.0
739 0.0
740 0.0
741 0.0
742 0.0
743 0.0
744 0.0
745 0.0
746 0.0
747 0.0
748 0.0
749 0.0
750 0.0
751 0.0
752 0.0
753 0.0
754 0.0
755 0.0
756 0.0
757 0.0
758 0.0
759 0.0
760 0.0
761 0.0
762 0.0
763 0.0
764 0.0
765 0.0
766 0.0
767 0.0
768 0.0
769 0.0
770 0.0
771 0.0
772 0.0
773 0.0
774 0.0
775 0.0
776 0.0
777 0.0
778 0.0
779 0.0
780 0.0
781 0.0
782 0.0
783 0.0
784 0.0
785 0.0
786 0.0
787 0.0
788 0.0
789 0.0
790 0.0
791 0.0
792 0.0
793 0.0
794 0.0
795 0.0
796 0.0
797 0.0
798 0.0
799 0.0
800 0.0
801 0.0
802 0.0
803 0.0
804 0.0
805 0.0
806 0.0
807 0.0
808 0.0
809 0.0
810 0.0
811 0.0
812 0.0
813 0.0
814 0.0
815 0.0
816 0.0
817 0.0
818 0.0
819 0.0
820 0.0
821 0.0
822 0.0
823 0.0
824 0.0
825 0.0
826 0.0
827 0.0
828 0.0
829 0.0
830 0.0
831 0.0
832 0.0
833 0.0
834 0.0
835 0.0
836 0.0
837 0.0
838 0.0
839 0.0
840 0.0
841 0.0
842 0.0
843 0.0
844 0.0
845 0.0
846 0.0
847 0.0
848 0.0
849 0.0
850 0.0
851 0.0
852 0.0
853 0.0
854 0.0
855 0.0
856 0.0
857 0.0
858 0.0
859 0.0
860 0.0
861 0.0
862 0.0
863 0.0
864 0.0
865 0.0
866 0.0
867 0.0
868 0.0
869 0.0
870 0.0
871 0.0
872 0.0
873 0.0
874 0.0
875 0.0
876 0.0
877 0.0
878 0.0
879 0.0
880 0.0
881 0.0
882 0.0
883 0.0
884 0.0
885 0.0
886 0.0
887 0.0
888 0.0
889 0.0
890 0.0
891 0.0
892 0.0
893 0.0
894 0.0
895 0.0
896 0.0
897 0.0
898 0.0
899 0.0
900 0.0
901 0.0
902 0.0
903 0.0
904 0.0
905 0.0
906 0.0
907 0.0
908 0.0
909 0.0
910 0.0
911 0.0
912 0.0
913 0.0
914 0.0
915 0.0
916 0.0
917 0.0
918 0.0
919 0.0
920 0.0
921 0.0
922 0.0
923 0.0
924 0.0
925 0.0
926 0.0
927 0.0
928 0.0
929 0.0
930 0.0
931 0.0
932 0.0
933 0.0
934 0.0
935 0.0
936 0.0
937 0.0
938 0.0
939 0.0
940 0.0
941 0.0
942 0.0
943 0.0
944 0.0
945 0.0
946 0.0
947 0.0
948 0.0
949 0.0
950 0.0
951 0.0
952 0.0
953 0.0
954 0.0
955 0.0
956 0.0
957 0.0
958 0.0
959 0.0
960 0.0
961 0.0
962 0.0
963 0.0
964 0.0
965 0.0
966 0.0
967 0.0
968 0.0
969 0.0
970 0.0
971 0.0
972 0.0
973 0.0
974 0.0
975 0.0
976 0.0
977 0.0
978 0.0
979 0.0
980 0.0
981 0.0
982 0.0
983 0.0
984 0.0
985 0.0
986 0.0
987 0.0
988 0.0
989 0.0
990 0.0
991 0.0
992 0.0
993 0.0
994 0.0
995 0.0
996 0.0
997 0.0
998 0.0
999 0.0
1000 0.0
1001 0.0
1002 0.0
1003 0.0
1004 0.0
1005 0.0
1006 0.0
1007 0.0
1008 0.0
1009 0.0
1010 0.0
1011 0.0
1012 0.0
1013 0.0
1014 0.0
1015 0.0
1016 0.0
1017 0.0
1018 0.0
1019 0.0
1020 0.0
1021 0.0
1022 0.0
1023 0.0
