2.32849790925
0 -4.66196382681e-05
1 6.21776814643e-06
2 -4.79821616254e-05
3 -2.37180157115e-05
4 -1.41198432591e-05
5 1.47486263373e-05
6 1.66170689842e-06
7 2.99613444236e-05
8 -8.38794637192e-06
9 -4.78372333496e-06
10 8.95703009608e-06
11 8.89338116669e-06
12 1.88760641e-05
13 1.82451252962e-06
14 3.04798206809e-05
15 4.00219769575e-06
16 7.58933611605e-06
17 3.44110907649e-05
18 1.93481165488e-05
19 8.36704188675e-06
20 -2.68032682618e-06
21 -3.58194086757e-06
22 1.58062990339e-05
23 4.78146480226e-06
24 -3.20289126162e-06
25 1.76308825067e-05
26 3.3917625898e-06
27 -4.79233686729e-07
28 1.63807005106e-06
29 2.50771520991e-06
30 -2.7684274997e-05
31 -2.4397544177e-05
32 -7.61817673892e-06
33 -1.07008418878e-05
34 -1.15421408376e-05
35 -1.57926069376e-05
36 2.89246567723e-07
37 8.90963685484e-07
38 -2.18477735784e-05
39 1.75469312483e-06
40 -1.64470444859e-06
41 8.1432468844e-06
42 -4.7783874417e-05
43 4.12070858861e-06
44 -7.62662417456e-06
45 -5.80183357491e-05
46 -1.96420857216e-05
47 -6.59425829473e-05
48 -3.33868939951e-05
49 -7.6948891659e-05
50 -4.44267582164e-05
51 1.41777515689e-05
52 2.94497758169e-05
53 1.5881519972e-05
54 -5.65969414592e-08
55 3.56048586135e-05
56 -3.02422011643e-05
57 4.52296124147e-05
58 5.2516070837e-05
59 2.10439133487e-05
60 8.94096151603e-05
61 2.27414073629e-05
62 7.72395477659e-06
63 -1.4252044484e-05
64 -3.14264829637e-05
65 3.18731999786e-05
66 6.67136022971e-06
67 -1.1876561568e-05
68 1.98410869467e-05
69 -5.61118049322e-06
70 -2.50021586804e-05
71 5.06296399037e-05
72 2.0641812182e-05
73 1.28645049526e-05
74 -9.1097144418e-05
75 2.01839629401e-05
76 0.000104707600848
77 1.06798517732e-05
78 -8.39541187478e-06
79 4.39879533484e-05
80 1.09115990063e-05
81 -2.22810523825e-05
82 -0.000113645202086
83 -0.000103901505116
84 -1.7372668686e-05
85 -6.01277580801e-05
86 -1.91705911548e-05
87 7.68361274979e-05
88 -6.52537532953e-05
89 -7.47701657294e-05
90 -8.05414425534e-05
91 -3.52819468745e-05
92 -1.49622657367e-05
93 0.000159252941235
94 0.000101520449442
95 0.000162172474831
96 6.70426958866e-05
97 -1.65427707174e-05
98 9.10256752495e-05
99 6.08791805096e-05
100 -0.000124505301147
101 -0.00017747832409
102 -0.00011720029221
103 0.000204984711195
104 0.000174540274574
105 -0.000198065295563
106 0.000242221409626
107 0.000257758964094
108 7.21013127771e-05
109 0.000106070439391
110 -8.91620147845e-05
111 -4.95181047874e-05
112 -0.000256426107325
113 0.000922793162558
114 -0.000425037008096
115 0.000150647235733
116 -6.52087240974e-05
117 2.12780379985e-06
118 -1.29891979957e-05
119 0.000261619479968
120 0.000355121592211
121 -0.000177847638837
122 9.16554571047e-05
123 0.000549593130062
124 0.000175169088242
125 -4.50645672023e-05
126 5.19243368942e-05
127 0.00011324522563
128 -4.33140918089e-05
129 -4.86730103405e-05
130 -4.6803516417e-05
131 -4.60866754331e-05
132 3.9067613373e-06
133 2.59161842795e-05
134 0.000184967668987
135 4.77549983745e-05
136 0.000170319892371
137 -8.86827571702e-05
138 -0.000159385234369
139 -0.00020100020124
140 -2.56591445369e-05
141 1.15193136631e-05
142 -4.04841456483e-05
143 0.000123583150344
144 -0.000136309149502
145 -0.000580453938176
146 1.34713960674e-05
147 3.19665873027e-05
148 -0.000109587102786
149 -1.3324336404e-05
150 -6.83574465098e-06
151 -0.000128226552809
152 3.0842645782e-05
153 -1.58592090018e-05
154 -0.00018827457634
155 -0.000189741575154
156 -0.000207721774399
157 -1.38794154553e-05
158 9.19782887644e-07
159 -4.58103568804e-05
160 -0.000405644472925
161 -0.00013071934683
162 -0.000210166351163
163 -5.75678999754e-05
164 -0.000267313923001
165 -2.02125213874e-05
166 -1.91200380328e-05
167 -0.000363365701194
168 -9.11240686794e-05
169 -0.000194872780903
170 -0.000252552123915
171 8.70503098257e-05
172 8.43139343801e-05
173 -0.00015111725611
174 -3.02091343235e-05
175 -0.00023754165128
176 -0.000104132422246
177 -0.000228233754866
178 6.23364749219e-05
179 0.000209281074852
180 4.76645298433e-05
181 -0.000279732312713
182 1.93713253826e-05
183 -0.000246966294108
184 -3.60882804052e-05
185 0.000121247873087
186 3.14220002096e-05
187 -0.000134971785098
188 -1.31531068353e-06
189 -4.61923443409e-05
190 0.000131074393336
191 -0.000100677488159
192 2.27331495655e-05
193 0.000206386300945
194 -4.99739141293e-05
195 -0.00045443048716
196 1.08802827155e-05
197 9.63128154061e-05
198 0.000169093687369
199 2.16052482641e-05
200 -4.50818823396e-05
201 -2.3060234458e-05
202 1.41602850062e-05
203 -0.000205688503279
204 -8.99012172413e-05
205 2.97052474322e-05
206 0.000164114095531
207 -9.31195862899e-05
208 -4.81504532857e-05
209 -9.85541052038e-05
210 5.53390695266e-05
211 -9.22376749885e-05
212 -2.55080258949e-06
213 -3.29505905664e-06
214 -0.000319445808522
215 -7.00163402734e-05
216 -5.97984924658e-05
217 0.000331617514619
218 4.63472125693e-05
219 5.48104808716e-05
220 9.50648677962e-05
221 -0.000204575810631
222 1.09372881607e-05
223 6.80909144154e-05
224 8.05680219729e-05
225 2.57818832507e-05
226 0.000495531693906
227 -3.65240024579e-05
228 0.00021515091619
229 -0.000339011860815
230 4.02760242823e-05
231 -0.000414755557638
232 -4.2678712383e-05
233 0.000497867099544
234 0.000153810484156
235 5.68792531175e-05
236 -0.000182995350529
237 0.000484486512508
238 9.36168026605e-05
239 2.96716390159e-05
240 0.00026731979511
241 0.000158357019041
242 0.000145612244568
243 9.43851400898e-05
244 -4.2312049152e-05
245 -0.0001397106668
246 2.61483063829e-05
247 -0.000126201593592
248 5.98538060346e-07
249 -2.15150617874e-05
250 -4.76868915422e-05
251 -1.35464564307e-05
252 -9.30596295034e-05
253 -5.74076867395e-05
254 -3.00110481325e-05
255 5.58320966945e-05
256 -0.000140167916319
257 2.87021079159e-05
258 -0.000173170989526
259 1.29787909593e-05
260 -1.84221745188e-05
261 -2.03155511828e-05
262 -4.27688553595e-05
263 1.45817571032e-06
264 0.000190859825213
265 -9.00822953302e-05
266 -0.000137473317335
267 0.000179117268913
268 -8.17014694225e-05
269 -1.87169621552e-05
270 4.62566316471e-05
271 0.000230541332981
272 0.000185828934391
273 0.00029812908695
274 5.51918483784e-05
275 0.000198959125602
276 -0.000338344559037
277 0.000219427683012
278 -5.62419698136e-05
279 0.000245682103408
280 0.000249298524283
281 -0.000247681345827
282 0.0003119051345
283 -0.000145170609053
284 -4.60087437545e-05
285 7.78333252289e-05
286 0.000481827278783
287 0.000110828650433
288 0.000137858506253
289 0.000290119082749
290 8.01748042362e-05
291 5.30138667571e-05
292 2.92018729423e-05
293 5.37538123094e-06
294 -0.000129498187688
295 -0.00011093196361
296 -3.45948349275e-05
297 -0.000249764572668
298 -0.000443578811162
299 5.75040248012e-05
300 -2.26121457028e-05
301 -0.000228161363336
302 -5.95450200103e-05
303 -0.000188890424351
304 -5.88359230079e-05
305 -5.77096590487e-05
306 -7.70664105184e-05
307 -7.80892845688e-05
308 -0.000170592410905
309 -0.000213394920924
310 0.000106130513713
311 5.9627184305e-05
312 -0.000145449016416
313 -8.40279085931e-05
314 0.000230892073465
315 0.000250865391596
316 -8.14507533774e-05
317 -0.000167515670091
318 0.000164700871451
319 9.4247575385e-05
320 -5.67237836439e-05
321 -5.97838398502e-05
322 0.000189328090353
323 3.08640560838e-05
324 0.000106385977162
325 9.51362071279e-05
326 -0.000108427589866
327 4.49445458219e-05
328 -0.000100362697817
329 -0.000292032769879
330 -0.00027214740226
331 7.96918991903e-05
332 -1.34365786493e-05
333 4.58773617891e-05
334 -0.00052506255728
335 -6.0396637346e-06
336 -0.000307479530018
337 -0.000286729202856
338 -2.43944798771e-05
339 -0.000908567689985
340 0.000276749249669
341 0.000178267664269
342 -0.000116713144016
343 -0.000369883019688
344 -1.85150009645e-06
345 9.68028078076e-05
346 -0.000307708652518
347 0.000117556290734
348 0.00018756900867
349 5.45368203974e-06
350 -0.00172267802691
351 -0.000204659494744
352 -0.000659389462332
353 -0.000195534031952
354 0.00042372177101
355 0.000223531861854
356 8.06767787232e-05
357 -0.000155086130972
358 -5.54589513119e-05
359 7.73088133747e-06
360 -0.000187389663182
361 -0.000433389315065
362 -0.000378946132376
363 -6.38539868975e-05
364 -0.000116947451218
365 -0.000336748593354
366 -0.000346853063003
367 -9.66089781513e-05
368 2.8632732662e-05
369 -0.000164623881788
370 -0.000189560907168
371 -0.000285278010686
372 -0.000313282547638
373 -0.000535166243461
374 -0.000604204017074
375 7.54385887739e-06
376 -1.13575887107e-05
377 -0.000120987380183
378 0.000132121483214
379 -0.000198629305726
380 -6.17596126045e-05
381 -6.18132881178e-05
382 0.000133432052898
383 -0.000400558748176
384 8.1013910351e-05
385 -1.47499130929e-05
386 0.000161528464853
387 0.000385295214535
388 0.000361532514236
389 4.53908670223e-05
390 -0.000119461880473
391 -0.000201089257245
392 8.52959739664e-05
393 0.000114241276294
394 0.000261725742645
395 0.000312323927554
396 0.000159245198289
397 -0.000150824510058
398 0.000195793990851
399 -4.96809951954e-05
400 0.000169799055318
401 0.000549076502985
402 -5.47842360072e-05
403 -0.000101062664833
404 -0.000136061786959
405 0.000361344246461
406 0.00072536852977
407 0.000133067206626
408 0.00013236653148
409 0.000195816301845
410 0.00028288418948
411 -0.000490908477013
412 -0.000208442734718
413 -1.70750452997e-05
414 4.37662578755e-05
415 0.000198960839739
416 4.87109555243e-05
417 0.000279394165807
418 -0.000267240280565
419 0.00038267089971
420 -8.90815514333e-05
421 -0.000446978554003
422 -0.000129093033888
423 -0.000165624888905
424 -6.60533867188e-06
425 -0.000116154841887
426 0.000275423658167
427 5.9765386163e-05
428 2.05037042206e-05
429 -0.000210317928555
430 -0.000389009239915
431 -1.81585898278e-05
432 0.00014460048334
433 -1.10899777445e-05
434 -1.44268420713e-06
435 0.00036104466583
436 0.000592700637335
437 -7.57896543564e-05
438 -0.000389619517009
439 -0.000241373583813
440 9.00630252099e-07
441 -0.000108706817667
442 7.98466554152e-05
443 0.000185939943277
444 0.000103775355927
445 6.60276433424e-05
446 4.05455241088e-05
447 0.000484207054116
448 9.44698289591e-05
449 -0.000161916232405
450 6.74134901013e-05
451 0.000225944830387
452 0.000140247981072
453 0.000196177196138
454 0.000245062665984
455 0.000215117068167
456 -0.000197777830215
457 0.000224470048747
458 0.000191529211256
459 -0.000101591545574
460 0.000203271230975
461 -0.00013334711748
462 -9.03614723396e-05
463 -0.000373230652742
464 -0.000165687664286
465 -9.10827702115e-05
466 -1.49115673317e-05
467 -8.99206626316e-05
468 3.0110089012e-05
469 0.000153599234433
470 -0.000195766381847
471 -3.25014610938e-05
472 -5.22510985803e-05
473 -4.30833021181e-05
474 -0.000138609286288
475 -4.4783791537e-05
476 -3.00156108505e-05
477 -3.79735789769e-05
478 -0.000115059377994
479 -4.66198242039e-05
480 -9.57186178774e-05
481 -0.000210040545637
482 -0.000191028558846
483 -3.23483041312e-05
484 7.18706010421e-05
485 -3.58479051067e-05
486 4.65088307597e-05
487 0.000207477144451
488 -5.11644581007e-05
489 0.000140440766863
490 0.000174448693954
491 -2.69295007487e-05
492 -4.19932799804e-05
493 -8.94040625161e-05
494 -3.60475751466e-05
495 8.93830873969e-05
496 -8.74488306166e-05
497 0.000284883567018
498 -4.66269043876e-05
499 -0.000323829762252
500 0.000291829114881
501 0.000315906815898
502 0.00023751116382
503 -3.43306937857e-05
504 -0.000583856625452
505 0.000891825989217
506 5.37412013741e-05
507 0.000912808674908
508 -0.000827879042448
509 -0.00521779622247
510 -0.00155346374244
511 -0.0160636684348
512 0.0
513 -0.00236537975086
514 -0.0115641917028
515 -0.00588175791
516 -0.00135725870993
517 0.00148567840237
518 0.000425157819712
519 0.000979518494613
520 -0.00132442243381
521 0.000230934544135
522 -0.000243493188688
523 0.000611010242952
524 4.89926795463e-05
525 0.000302223961216
526 0.000135689559786
527 0.000454297687827
528 6.45272798326e-05
529 0.000301896878773
530 5.06541325207e-05
531 0.000158077983949
532 -1.9881021862e-05
533 -3.57205372079e-05
534 7.88899200055e-05
535 0.000135025516083
536 -5.5182214398e-05
537 0.000155588931487
538 6.43283439732e-05
539 3.01931589899e-05
540 6.42028256713e-05
541 8.78386436447e-05
542 -5.49256382061e-05
543 -0.000366060094481
544 -6.77886997724e-05
545 -8.45565441828e-05
546 -0.000146241230291
547 -0.000136439272809
548 3.23848866643e-05
549 -5.48705124607e-05
550 -0.000128185653879
551 -2.46616087291e-05
552 6.82093545258e-05
553 6.8510516485e-06
554 -0.000467411349185
555 -8.18043316548e-05
556 -0.000258358201651
557 -0.000165763658163
558 -9.00753605196e-05
559 -0.000306629288203
560 -0.000809016786161
561 -0.00040105154179
562 3.3269280842e-06
563 -0.000183432432977
564 0.000226380108602
565 -6.55126786365e-05
566 -4.33479164569e-05
567 0.000265944639377
568 -0.000207045739663
569 0.000414732152644
570 0.00032392194014
571 0.000169028743781
572 0.000332935591
573 0.000169700396716
574 4.08129750013e-05
575 -0.000183326521097
576 -0.000317977442689
577 0.000223932526125
578 0.000134314085151
579 -0.00026012075889
580 -0.000150382094586
581 2.31406484519e-05
582 -3.08600795065e-05
583 0.000219719242315
584 0.000184269804787
585 3.89988740851e-05
586 -0.000727736338636
587 0.000148343931625
588 0.000478109042595
589 4.98561176224e-05
590 2.6274845791e-05
591 0.000150554092955
592 -6.86073347001e-05
593 -0.000138881699365
594 -0.000209947967743
595 -0.000369995442335
596 -0.000195909365204
597 6.50443280646e-05
598 0.000230563624868
599 -0.000291488177767
600 0.000171520772404
601 -0.000466666097631
602 -0.000452317118128
603 -0.000526621643554
604 0.000151920271163
605 0.000287874043367
606 0.000338344121531
607 -1.04664798847e-05
608 0.00015284924334
609 -0.000112327891774
610 3.50001549141e-05
611 0.000214749115217
612 -0.000111934671237
613 -0.000184802618394
614 -0.00028217081901
615 -0.00061901106004
616 -0.000367024234001
617 0.000344287564687
618 0.000535206049923
619 0.0006907121015
620 -0.000382480848363
621 -0.000411248581773
622 0.000278516329942
623 -3.27752828919e-05
624 0.000843866617931
625 -0.0023606947547
626 0.00125716852715
627 -0.000213354870726
628 0.0002392967129
629 0.000737381743647
630 -1.7746452311e-05
631 0.00022335465228
632 -0.000655086131733
633 -9.8032831157e-05
634 -7.66953085972e-06
635 -0.00075427160511
636 -0.000151147746387
637 0.000124767838351
638 -5.00643133569e-07
639 -0.000405299006115
640 8.62114014112e-05
641 -0.000258243177008
642 9.17855914678e-05
643 0.000983003226771
644 -7.85147530986e-05
645 -0.000318861036143
646 0.000166235330955
647 -1.69587804513e-05
648 -9.88157896222e-05
649 7.49054135943e-05
650 -1.77947759264e-05
651 -0.000192346573905
652 8.95392282802e-05
653 -0.000309085766395
654 -0.00023175672891
655 -0.00027997427327
656 -0.000159359338188
657 0.0001888884585
658 0.000316327246782
659 3.11814609065e-05
660 -0.000300860865834
661 -0.00056223993356
662 -0.000214299431751
663 -4.34975615376e-05
664 -0.000311486730512
665 -0.000169340677786
666 0.000249413797715
667 5.38187856575e-05
668 -0.000188350703881
669 -0.000122718701306
670 -0.00011468356582
671 -0.000311219870587
672 -0.000259174689799
673 -0.000284537320404
674 -0.00042495693843
675 -0.00025314079706
676 0.000175913167018
677 -0.000301228969148
678 -0.000522003933863
679 -0.000338970170593
680 0.000177040974893
681 -0.00037897611571
682 -0.000219083353212
683 0.000129619732335
684 2.07281661271e-05
685 -0.00062633520156
686 -0.000350857872467
687 0.000100605641117
688 -0.000236754270243
689 0.0001733701482
690 6.96810361682e-05
691 -0.000373000647939
692 -0.000454276780808
693 -0.000672900663523
694 -0.00045770280687
695 -0.000125793047603
696 -0.000274201288569
697 -0.00013586142004
698 0.000168059510464
699 -7.90682520816e-05
700 -0.000120858991538
701 0.000194594477386
702 0.000420947634
703 -3.04593063397e-05
704 -0.000267113299055
705 -0.000134823272766
706 -8.25039852788e-05
707 -0.000143997334441
708 -2.28920794912e-05
709 8.9726234547e-05
710 5.53587061066e-05
711 1.00263014031e-06
712 -3.62518357241e-06
713 -4.4325187114e-05
714 0.000124890800045
715 -0.000229661677464
716 -0.000114438310932
717 7.25926761651e-05
718 0.000165060891334
719 -4.42712177803e-05
720 -0.000249660811801
721 -1.63867705125e-05
722 -1.8435147261e-05
723 5.80013161943e-05
724 -7.40012957739e-05
725 0.000109815924138
726 -0.000361185339232
727 -0.000308723333719
728 7.39167551517e-05
729 -9.23234382099e-05
730 4.26476660705e-05
731 0.000121612818486
732 0.000142212504177
733 -8.1608516e-05
734 -4.72394818957e-05
735 2.69413736374e-05
736 1.03620748615e-05
737 -9.8855467129e-06
738 0.000337032526728
739 0.000501910194488
740 -0.000144796113981
741 -0.000369828271012
742 0.000305663182527
743 -0.00028174265905
744 9.6969891367e-05
745 0.000360594498956
746 -0.000150404036586
747 0.00012309151805
748 -0.000148837159597
749 0.000448181617378
750 0.000138692473076
751 0.000295038422889
752 0.00012422610987
753 0.00032156816165
754 0.000149464937607
755 -0.000359226533533
756 -7.96834592239e-05
757 0.000316855965981
758 -2.85950201615e-05
759 -2.40666587052e-05
760 7.29802619337e-05
761 -1.05662083192e-05
762 4.3908385521e-05
763 -5.0503788173e-05
764 -5.34574555384e-05
765 -8.57595728837e-05
766 -2.03597470682e-05
767 7.91279060711e-05
768 3.81362704859e-05
769 5.47277050593e-05
770 -2.92895360218e-06
771 -7.7938723136e-05
772 4.22971440515e-05
773 -0.00012834595982
774 -6.10225618865e-05
775 9.33015965741e-06
776 -0.000164005481807
777 -1.32350278857e-05
778 -2.69939818575e-05
779 3.81449554096e-05
780 1.49517798762e-05
781 -2.49620435874e-05
782 2.88340455382e-06
783 0.000192462290421
784 0.000119112779083
785 0.000210772050222
786 2.75479380864e-05
787 0.000406699152344
788 -0.000147962545098
789 7.6562417785e-05
790 6.54477415703e-05
791 0.000178582997127
792 0.000245529749817
793 2.84659243989e-05
794 -7.48125926838e-05
795 -0.000321626681163
796 0.000184177164429
797 0.000260421162783
798 0.000177531656053
799 -6.18800087051e-05
800 -2.81818719589e-05
801 -0.000479744220731
802 -7.91587906603e-05
803 -0.000198227548535
804 2.08168692845e-05
805 -0.000118424109757
806 3.17491686021e-05
807 -7.28980183905e-05
808 -9.18627363153e-06
809 -0.00016510606854
810 -0.000135356270392
811 0.000194162148753
812 8.67573706867e-06
813 3.64801918175e-05
814 -8.14009582477e-05
815 -1.02588777255e-06
816 -0.000269489891231
817 2.5242521779e-06
818 5.21884814204e-05
819 -4.681890939e-05
820 -7.09305150592e-05
821 -0.000123423141823
822 0.000114701905049
823 -1.58886946331e-05
824 -2.95269263242e-05
825 -4.45952638097e-06
826 0.000145158359115
827 8.19492173178e-05
828 -7.18839968864e-05
829 -8.30657679069e-05
830 -4.04531787289e-05
831 3.2213590403e-06
832 -5.32022183751e-05
833 -9.70094398349e-05
834 6.7737326336e-05
835 0.00015567391163
836 5.78962366949e-05
837 -5.98978921887e-05
838 -0.000186450466313
839 0.000135332920868
840 -7.96239679221e-05
841 -1.29228735891e-05
842 -0.000153653234128
843 -0.000262974200981
844 -0.000376110503007
845 0.000210235304861
846 0.000155314198238
847 -9.39647582482e-05
848 1.70768951882e-05
849 -5.45118426294e-06
850 -2.76203134922e-05
851 -8.15566442384e-05
852 -0.000177490856026
853 -0.00025943068722
854 -9.23304656908e-05
855 0.000170664050123
856 -2.24023910441e-06
857 -0.000244749715147
858 7.40090856942e-05
859 -0.000107539931338
860 -5.02336055625e-06
861 -6.55929629058e-05
862 0.000708448434331
863 5.0967157672e-05
864 -0.000143226456346
865 -0.000119013917478
866 -2.43026262284e-05
867 -0.000417216360468
868 -0.00040023490796
869 -9.89065330489e-05
870 -8.50213626471e-05
871 -0.000101277518437
872 -0.000144144674524
873 4.19782049233e-06
874 9.43400476553e-05
875 -5.47248127893e-05
876 -0.000219173985508
877 0.000220359240001
878 0.00016156502779
879 -0.00025675713703
880 -0.000171316260455
881 -1.29826775904e-05
882 -4.63803411744e-05
883 0.000192005475377
884 7.35374862927e-05
885 -7.64247874746e-05
886 9.95788503769e-05
887 -2.26324294849e-05
888 -7.05350854031e-05
889 0.000113163029193
890 0.000110044150776
891 3.1425193663e-05
892 -4.76092009978e-05
893 0.000405933659203
894 0.000149892072412
895 0.000132995497389
896 0.000111290109044
897 7.59903703639e-05
898 -7.57732270854e-05
899 -7.41357395849e-05
900 -1.644540081e-05
901 7.96865297316e-05
902 0.000180071036347
903 -0.00013030024775
904 0.000101662273386
905 4.79322641434e-05
906 -5.55663828627e-05
907 0.000156050655003
908 0.000104022126263
909 -1.53047701472e-05
910 -6.87233343794e-05
911 0.000140190521839
912 4.87576532846e-05
913 -0.000108442947195
914 5.92793231264e-05
915 0.000156473094545
916 8.07907415958e-06
917 0.000158463573277
918 0.00014459775977
919 -5.11060199418e-05
920 1.43620512232e-05
921 5.26119797939e-05
922 -0.00014043465765
923 -4.58297922074e-05
924 -1.71936378148e-06
925 -6.91371337099e-05
926 6.2722513467e-05
927 -6.32758034154e-05
928 -5.24869691415e-05
929 6.85780774717e-05
930 0.000125689070091
931 0.000139918176808
932 2.74577011059e-06
933 4.67678678263e-06
934 -4.39891642675e-05
935 -2.94930930059e-05
936 -2.02710366018e-05
937 -4.58590823817e-05
938 -1.22727077638e-05
939 2.82203406889e-05
940 -3.69820302484e-06
941 -6.08763659087e-05
942 -5.67224870607e-05
943 1.5393307377e-05
944 2.79840809024e-05
945 2.96312253867e-05
946 9.84249144681e-06
947 4.08724020275e-05
948 0.000146680032209
949 2.4878750922e-05
950 -5.32873948091e-05
951 1.74242903385e-06
952 2.37532633043e-05
953 6.37518338028e-05
954 4.98724904347e-05
955 -1.11229426423e-05
956 7.16171982457e-07
957 -3.73825599581e-05
958 -1.78642934349e-05
959 8.66149538658e-05
960 -3.65541574495e-06
961 -3.69115146751e-05
962 2.09789656749e-05
963 1.27142183086e-05
964 8.05038598289e-05
965 4.85996630264e-05
966 3.32093135098e-05
967 6.17834107421e-05
968 -3.65600795843e-05
969 4.47915081876e-05
970 1.62473300631e-05
971 1.9038743038e-05
972 -2.15386570302e-05
973 -6.08650073879e-06
974 1.4639719782e-05
975 -7.85787957406e-08
976 -8.26741241356e-05
977 -5.17160315659e-05
978 -1.92206422826e-05
979 5.69069711195e-06
980 -1.05286114152e-05
981 -1.28775921769e-05
982 -5.27378005052e-05
983 1.9805458326e-05
984 1.34632925906e-05
985 -1.09055436644e-05
986 -1.19516940381e-05
987 -1.10083065626e-05
988 -2.59239904492e-06
989 -3.8193883185e-06
990 -1.13104478597e-05
991 -9.67237900451e-06
992 -1.31693250086e-05
993 -3.66247282779e-05
994 -4.93631198672e-06
995 1.58041931473e-05
996 1.1154529263e-05
997 8.20440469606e-06
998 1.12017288399e-05
999 1.21913065736e-05
1000 -6.0460135366e-06
1001 3.62368101555e-06
1002 1.98057810946e-05
1003 1.9554022838e-06
1004 4.13075751598e-06
1005 2.95839816367e-05
1006 8.94744046577e-06
1007 3.13747314813e-05
1008 6.88695938277e-06
1009 -9.27827864817e-06
1010 3.8164350135e-05
1011 3.39514128429e-05
1012 1.1360734622e-05
1013 9.90568212026e-06
1014 3.28649018957e-06
1015 -1.75901957277e-07
1016 -2.32210147394e-05
1017 3.172783764e-05
1018 6.20822274618e-06
1019 1.74785215938e-05
1020 -1.11106354179e-05
1021 -8.06184149117e-05
1022 -0.000102429242464
1023 5.561440425e-05
