3.81446762412
0 -6.76679249895e-05
1 -6.66630175279e-05
2 -2.76065345292e-05
3 -5.47076065977e-05
4 -1.21320285139e-05
5 1.52251778215e-05
6 1.25123773209e-07
7 2.39712276127e-05
8 -1.99009532953e-05
9 5.93099024629e-06
10 5.78864039983e-07
11 4.03132400225e-05
12 1.32855507363e-05
13 3.03374457922e-06
14 1.23645657734e-05
15 1.7785488495e-05
16 3.70305497356e-07
17 2.07222911065e-05
18 1.01976980298e-05
19 1.04288832322e-05
20 -1.66954570472e-06
21 -9.05283959674e-06
22 3.73767264521e-06
23 -3.48102546972e-06
24 -4.80357925234e-06
25 1.50968513561e-05
26 -3.22211118117e-07
27 1.94612764515e-06
28 6.55343613098e-06
29 9.37872498788e-06
30 -2.02759688242e-05
31 -2.55365170697e-05
32 -1.00086761691e-05
33 -6.66349933365e-06
34 -1.37382732245e-05
35 -1.35395165444e-05
36 -1.4368079048e-07
37 -6.56962410909e-06
38 -2.00435401619e-05
39 1.13504692734e-06
40 -4.05459908486e-06
41 -5.78447588747e-06
42 -2.61518661952e-05
43 -1.69667567152e-05
44 -1.88900621901e-05
45 -3.69252763538e-05
46 1.1285884761e-05
47 -5.81842447334e-05
48 -8.03190878396e-05
49 -0.000112645259275
50 -2.85259965929e-05
51 -3.55623177449e-06
52 3.96644437866e-05
53 -1.3999954266e-05
54 -1.63872276013e-05
55 2.3208246351e-05
56 -2.2159791103e-05
57 5.06630546196e-05
58 4.27207792772e-05
59 4.62289767388e-05
60 5.78087090526e-05
61 4.43812789927e-05
62 3.26092144363e-05
63 -3.19755081019e-05
64 -7.93926338685e-05
65 1.87132833172e-05
66 1.37709100089e-05
67 -3.48404883051e-05
68 -2.42859498458e-06
69 -3.75020142674e-05
70 -1.98898826512e-05
71 5.91608041328e-05
72 1.79473691517e-05
73 1.61838695897e-05
74 -0.000191286053949
75 -3.80984810897e-06
76 6.74724952777e-05
77 4.34910221725e-06
78 1.3242913893e-05
79 2.20399316987e-05
80 -7.26749842437e-06
81 -4.16346805818e-05
82 -0.000108168231965
83 -0.000109360687951
84 -3.71483021991e-05
85 -7.90601783406e-05
86 -5.8045666903e-05
87 -2.58369934682e-05
88 -1.827175584e-05
89 -0.000153094618564
90 -9.82287829195e-05
91 -0.000182905462781
92 2.83339910608e-05
93 0.000114345844396
94 -2.03864372335e-05
95 4.17329383664e-05
96 0.000108720124746
97 9.83597406405e-06
98 2.40397811746e-05
99 2.67817457862e-06
100 -6.04030083347e-05
101 -0.000113514713821
102 -6.9196610852e-05
103 7.57686840401e-05
104 3.93209103525e-05
105 -0.000166029629591
106 9.65434084353e-05
107 0.000225938226828
108 6.10301943575e-05
109 -0.000137293468725
110 0.000681522053746
111 -0.000162000872844
112 -7.37293514855e-05
113 0.000180816707907
114 -7.99141579094e-05
115 7.15107909935e-05
116 -0.000152446325041
117 0.000307083191913
118 2.13523616631e-05
119 -3.67370316976e-05
120 6.03235897661e-05
121 -9.4603211158e-06
122 -0.00029665321872
123 0.000254711942285
124 0.000155280222047
125 0.000105162372893
126 -0.000493233531801
127 -5.92165236945e-05
128 -0.000164783989855
129 -2.53322153534e-05
130 7.58022649414e-06
131 -0.00106470288609
132 0.000323727026706
133 0.000152133162593
134 -6.76144218427e-05
135 -6.42217634311e-05
136 -0.00011308601736
137 -6.02712123231e-06
138 -0.000162649969842
139 -4.00235412236e-05
140 0.000145843416091
141 -5.57751617599e-05
142 -0.000211274411438
143 -0.000196226079047
144 0.000117707880626
145 -0.000358939884268
146 -2.08162929573e-05
147 0.000311794496867
148 -0.000201412036792
149 -8.99873415288e-05
150 -0.000283575180452
151 -9.74942266847e-05
152 -2.81707157063e-06
153 0.0003176957083
154 -1.85551704989e-05
155 -3.74165508314e-05
156 -8.70927390542e-06
157 2.31073767604e-05
158 -0.000248629809025
159 6.30394672636e-06
160 -0.000243708938226
161 -0.000237372275938
162 -0.000267562664467
163 6.21733530998e-05
164 -2.29776410481e-06
165 -0.000100548220923
166 -0.000633205069003
167 -0.000204164832137
168 9.27885857935e-05
169 -0.000119988674465
170 -0.000108759068054
171 6.16906007116e-05
172 -0.000381611475359
173 -0.000164134831936
174 -9.84287324735e-05
175 -0.000330402770495
176 -0.000178617602251
177 3.84268532762e-05
178 -0.000260365789037
179 0.00011658265252
180 8.17120585426e-05
181 -0.000290704852787
182 0.000144939798884
183 -1.75528392269e-05
184 -0.000248678388592
185 0.000215406400684
186 6.34889637438e-05
187 -0.000125961968481
188 -4.14237718488e-05
189 0.000119998104853
190 0.000251185944459
191 -1.11288632608e-05
192 -0.000119913403321
193 6.11302934649e-05
194 0.000115273591269
195 -0.000156407477648
196 -6.32485476665e-05
197 1.30105102085e-05
198 2.36196829915e-05
199 5.65869533322e-05
200 -1.28655253771e-05
201 -9.32698583569e-05
202 3.24799508928e-05
203 -4.34635424995e-05
204 -2.84709855671e-05
205 5.04181336872e-05
206 0.000134633874774
207 -6.93512682429e-05
208 -9.49520462834e-05
209 -0.000128617395874
210 0.000102468394193
211 -0.00019167859008
212 -4.95049798087e-05
213 5.07969164747e-05
214 -0.000308118850312
215 -0.000304877814968
216 1.13025635556e-05
217 0.000163363387818
218 7.53913804693e-05
219 0.000191636740393
220 8.5295029354e-05
221 -0.000112632095227
222 -8.7358633207e-05
223 0.000134952094503
224 -4.37760849536e-05
225 -5.87673804903e-06
226 0.000476321430792
227 0.000238000350129
228 9.93472294085e-05
229 -0.000229142036641
230 7.83505234867e-05
231 -3.37464999917e-05
232 -4.3011421455e-05
233 0.000248222515877
234 2.68213717266e-05
235 0.000157291310277
236 -7.8921797761e-05
237 0.000372148538567
238 0.000120821603931
239 8.41771059556e-05
240 0.000112101175264
241 0.000155762870021
242 0.000261641326527
243 -5.7389683855e-05
244 -8.54551538997e-05
245 7.602332618e-05
246 5.89522695725e-06
247 -5.50965985762e-05
248 -3.04962465434e-05
249 -4.46747083324e-05
250 3.81411430615e-05
251 4.81164719132e-05
252 -0.000153363571108
253 -0.000113985818886
254 -2.39386985238e-05
255 -2.97921410109e-05
256 2.26306695892e-05
257 -3.92522911311e-05
258 -0.000147851135213
259 -7.00943239778e-05
260 6.82384586193e-05
261 -0.000138450201573
262 -0.00011064240866
263 4.20576861918e-05
264 -0.000101475968006
265 -0.000132039960192
266 -0.000330107587542
267 9.73910252789e-05
268 0.000122052868499
269 -0.000142266344983
270 -2.29738863072e-05
271 0.000176475855814
272 0.000332623088929
273 0.000233974448181
274 8.17757376529e-06
275 0.000318165755877
276 -0.000180308662155
277 0.000318501806669
278 3.55320226978e-05
279 8.95162529791e-05
280 7.09594026639e-05
281 0.000133981903383
282 0.000303965006378
283 -0.000234976202533
284 8.07335334366e-05
285 0.000623388235843
286 0.000323054551517
287 0.000189355565175
288 0.000533466388069
289 -9.23241678099e-05
290 3.47897291963e-05
291 4.68796850351e-05
292 7.20087741661e-05
293 -0.000189268457857
294 -7.54672035113e-05
295 -0.0001592522132
296 9.77987566539e-05
297 -0.000211655192963
298 -0.000296834785705
299 8.13469667458e-05
300 2.78512448636e-05
301 -0.000127270056736
302 0.000104189146135
303 -0.00040805071071
304 -0.000249077606829
305 -5.50317196386e-05
306 -5.9148058326e-06
307 -2.22042775858e-05
308 -5.51109296714e-05
309 -0.000309154501133
310 0.000114599015744
311 0.000240583660611
312 -0.000127091199539
313 -8.78323712276e-05
314 0.000202535471679
315 0.000215527310504
316 -9.9531776093e-05
317 -6.66115876063e-05
318 0.00022822949868
319 0.000138608712555
320 0.000112091733061
321 8.06823105703e-05
322 0.000104007042693
323 0.000136991101219
324 -5.02060056087e-05
325 -0.000127448318708
326 -0.000637343415702
327 2.43554207802e-06
328 -7.78595335442e-05
329 1.69381245065e-05
330 -0.000276618384718
331 -0.000403180698933
332 -0.000447223103651
333 -2.61006903788e-06
334 0.000189637459989
335 -0.000179701540275
336 -9.99549206063e-05
337 3.00053792533e-05
338 -9.59498210818e-05
339 0.000616671324472
340 -0.00020476057423
341 -0.000183035232072
342 -0.000468468832576
343 -0.000295021282691
344 0.000187488049257
345 -4.29927706297e-05
346 0.00052414771425
347 0.000128443750711
348 0.000182750733401
349 -0.000443273449258
350 -2.06767934626e-05
351 0.000225570212293
352 -0.000288883113122
353 0.00111200142233
354 -4.25575261341e-06
355 -9.50047996572e-05
356 -7.18509929122e-05
357 -0.000329278459025
358 -0.000227404295984
359 -0.00013447767172
360 0.000206919620755
361 5.29011914436e-05
362 -0.000193630150487
363 -0.000287154723758
364 -4.11875355032e-05
365 0.000117127056326
366 -0.000232403601255
367 -0.000208034450311
368 -0.000251385001958
369 -0.000176201680677
370 0.000396046131538
371 -0.000104050337687
372 0.000237744658734
373 -0.000558350299791
374 -0.000140541018725
375 -7.35543839335e-06
376 -0.000473381512437
377 0.000206898141514
378 0.000346624377995
379 -8.97532084256e-05
380 0.000158144818555
381 0.00017133954744
382 0.000160412515818
383 5.43938067801e-05
384 5.92282543057e-05
385 0.000361111319513
386 -0.000592778605953
387 -0.000124127750791
388 0.000878204173816
389 -5.93556400592e-05
390 0.000445131944031
391 -0.000308277459595
392 0.000372917426263
393 0.000120126785632
394 -4.53083356705e-05
395 0.000560587890927
396 -2.80303126683e-05
397 0.000339688667475
398 -0.000644197979446
399 0.000572644985456
400 -9.16243383927e-05
401 0.000660754128385
402 9.89147493113e-05
403 0.000257558875779
404 -0.000160517928734
405 0.000427970934584
406 -0.000307601565748
407 -0.000755783734159
408 -7.32382681125e-05
409 0.000663714854001
410 -3.50398442504e-05
411 8.39014866335e-05
412 -0.000205651823351
413 0.00115375611259
414 0.000695399535979
415 -0.000156876543753
416 -0.000150940275789
417 -1.41618022405e-06
418 -6.89623262852e-06
419 0.000331879815731
420 -0.000152048333269
421 -0.000145622288781
422 1.26683423208e-05
423 3.6000284685e-05
424 -6.97205827471e-05
425 -0.000216113491147
426 0.000242803096394
427 -4.01105994738e-05
428 -9.56652359756e-05
429 -0.000225982539372
430 -0.000347460154238
431 3.17417369193e-05
432 1.03938511914e-05
433 2.13105943924e-05
434 3.01911526485e-06
435 7.97663626998e-05
436 0.000447224566195
437 5.40226673901e-05
438 -0.000348064291256
439 -0.000161263401064
440 -9.05243334126e-06
441 5.30114886556e-05
442 0.000111172424909
443 0.000116159487759
444 -0.000105631468786
445 -0.000196842348105
446 5.45363664487e-05
447 0.000432171947724
448 -0.000110161813797
449 -4.00874313917e-05
450 0.000189668322526
451 8.37121250102e-05
452 0.000182710471854
453 0.000222774159382
454 0.000116586838886
455 0.000268185692593
456 -0.000347040795744
457 0.000252957642014
458 1.31603055684e-05
459 -3.56904734924e-05
460 -0.000156286684294
461 -0.000192977369232
462 0.000121242829583
463 0.000577278141709
464 -0.000296537433997
465 -0.00029236776005
466 5.19123833949e-05
467 0.000106168002255
468 -2.05478099422e-05
469 9.97371133863e-06
470 -0.000436826817006
471 0.000149860480697
472 4.19036694639e-05
473 -3.34000195494e-05
474 -0.00014076625546
475 -0.000119076222449
476 -3.96618596422e-05
477 -7.59912148716e-05
478 -0.000149065741947
479 -6.68382110102e-05
480 -8.02619511023e-05
481 -0.000341953709088
482 -0.000118406195524
483 4.9519526433e-05
484 0.000177149882733
485 2.75868246872e-05
486 8.31845437043e-05
487 0.000171605436744
488 -9.71563068884e-05
489 -6.48983751423e-05
490 0.000185267634469
491 -4.55858845086e-05
492 6.97452573202e-05
493 0.000220174169482
494 -9.99909994855e-05
495 0.000577518162625
496 -1.77943943791e-05
497 7.87390117147e-05
498 0.000550968663325
499 0.000273917273132
500 0.000621864622112
501 0.000173152533376
502 0.000371629927586
503 5.19706123398e-05
504 -0.000665096526446
505 0.000742507382941
506 0.000876437103277
507 0.00152710775439
508 -0.00320822654818
509 -0.0079993440122
510 -0.0155625842248
511 -0.0101178700737
512 0.0
513 0.00903001005971
514 -0.0176008702639
515 -0.00499041746022
516 -0.00179648451401
517 0.00145037969521
518 0.000740698862143
519 0.000927873224249
520 -0.000659939201842
521 -0.000136145299672
522 6.52344853621e-05
523 -0.000394160456902
524 -2.34317770048e-05
525 0.000272174266869
526 0.000501628824344
527 8.13202614146e-05
528 0.000224000844447
529 0.000508236926123
530 0.000168003240196
531 0.000135437297205
532 -2.33055292998e-05
533 4.37550552984e-05
534 0.000231181516542
535 0.000209000342009
536 -4.22442874408e-05
537 0.000178692274292
538 0.000104564642483
539 -1.21056681871e-05
540 -3.62637164023e-05
541 -1.08760865153e-05
542 -0.000145333786873
543 -0.000315226596627
544 1.90744091984e-06
545 -0.000118689647422
546 -0.000124435594307
547 -0.000184730171046
548 5.91061617544e-06
549 1.39276735197e-05
550 -0.000130827551184
551 -7.88705632267e-05
552 6.43710238565e-05
553 0.000125747693578
554 -0.000621801614943
555 7.37031831995e-05
556 -0.000171745237609
557 -0.000269837513612
558 -0.000104837572313
559 -0.000221928266217
560 -0.000450035763212
561 -0.0001427377217
562 -5.68452833663e-05
563 -8.14713160169e-05
564 0.000165849320398
565 3.10106414458e-05
566 0.000105589148861
567 0.000279155800952
568 -0.000220600334273
569 0.000333045227862
570 0.000317306300695
571 -8.03794333351e-07
572 0.000432057109136
573 7.55127485939e-05
574 1.83541801529e-05
575 -8.13658917123e-05
576 -4.94957772949e-06
577 0.000274778282368
578 0.000101193912569
579 -0.000202999348626
580 -4.25431794472e-05
581 0.000140799844103
582 4.72527814077e-05
583 0.00020166968105
584 0.000176271988305
585 -1.32284152882e-05
586 -0.000284750236135
587 0.000244068984578
588 0.00057822960944
589 2.47642008853e-05
590 -4.45499432895e-05
591 0.000218076301989
592 -5.5599643678e-05
593 -8.341022254e-05
594 -0.000266811975942
595 -0.000314253518905
596 -0.000150118311875
597 -7.90168382574e-05
598 0.000220961815144
599 7.69528060683e-05
600 -0.000117989538959
601 -0.000211428366849
602 -0.00044909398706
603 4.41834238239e-05
604 0.000121815902662
605 0.000456479576165
606 0.000589265891766
607 0.000457783519019
608 0.000166841046029
609 -0.000312435829457
610 0.000319016134463
611 0.000376862183596
612 -0.000238329341731
613 -0.000288288491618
614 -0.000377004206622
615 -0.000277755433971
616 0.000117785699297
617 0.000213255012333
618 0.000487914327897
619 0.000528202360343
620 -0.000318729863794
621 0.00032070187379
622 -0.0017912214832
623 0.00035619006232
624 0.000244959151318
625 -0.000273844780256
626 0.000412023268796
627 0.000135878746695
628 0.000587135230211
629 -1.98999675667e-05
630 -0.000103142762097
631 0.000870809514515
632 2.68753572819e-05
633 -0.000738354157162
634 0.00079289275696
635 1.39830652411e-05
636 -0.000214472241536
637 -0.000268165867839
638 0.00138565489858
639 9.67431265871e-05
640 0.000274942847932
641 -0.000254194075863
642 0.000163030467245
643 0.00312557491689
644 -0.000718045772808
645 -0.000514866144482
646 0.000736290476916
647 0.000263412510416
648 0.000514291241789
649 -0.000136086323658
650 -3.65702071959e-05
651 -0.000784802888662
652 -0.000243735453343
653 -3.31029069021e-05
654 0.000349471165893
655 0.000424743523673
656 -0.000545208654834
657 -0.000121153475125
658 0.000306485127351
659 -0.000572034709593
660 5.26882759451e-05
661 -0.000531776368637
662 0.000472211852739
663 -9.08675369326e-05
664 -0.000417407362405
665 -0.000998416303927
666 -6.11015203945e-06
667 -0.00026966788909
668 -0.000490094598989
669 0.000100451936328
670 0.000258916884057
671 -0.000274659246202
672 -0.000406054009984
673 1.83874462775e-05
674 -0.000237044641681
675 -0.000441434034804
676 -0.00034317111945
677 -0.000359503615523
678 0.000685410371114
679 -0.000595619570315
680 -1.7310689674e-05
681 -0.000375272764915
682 -0.000489035991488
683 0.000125532651664
684 0.000310819986858
685 -0.000225118739173
686 -0.000174004147884
687 0.000321983304778
688 -1.18502581589e-05
689 -0.000165784006769
690 0.00046012688815
691 -9.26813665924e-05
692 -0.000569426542395
693 -0.000637968707674
694 -0.000429003121719
695 -0.000467531994687
696 -2.05353256606e-05
697 -1.55521309378e-05
698 9.35576289803e-05
699 -0.000122465175653
700 -6.54687231985e-05
701 1.41400162982e-05
702 0.000226467760085
703 -0.000126586807207
704 4.79816769249e-05
705 0.000161647266727
706 -0.00018059038157
707 -0.000473576523764
708 0.000166313593973
709 0.000237810033728
710 0.000315574171827
711 6.69479718125e-07
712 -3.17984713343e-05
713 2.81961703985e-05
714 0.000167167307216
715 -0.000377939936315
716 -0.000118558921093
717 9.06809334346e-05
718 0.000242971174935
719 -5.2226312583e-05
720 -0.000166208297502
721 9.98583880391e-05
722 -1.98287198315e-05
723 0.000182124325274
724 5.86390044303e-05
725 0.00010742623189
726 -0.00031067686569
727 1.77504893759e-05
728 -5.18755229145e-05
729 6.9140264059e-05
730 6.39496833141e-05
731 -3.22047779736e-05
732 0.000204739767805
733 -8.77836054707e-05
734 2.77365179065e-05
735 -2.13429168931e-05
736 9.26758339279e-05
737 5.06347261084e-05
738 0.000478265566974
739 0.000204519060991
740 4.99972796277e-05
741 -0.000524093347181
742 0.000436876678758
743 -0.000491246298358
744 6.46961688285e-05
745 0.000373183109226
746 -7.74544929013e-05
747 3.76218775865e-05
748 -0.000221475564932
749 0.000598421002525
750 6.71995980877e-05
751 0.000206090961651
752 0.00025411155753
753 0.000262623166977
754 1.03434033168e-05
755 -0.000179132562551
756 -1.29699912872e-05
757 6.89901958836e-05
758 2.52030380551e-06
759 -0.000149084969672
760 0.000114768523412
761 7.15695769478e-06
762 -3.05392805594e-05
763 -0.000122819781008
764 -3.44628898062e-05
765 -2.97788884613e-05
766 -4.09880217953e-05
767 0.000152906662566
768 -0.000123118787524
769 0.000135080147031
770 -4.13584542899e-05
771 -3.86679326852e-06
772 -6.23621146418e-05
773 -3.96477563306e-05
774 4.7082629021e-06
775 -1.79893383177e-05
776 6.43118896025e-05
777 2.06127543258e-05
778 0.000157922518598
779 9.46831324715e-05
780 -0.000132338821485
781 9.45606583649e-05
782 7.21391010892e-05
783 0.000177908706838
784 -3.95123366856e-05
785 0.000260284393047
786 4.82181485108e-05
787 0.000337118714765
788 -0.000261823661458
789 -1.64171201233e-05
790 5.36739634827e-05
791 0.000152221179221
792 0.000318098398019
793 -0.000185798239524
794 -7.64556258811e-05
795 -0.000169935735721
796 0.000108423507833
797 -0.000163235107197
798 0.0004098051758
799 -0.000166378578602
800 -0.000289242529389
801 -0.000238561790641
802 -9.77929145618e-05
803 -0.000193599491875
804 1.8800334239e-05
805 -4.18732728469e-05
806 0.000115840036563
807 -6.16868239157e-05
808 -0.000123729892575
809 -0.000122226430407
810 -0.000165587505074
811 0.000183644182511
812 4.29838028882e-05
813 -2.79021320181e-05
814 -0.00015059882606
815 0.000200483376616
816 -7.5239024573e-05
817 8.99639790576e-06
818 3.69873072645e-05
819 -5.79599357537e-05
820 -7.49732402683e-05
821 -4.39858439867e-05
822 0.000134361457355
823 -0.000132582798764
824 -3.90159820614e-05
825 3.65783436376e-05
826 0.000183092037905
827 0.00011459268489
828 -3.12547512849e-05
829 -5.61193094633e-05
830 3.86416589138e-05
831 1.69653474216e-05
832 -0.000126913382229
833 -0.000177888577482
834 0.000157533819541
835 0.000161733270072
836 0.00015492866381
837 9.37465656675e-05
838 9.76196114439e-05
839 0.000285135786
840 -8.20483113335e-05
841 -0.0001503958093
842 -6.18061655934e-05
843 1.12602969266e-05
844 -0.000153350397138
845 0.000228100727454
846 -0.000191638088025
847 1.86051067048e-05
848 -5.77275452468e-05
849 -0.000139168873173
850 7.00476362367e-05
851 -0.000868687536769
852 -7.95098002919e-05
853 -7.15893905521e-05
854 0.000181431391358
855 0.000137982105025
856 -0.000156701161599
857 -0.00025899249401
858 -0.000373781616652
859 -7.95402782885e-05
860 -3.69611563816e-05
861 0.000231370175232
862 -0.000231433948044
863 -9.83939323945e-05
864 -0.000275178160941
865 -0.000790875260418
866 0.000228359847021
867 -0.00017515915748
868 -0.000272518347378
869 3.18956057784e-05
870 1.54846787479e-05
871 -2.34958438821e-06
872 -0.000321603313729
873 -0.000206554079079
874 3.37766151278e-05
875 9.17891779021e-05
876 -0.000150238324277
877 -3.32060203532e-05
878 0.000175022749635
879 -0.000111351844723
880 -2.60179213569e-05
881 4.61045720351e-05
882 -0.000290975200064
883 6.61006653028e-05
884 -0.000139574481995
885 -0.000157547432398
886 -0.000135768381735
887 -5.06083662266e-05
888 0.000139662868617
889 -1.32952381844e-05
890 7.03966930426e-05
891 -3.73503957808e-05
892 -9.6918132957e-05
893 0.000201050698839
894 0.000194387299163
895 -9.67078202203e-05
896 0.000106108463045
897 -1.42179977645e-05
898 0.000219211356473
899 0.000158269182437
900 -0.000215444706026
901 8.5517167334e-05
902 -6.73938433852e-05
903 -0.000112794144499
904 1.53762073011e-05
905 3.06367041729e-05
906 4.30851804724e-05
907 9.95500736022e-05
908 0.000221204518712
909 -0.000188330788279
910 0.000273028759782
911 -6.68892599379e-05
912 0.00013911727463
913 -0.000163298998418
914 2.48659928814e-05
915 1.82427495679e-06
916 2.54046878728e-05
917 7.74335374771e-05
918 0.000367093834672
919 0.000207231271745
920 0.000103276774748
921 -8.48233884672e-05
922 -6.46369200112e-05
923 -0.000189553881515
924 -3.11721132551e-05
925 -0.000399865163927
926 -0.000128661175042
927 -1.73292571526e-05
928 -1.13827684049e-05
929 0.000178329845816
930 5.92916239742e-05
931 0.000147689888461
932 9.0860626681e-06
933 -9.13969597212e-05
934 -0.000103731716648
935 -0.000103217231912
936 -2.7368317705e-05
937 -4.28010172957e-05
938 -7.97088638172e-06
939 1.53508432607e-05
940 7.20151702976e-06
941 -7.04934132574e-05
942 -6.80574311936e-05
943 -2.42104865687e-05
944 4.26349253477e-05
945 1.95348488602e-05
946 1.26489815424e-05
947 7.44004885863e-05
948 0.000164659739582
949 -1.09305532984e-08
950 -6.29748059788e-05
951 -1.23153724769e-05
952 1.40283498605e-05
953 3.02443770557e-05
954 4.11529445519e-05
955 -1.11251342194e-05
956 3.57598846066e-05
957 8.91628341225e-06
958 -2.77130439178e-05
959 9.25645286913e-05
960 3.02167919782e-05
961 -6.32241836366e-05
962 1.95445692551e-05
963 1.98328777997e-05
964 4.67631827482e-05
965 2.89563094549e-05
966 4.50355863007e-05
967 4.79503319499e-05
968 -1.55605392876e-05
969 3.20777448298e-05
970 4.48146430799e-05
971 -5.61861005405e-07
972 3.29002618449e-05
973 -9.55968241488e-06
974 -2.85406209402e-05
975 -0.000155197136052
976 -6.5186546107e-05
977 -9.973088149e-06
978 -2.20958349273e-05
979 -2.19609895213e-05
980 -2.61209279473e-06
981 5.50436039706e-06
982 -2.38869122894e-05
983 -5.05641100014e-06
984 -5.38438609576e-06
985 -1.66973111867e-05
986 -1.06219594077e-05
987 -4.59998195807e-06
988 -2.88461103275e-06
989 -4.74276844247e-06
990 -7.51825542744e-06
991 -7.87517689543e-06
992 -1.04422919336e-05
993 -2.13837663809e-05
994 -1.16363405433e-05
995 4.68613690524e-06
996 -2.07402108509e-06
997 2.04219138592e-06
998 7.20685935555e-06
999 1.45894581557e-05
1000 -3.45140984625e-06
1001 1.51011151226e-05
1002 1.5845476236e-05
1003 1.42228774765e-06
1004 -1.39497290142e-06
1005 9.54977924919e-06
1006 1.27675515746e-05
1007 3.04198087531e-06
1008 4.53371772978e-06
1009 -1.09257473817e-06
1010 8.76243990866e-06
1011 7.50116249291e-06
1012 -6.51215455671e-06
1013 1.25916349753e-05
1014 -2.23767631876e-06
1015 -1.26116941722e-06
1016 -1.73138182467e-05
1017 2.4968352073e-05
1018 -5.45724605591e-06
1019 8.28925692965e-06
1020 1.11666742454e-05
1021 -9.98494786529e-05
1022 -5.45396856833e-05
1023 3.0588579639e-05
