-4.0390028416e-05
0 0.0
1 0.0
2 0.0
3 -0.000580230111658
4 -0.000928467849031
5 1.9048664477e-05
6 0.000100925378409
7 0.000450811433249
8 0.000190049028331
9 -0.000164872820429
10 9.166846584e-05
11 0.000492032817576
12 -0.000154681155766
13 0.000440164992464
14 -0.000332628150912
15 -0.000858402454111
16 0.000423242638689
17 0.000197938129491
18 1.80382070103e-05
19 0.000214834655343
20 -0.000460838147635
21 -0.000587010755274
22 0.000773084444188
23 -0.000114330393735
24 -0.000924103724144
25 0.000683655611038
26 -5.65898754481e-05
27 -0.000423875312974
28 3.11227261168e-05
29 0.000650860286868
30 -0.00014880935044
31 -0.000370259995123
32 0.00016861436699
33 -0.00173759362299
34 0.00101364464033
35 0.000256228136853
36 -0.00069322695093
37 0.000248942210965
38 2.4061737913e-05
39 -0.000619625610862
40 0.00041516276235
41 0.000157213866091
42 -0.000104552751773
43 -0.000137384047473
44 0.000101411669913
45 0.000162465071674
46 -0.000163935040015
47 2.56861757846e-05
48 7.40587129658e-05
49 -0.000135151069052
50 0.000131889565765
51 -3.07066879559e-06
52 2.68793337324e-05
53 -0.000107103615597
54 8.08433424945e-05
55 8.5893535597e-05
56 -0.000151596696157
57 8.39939286009e-05
58 0.00014652036253
59 -1.04608983072e-05
60 -5.68486045721e-06
61 -0.000125403211363
62 0.00017310121698
63 -0.000191729860632
64 -1.98565330103e-05
65 0.000377359818088
66 -0.000345937627568
67 -1.08964633999e-05
68 0.0002131107563
69 -0.000238989696801
70 6.39795882402e-05
71 0.000165939994958
72 -0.000148652119406
73 -6.30910116596e-05
74 0.000193875516321
75 -9.12155672453e-06
76 2.47411623459e-05
77 -5.95430963519e-05
78 -0.00010228347438
79 0.000269493104733
80 -0.000130971250914
81 -2.23584845602e-05
82 0.000156156086963
83 -0.000201993760095
84 0.000191051962099
85 -0.000371459116165
86 -5.19398526809e-05
87 0.000204261491077
88 3.4216383164e-05
89 -3.32639389608e-05
90 0.000304130858098
91 -1.97339763421e-05
92 -0.000681625061789
93 0.000119716195596
94 0.000378810602734
95 -0.000113586613691
96 -0.000223771306784
97 0.000496304152828
98 -0.000301381080478
99 -0.000145349218669
100 0.000527706376388
101 -0.000557025184663
102 0.000129657203127
103 0.000275110884879
104 -0.000118258034305
105 6.29131773498e-05
106 -0.000152798185044
107 0.000241902214925
108 -0.000279827353683
109 -4.17535935702e-05
110 0.000415624201733
111 -5.89235517123e-05
112 0.000101490169879
113 -3.1044466348e-05
114 -0.00023181971256
115 -2.15842125399e-05
116 0.000389977852471
117 -0.000133656542834
118 -0.000115461538825
119 0.000282956039306
120 -0.000546864328377
121 -9.4397708438e-05
122 0.00079563111836
123 9.00429444524e-05
124 -0.000175045253072
125 -0.000409142393292
126 0.000733307939193
127 -0.000402805982521
128 -8.0901047806e-07
129 0.000214364198424
130 -0.00021355959079
131 3.64495060931e-05
132 0.00018319960448
133 -0.000220623726115
134 0.000201539975144
135 -0.000204715172594
136 0.00016881453063
137 8.42035825133e-05
138 -2.60770295378e-05
139 0.00036217487345
140 -0.000631700869394
141 0.000307526002902
142 0.000165831823772
143 -6.16091764364e-05
144 0.000145382020246
145 -0.000161126322351
146 -0.000187291750285
147 0.000172541744656
148 -0.000235933777551
149 0.000284752566835
150 -5.4974176628e-05
151 0.000281533050467
152 -0.000260389880819
153 -0.000135600977259
154 0.000356653928657
155 -2.3111599218e-05
156 -0.000174935484134
157 8.40153538288e-05
158 6.01192409054e-05
159 -2.74491285177e-06
160 -8.18412858951e-05
161 -0.000244253539099
162 0.000197034556896
163 -1.77326655319e-05
164 1.81437367404e-05
165 -0.000236308595657
166 4.14125427924e-06
167 0.000508787528989
168 -0.000669075744347
169 0.000319188219033
170 0.000259514482645
171 -0.000659133551319
172 0.00070806481912
173 -0.000136021459305
174 -0.000884660206048
175 0.00102244305671
176 -4.67907670641e-05
177 -0.000739425349053
178 -1.67465306556e-05
179 -0.000229567730043
180 -0.00029009648174
181 0.000188693626769
182 4.9652372182e-05
183 0.000395645581037
184 -0.000294997102712
185 0.000371125561516
186 -0.000619674256024
187 0.000309059297328
188 -5.78198586312e-05
189 3.65405654529e-05
190 0.000467357906145
191 -0.000292282656381
192 -0.000418148809672
193 0.000596414915862
194 -6.04248028877e-05
195 -0.000846173838119
196 0.000764399733021
197 0.000183083686215
198 -0.000849726300469
199 0.000820009037914
200 6.92837987828e-05
201 -0.000167863579288
202 -0.000117186145099
203 -0.000204435234591
204 0.000480219680093
205 -0.00010155424302
206 -0.000580830522509
207 0.000383633849748
208 0.00016422450926
209 -0.00024219366848
210 -0.000420885699307
211 0.00107321252715
212 -0.000838743188129
213 0.000277747209781
214 -1.60246771118e-05
215 -0.000282420613223
216 0.000536347740678
217 -0.000445779897608
218 -0.000182391801862
219 0.000545938492146
220 -0.00052032876272
221 0.000369528244698
222 0.000176705361046
223 -0.000706170192304
224 0.000390789886591
225 -0.000166210909067
226 0.000140918174161
227 -0.000102109997684
228 -6.02648913973e-05
229 0.000298883624907
230 -0.000172025010502
231 -0.000235823374764
232 4.07252352949e-05
233 0.00033543729881
234 -0.000106019944335
235 -0.000212351427493
236 0.000164800962731
237 -0.000101732740675
238 0.000151727297234
239 -0.000258768062603
240 0.000178151630504
241 -0.000230010979182
242 0.000152975748754
243 0.000335558083289
244 -0.000193893165536
245 -0.000199124531422
246 0.000533247602695
247 -8.44677005427e-05
248 -0.000763801997968
249 0.000916348429295
250 0.000135355560477
251 -0.00121303702041
252 0.000976844189961
253 -0.000219171342388
254 -0.000219430113286
255 0.000338441594424
256 -0.000198485090069
257 6.00115585508e-05
258 3.60734996629e-05
259 -7.17772975486e-05
260 0.000463041567503
261 -0.000336758710584
262 9.71907154117e-05
263 -4.96798780877e-05
264 -1.27643465479e-05
265 4.72434578895e-05
266 -0.000263457903242
267 -1.05182006248e-05
268 0.000310851461913
269 -0.000449590680331
270 0.000108826524524
271 0.000308848879456
272 -0.000141468144144
273 2.70355962334e-05
274 0.000363675249759
275 0.000155750592734
276 -0.000674422721564
277 0.000299577499781
278 0.000412882869658
279 -0.000373651698167
280 -9.90168225713e-05
281 0.000304679196092
282 -0.000759309653159
283 0.00088398501539
284 -0.000279095763751
285 -0.000256860693731
286 0.000595934159506
287 -0.000215349440617
288 -0.000308378547176
289 0.000277980241184
290 0.000688327107404
291 -0.00116993666966
292 0.000582001516301
293 0.000560199497891
294 -0.000955524375559
295 0.000170541707784
296 0.000364947611429
297 -0.000683288292931
298 0.000663940446529
299 0.000274210864315
300 -0.000286257458773
301 -9.18379308316e-05
302 7.62737840942e-05
303 -5.26237463353e-05
304 0.000325277340012
305 -0.000153593223961
306 -1.99356707711e-05
307 0.000322502280888
308 -0.000372636204005
309 -5.65076561075e-05
310 0.000216039522198
311 -0.000169223576352
312 -2.63137543774e-05
313 0.00042154691689
314 -0.000373192326013
315 1.85906739773e-05
316 0.000365503131345
317 -0.000420811882614
318 -0.000606355773631
319 0.000694139156964
320 0.00041222361821
321 -0.00106029439089
322 0.000424425846732
323 0.00043780755335
324 -0.000415054656016
325 0.000158895162384
326 4.0996447628e-05
327 -0.000478128903807
328 0.000542008162224
329 -0.000308606425428
330 7.95725958753e-05
331 -0.000150555051711
332 0.000116919149062
333 6.89706233449e-05
334 -0.000276911357671
335 0.000628221645425
336 -0.000611071985958
337 -5.40856215944e-05
338 0.000422534215212
339 -0.00078418733819
340 0.000393227601779
341 0.000259370906925
342 -0.000114401929709
343 -0.000289462107384
344 0.000379265459201
345 0.000374081168348
346 -0.000462447552685
347 8.52084585552e-05
348 0.000421978509303
349 -0.000444623757942
350 -4.7766769448e-05
351 0.000519308256144
352 -0.000644867745099
353 0.000170702763692
354 4.87230862029e-05
355 0.000180579550504
356 7.46860857926e-05
357 -0.000849770364442
358 0.000723550960631
359 0.000222572513458
360 -0.000754290279994
361 0.000434508390038
362 0.000146951006249
363 -0.000341595909353
364 2.84335458446e-05
365 0.000122390801565
366 9.7045109269e-05
367 -0.000106782289025
368 -0.000124397465629
369 0.000119478873029
370 4.0885418931e-05
371 -0.000153617501379
372 0.000164632523411
373 -0.000222700366811
374 9.13848298639e-05
375 0.000114580171527
376 -9.33176923911e-05
377 -3.92619253441e-05
378 -0.000142567010322
379 0.000230334342931
380 -9.36126115321e-05
381 -6.0824684031e-05
382 0.000140292071894
383 0.000178558344357
384 -0.000156548965549
385 -4.9562988795e-05
386 0.000274346587997
387 -0.000473896727383
388 0.000108129087012
389 0.000736984562465
390 -0.000750320692246
391 0.000529042901605
392 -0.000125158912009
393 -0.00050877293997
394 0.000525971868397
395 -2.74989500102e-05
396 -8.8196189527e-05
397 -0.000532824273919
398 0.000822394870001
399 0.000370778767944
400 -0.000501439790145
401 -0.000203855497237
402 0.000316984551475
403 0.000363713375381
404 -0.000691325810388
405 0.000258192142052
406 -0.000133911021394
407 -0.000214716600981
408 -0.00026418826724
409 0.00127448539457
410 -0.000776557627703
411 -0.000395492037268
412 -0.000195500152019
413 0.000495350966644
414 8.16413641462e-05
415 -0.000775477738413
416 0.000747140351061
417 0.000146825485323
418 -0.000790604124275
419 0.000817829596038
420 -0.00024969230382
421 -0.000252562511669
422 -4.01333816296e-06
423 0.000463246976123
424 -0.000526770501349
425 -0.000210346583182
426 -0.000101985606558
427 0.000381528172564
428 -0.000314992564135
429 7.10818220934e-05
430 0.000492600858975
431 -0.000219584985932
432 -0.000542282200552
433 0.000543958621616
434 4.30100874287e-05
435 -0.000240049594299
436 0.000290008530218
437 -0.000564087798626
438 -4.75089951364e-05
439 0.000499378573667
440 -0.000512520453778
441 -7.19466447442e-05
442 0.000556762361382
443 -0.000464153930795
444 -0.000114185997993
445 0.000933673436772
446 -0.000807647927702
447 0.000508568615637
448 -0.000552521736827
449 0.000679876792716
450 0.000152477312211
451 -0.000589425055955
452 -0.00030760162403
453 0.000255083232151
454 -0.000270452976079
455 -0.000615961950005
456 0.00118809044151
457 0.000582555554271
458 -0.00123059314473
459 -0.000521802120989
460 0.000397652138979
461 0.000141065492252
462 7.31120055898e-05
463 -0.000303458036785
464 -0.000751684281011
465 0.00136940707828
466 0.000138594463207
467 -0.00152717260907
468 7.14574730864e-05
469 0.000366182507786
470 -0.000358909250921
471 0.000540558645358
472 -0.00148219556538
473 0.00183885743917
474 -0.00176718858313
475 0.000149501854159
476 0.000872579318821
477 -0.000708292769718
478 -0.000235328098155
479 0.00102087009661
480 -0.000724064773829
481 -0.000651360664152
482 -0.00028820012588
483 0.00108125856436
484 -0.00163751532538
485 0.000686824415509
486 0.000122161602187
487 0.00116379782665
488 -0.00038003639259
489 -0.00113382132202
490 0.00146369984113
491 -0.00138474864042
492 0.000830079321221
493 0.00047077906462
494 -0.000963642709127
495 0.000567849804984
496 0.000884341591652
497 -0.00167694599618
498 -0.000393860728676
499 0.00118370097976
500 -0.0018626958091
501 0.00148395060521
502 0.000502610927096
503 -0.00182846532021
504 0.00289533979265
505 -0.00163793211952
506 -0.00227221858962
507 0.00101938620898
508 0.00161266726197
509 -0.000878869025929
510 -0.000258836974514
511 0.000172813522667
512 0.000185293123579
513 0.0
514 0.0
515 0.0
516 0.0
517 0.0
518 0.0
519 0.0
520 0.0
521 0.0
522 0.0
523 0.0
524 0.0
525 0.0
526 0.0
527 0.0
528 0.0
529 0.0
530 0.0
531 0.0
532 0.0
533 0.0
534 0.0
535 0.0
536 0.0
537 0.0
538 0.0
539 0.0
540 0.0
541 0.0
542 0.0
543 0.0
544 0.0
545 0.0
546 0.0
547 0.0
548 0.0
549 0.0
550 0.0
551 0.0
552 0.0
553 0.0
554 0.0
555 0.0
556 0.0
557 0.0
558 0.0
559 0.0
560 0.0
561 0.0
562 0.0
563 0.0
564 0.0
565 0.0
566 0.0
567 0.0
568 0.0
569 0.0
570 0.0
571 0.0
572 0.0
573 0.0
574 0.0
575 0.0
576 0.0
577 0.0
578 0.0
579 0.0
580 0.0
581 0.0
582 0.0
583 0.0
584 0.0
585 0.0
586 0.0
587 0.0
588 0.0
589 0.0
590 0.0
591 0.0
592 0.0
593 0.0
594 0.0
595 0.0
596 0.0
597 0.0
598 0.0
599 0.0
600 0.0
601 0.0
602 0.0
603 0.0
604 0.0
605 0.0
606 0.0
607 0.0
608 0.0
609 0.0
610 0.0
611 0.0
612 0.0
613 0.0
614 0.0
615 0.0
616 0.0
617 0.0
618 0.0
619 0.0
620 0.0
621 0.0
622 0.0
623 0.0
624 0.0
625 0.0
626 0.0
627 0.0
628 0.0
629 0.0
630 0.0
631 0.0
632 0.0
633 0.0
634 0.0
635 0.0
636 0.0
637 0.0
638 0.0
639 0.0
640 0.0
641 0.0
642 0.0
643 0.0
644 0.0
645 0.0
646 0.0
647 0.0
648 0.0
649 0.0
650 0.0
651 0.0
652 0.0
653 0.0
654 0.0
655 0.0
656 0.0
657 0.0
658 0.0
659 0.0
660 0.0
661 0.0
662 0.0
663 0.0
664 0.0
665 0.0
666 0.0
667 0.0
668 0.0
669 0.0
670 0.0
671 0.0
672 0.0
673 0.0
674 0.0
675 0.0
676 0.0
677 0.0
678 0.0
679 0.0
680 0.0
681 0.0
682 0.0
683 0.0
684 0.0
685 0.0
686 0.0
687 0.0
688 0.0
689 0.0
690 0.0
691 0.0
692 0.0
693 0.0
694 0.0
695 0.0
696 0.0
697 0.0
698 0.0
699 0.0
700 0.0
701 0.0
702 0.0
703 0.0
704 0.0
705 0.0
706 0.0
707 0.0
708 0.0
709 0.0
710 0.0
711 0.0
712 0.0
713 0.0
714 0.0
715 0.0
716 0.0
717 0.0
718 0.0
719 0.0
720 0.0
721 0.0
722 0.0
723 0.0
724 0.0
725 0.0
726 0.0
727 0.0
728 0.0
729 0.0
730 0.0
731 0.0
732 0.0
733 0.0
734 0.0
735 0.0
736 0.0
737 0.0
738 0.0
739 0.0
740 0.0
741 0.0
742 0.0
743 0.0
744 0.0
745 0.0
746 0.0
747 0.0
748 0.0
749 0.0
750 0.0
751 0.0
752 0.0
753 0.0
754 0.0
755 0.0
756 0.0
757 0.0
758 0.0
759 0.0
760 0.0
761 0.0
762 0.0
763 0.0
764 0.0
765 0.0
766 0.0
767 0.0
768 0.0
769 0.0
770 0.0
771 0.0
772 0.0
773 0.0
774 0.0
775 0.0
776 0.0
777 0.0
778 0.0
779 0.0
780 0.0
781 0.0
782 0.0
783 0.0
784 0.0
785 0.0
786 0.0
787 0.0
788 0.0
789 0.0
790 0.0
791 0.0
792 0.0
793 0.0
794 0.0
795 0.0
796 0.0
797 0.0
798 0.0
799 0.0
800 0.0
801 0.0
802 0.0
803 0.0
804 0.0
805 0.0
806 0.0
807 0.0
808 0.0
809 0.0
810 0.0
811 0.0
812 0.0
813 0.0
814 0.0
815 0.0
816 0.0
817 0.0
818 0.0
819 0.0
820 0.0
821 0.0
822 0.0
823 0.0
824 0.0
825 0.0
826 0.0
827 0.0
828 0.0
829 0.0
830 0.0
831 0.0
832 0.0
833 0.0
834 0.0
835 0.0
836 0.0
837 0.0
838 0.0
839 0.0
840 0.0
841 0.0
842 0.0
843 0.0
844 0.0
845 0.0
846 0.0
847 0.0
848 0.0
849 0.0
850 0.0
851 0.0
852 0.0
853 0.0
854 0.0
855 0.0
856 0.0
857 0.0
858 0.0
859 0.0
860 0.0
861 0.0
862 0.0
863 0.0
864 0.0
865 0.0
866 0.0
867 0.0
868 0.0
869 0.0
870 0.0
871 0.0
872 0.0
873 0.0
874 0.0
875 0.0
876 0.0
877 0.0
878 0.0
879 0.0
880 0.0
881 0.0
882 0.0
883 0.0
884 0.0
885 0.0
886 0.0
887 0.0
888 0.0
889 0.0
890 0.0
891 0.0
892 0.0
893 0.0
894 0.0
895 0.0
896 0.0
897 0.0
898 0.0
899 0.0
900 0.0
901 0.0
902 0.0
903 0.0
904 0.0
905 0.0
906 0.0
907 0.0
908 0.0
909 0.0
910 0.0
911 0.0
912 0.0
913 0.0
914 0.0
915 0.0
916 0.0
917 0.0
918 0.0
919 0.0
920 0.0
921 0.0
922 0.0
923 0.0
924 0.0
925 0.0
926 0.0
927 0.0
928 0.0
929 0.0
930 0.0
931 0.0
932 0.0
933 0.0
934 0.0
935 0.0
936 0.0
937 0.0
938 0.0
939 0.0
940 0.0
941 0.0
942 0.0
943 0.0
944 0.0
945 0.0
946 0.0
947 0.0
948 0.0
949 0.0
950 0.0
951 0.0
952 0.0
953 0.0
954 0.0
955 0.0
956 0.0
957 0.0
958 0.0
959 0.0
960 0.0
961 0.0
962 0.0
963 0.0
964 0.0
965 0.0
966 0.0
967 0.0
968 0.0
969 0.0
970 0.0
971 0.0
972 0.0
973 0.0
974 0.0
975 0.0
976 0.0
977 0.0
978 0.0
979 0.0
980 0.0
981 0.0
982 0.0
983 0.0
984 0.0
985 0.0
986 0.0
987 0.0
988 0.0
989 0.0
990 0.0
991 0.0
992 0.0
993 0.0
994 0.0
995 0.0
996 0.0
997 0.0
998 0.0
999 0.0
1000 0.0
1001 0.0
1002 0.0
1003 0.0
1004 0.0
1005 0.0
1006 0.0
1007 0.0
1008 0.0
1009 0.0
1010 0.0
1011 0.0
1012 0.0
1013 0.0
1014 0.0
1015 0.0
1016 0.0
1017 0.0
1018 0.0
1019 0.0
1020 0.0
1021 0.0
1022 0.0
1023 0.0
