2.51728490405e-06
0 0.0
1 0.0
2 0.0
3 -0.000348340290128
4 -0.000606808434076
5 -0.000447311175271
6 -0.000188233050979
7 0.000537827932953
8 0.000356701713511
9 -4.27743138696e-05
10 -8.01626218266e-05
11 0.000373188085756
12 0.00012737594034
13 8.58548885284e-06
14 -0.000291929472001
15 -0.00027277017303
16 7.32807405418e-05
17 0.000100315785985
18 -4.61305096246e-05
19 4.85229954253e-06
20 -0.000181390132192
21 -9.93222812412e-05
22 8.17166753215e-05
23 -1.55936560075e-05
24 -0.000309506197698
25 4.13333556804e-05
26 1.06907209326e-05
27 -4.60286094754e-05
28 -1.00495947418e-05
29 0.000136020924183
30 9.49806237997e-05
31 -1.34367011429e-05
32 -8.06831037978e-05
33 -0.000326114546348
34 0.000315736028208
35 8.96083245891e-05
36 -3.34535162193e-05
37 -0.000104812384361
38 1.84950278787e-05
39 -0.000118105620429
40 9.99827600504e-05
41 -3.87119416378e-05
42 4.78686450903e-05
43 -2.48491324954e-05
44 -7.74925652447e-06
45 2.6033235574e-05
46 -2.16973362622e-05
47 -2.84511885331e-05
48 5.32969383435e-06
49 -1.10214937013e-05
50 5.1020141222e-05
51 5.07910828995e-06
52 6.7182062703e-06
53 -1.35861569072e-05
54 5.73126728097e-06
55 6.01708208469e-06
56 1.42731479315e-06
57 4.64455516053e-05
58 7.76846441438e-05
59 2.20527597348e-05
60 1.37723977008e-06
61 -2.98783734014e-05
62 -4.03551037469e-05
63 -4.76851698805e-05
64 1.14937367425e-05
65 7.11268033292e-05
66 -5.15011808753e-05
67 -9.31160771753e-06
68 1.53504395248e-05
69 -5.10668585093e-05
70 1.85548056816e-05
71 3.52245846354e-06
72 -1.75916152428e-05
73 2.23634776592e-05
74 7.51932982014e-06
75 2.43380676583e-05
76 -6.76894867714e-07
77 -2.23236568705e-05
78 5.68158868678e-05
79 2.06603440559e-05
80 4.48644485445e-05
81 -3.22034204406e-05
82 -5.64020671205e-06
83 -0.000102882586371
84 9.36883477218e-06
85 -7.9902036578e-06
86 6.94687084879e-05
87 4.39562695128e-05
88 3.47070562804e-05
89 -7.57170577386e-06
90 6.52435726453e-05
91 -8.88485041308e-05
92 -9.20973203156e-05
93 4.09388129154e-05
94 4.72116071417e-05
95 2.39581489787e-05
96 -6.45305986619e-05
97 0.000107717886389
98 1.12926389654e-05
99 -7.53154945519e-05
100 -0.000106667840989
101 -4.97523741532e-05
102 7.78758999778e-05
103 8.3436238065e-05
104 -1.93510580739e-05
105 5.54926028587e-05
106 -4.28671735618e-06
107 9.14850968609e-05
108 1.96663265064e-05
109 -2.54259387132e-05
110 0.000173693429526
111 -1.56852098043e-05
112 0.000147920359883
113 -3.99799231031e-05
114 -7.92621991213e-05
115 -5.29598818322e-05
116 2.77385266916e-05
117 0.000102288717473
118 -3.70364141979e-05
119 -5.22408872124e-05
120 -0.000100906201257
121 6.6976583695e-05
122 0.000287767573371
123 -3.06924325652e-05
124 0.000162827709027
125 0.000126060666159
126 0.000195070971769
127 -6.17189324199e-05
128 9.13410104952e-05
129 -5.35855803096e-05
130 -7.40688130437e-05
131 -4.28262925121e-05
132 9.33166813859e-05
133 -0.000101682961761
134 0.000127682215776
135 -1.50941397248e-05
136 6.28679292018e-05
137 0.000142282514315
138 0.000111923469656
139 -6.65082459538e-06
140 -0.000130322828904
141 1.27313173931e-05
142 5.37754248379e-05
143 0.000117415929767
144 7.11290128751e-05
145 -0.000103539017779
146 -3.14624707541e-05
147 6.41985986533e-05
148 -8.82763634992e-05
149 0.000190641609595
150 6.40445772612e-05
151 5.15855325965e-05
152 -5.16421299078e-05
153 4.227977396e-06
154 0.0001398624858
155 -1.75960821785e-05
156 -4.84839834898e-05
157 3.45175016314e-05
158 -2.23659917872e-05
159 -0.000102488802021
160 -9.77974348504e-05
161 -0.000124414695469
162 5.11934031513e-05
163 0.000100581156255
164 -8.34159370188e-05
165 0.000139937886342
166 3.2174386098e-06
167 0.000102738179135
168 -0.000139482346941
169 0.0001436272687
170 0.000186277083622
171 -0.000149657744148
172 8.38482880415e-06
173 -0.000174740776268
174 -2.21854396205e-05
175 8.24998682451e-05
176 -0.000128285300328
177 -0.000145897797438
178 -0.000276728141912
179 -0.000216000368571
180 -9.60477272297e-05
181 8.77676243987e-05
182 -4.11632231275e-05
183 0.000105057126483
184 4.3955570258e-06
185 0.000109239044081
186 -2.68061036234e-05
187 -2.7754486452e-05
188 6.98612901888e-05
189 8.05022120247e-05
190 0.000176049349433
191 -7.34210998161e-05
192 -0.000153678565688
193 4.00096279665e-05
194 -0.000141421861437
195 -0.00014019425835
196 0.000119339596336
197 0.000236375746615
198 -0.000116263635913
199 0.000233226291767
200 5.93049249464e-05
201 2.68375961122e-05
202 -0.000171481278683
203 4.52465450882e-05
204 0.000144238847028
205 -0.000125116018704
206 -0.000145698557021
207 4.4393687059e-05
208 6.59428952352e-05
209 -9.81965307354e-05
210 -0.000165746321911
211 0.000153248803967
212 -1.31831808111e-05
213 -2.93069056836e-05
214 -0.000135474064867
215 4.63475854797e-05
216 0.000133302690085
217 -8.86798452694e-05
218 -3.8066785591e-05
219 0.000149261212629
220 -0.000149421707652
221 2.14804450243e-05
222 -6.11841329333e-06
223 -5.48421206694e-05
224 9.85304482479e-05
225 -5.32214846097e-05
226 8.99284751647e-06
227 2.70273604889e-05
228 2.41670064682e-05
229 3.11472431047e-05
230 -7.29195162197e-05
231 -5.17488077842e-05
232 -8.57242264431e-05
233 9.93941370785e-05
234 -2.36829170637e-05
235 1.03473699097e-05
236 2.70680240526e-05
237 -7.91098048161e-07
238 4.62107140885e-05
239 -0.000135445008312
240 -8.17772212803e-05
241 -4.4931493022e-05
242 8.45637940282e-05
243 -4.09506241806e-05
244 0.000108327803381
245 9.74772002934e-05
246 0.000132318461534
247 2.58370564946e-05
248 -3.67714150601e-05
249 0.000131382038211
250 -0.000139268251441
251 -0.000154586356722
252 0.000101665222726
253 -6.44719612415e-05
254 7.26245470991e-05
255 3.18623408813e-05
256 -4.44979990837e-05
257 1.25575642057e-05
258 1.25973931265e-07
259 2.17283610781e-05
260 4.41658731844e-05
261 -4.28169156577e-05
262 0.000112761124653
263 -0.000114553912163
264 -6.14966242172e-05
265 1.02376684534e-05
266 -6.39597137816e-05
267 -8.468373796e-05
268 2.08518586045e-05
269 -5.83336430066e-05
270 5.95734140999e-05
271 9.69602811078e-05
272 8.98952555035e-05
273 8.15570773443e-05
274 9.61236807788e-05
275 7.57515483879e-05
276 -2.33883985821e-05
277 -9.31639741756e-06
278 -2.13979397387e-05
279 -4.57731916002e-06
280 -8.91119595941e-05
281 3.52098805117e-05
282 -8.00892062676e-05
283 8.7685163381e-05
284 -3.39190983192e-05
285 -2.14792542212e-05
286 0.000275593979206
287 -1.25213562559e-05
288 2.59696856395e-06
289 3.26584051197e-06
290 0.000135027169574
291 -0.000141530547597
292 7.58384410998e-05
293 2.7420973169e-05
294 -0.000263607151107
295 4.76731867292e-05
296 8.51098509815e-05
297 -9.34820443423e-05
298 0.000148442749108
299 7.6493335825e-05
300 1.93352936659e-05
301 -6.52565260245e-05
302 -1.75068438501e-05
303 -1.03757345182e-05
304 5.58319462698e-05
305 3.76475784917e-05
306 -6.44215265992e-07
307 1.9805741622e-05
308 -6.41398909461e-05
309 -2.79455800668e-05
310 -4.43740034886e-05
311 -6.98867654166e-06
312 4.21357389548e-05
313 6.59124178289e-05
314 -5.66397230589e-07
315 -1.77302545308e-05
316 -1.98600466959e-05
317 -0.000141919211713
318 -6.73285397839e-05
319 5.78398468116e-05
320 6.54622256157e-05
321 -0.000109892643851
322 4.93741548557e-05
323 0.000136110735787
324 -7.04689061514e-06
325 -1.70527192042e-05
326 -6.19925988125e-05
327 -8.64427144269e-05
328 5.41590661996e-05
329 -1.81980233904e-05
330 5.83905396872e-06
331 -5.9941507672e-05
332 3.2089244783e-06
333 1.03856999801e-05
334 2.53526578514e-05
335 4.04731133348e-05
336 -6.2143168956e-05
337 -7.11071999962e-05
338 -0.000122153562865
339 -0.000134427947281
340 0.000118489312213
341 -3.38035837583e-05
342 2.84395380071e-05
343 4.44245231377e-06
344 0.00010767280673
345 6.17844785117e-05
346 -1.72351976026e-05
347 0.000106157499217
348 3.86478110376e-05
349 -3.39930077768e-05
350 2.89132272956e-05
351 8.90871212785e-05
352 -0.000131894106036
353 3.93128873394e-06
354 8.23792694794e-06
355 3.2835171733e-05
356 -4.82620908579e-05
357 -0.00013745656345
358 9.70501577575e-05
359 2.79400916723e-05
360 -0.000127244651035
361 6.73310871489e-05
362 3.01958891353e-06
363 -4.70421999523e-05
364 -5.77902627585e-06
365 -4.15899064999e-05
366 5.67880229756e-05
367 9.63676293793e-06
368 -5.25547652224e-05
369 -5.6816995443e-06
370 3.89326576817e-05
371 -5.52575922825e-05
372 -1.75912068044e-05
373 -6.25487492257e-06
374 -8.49743065773e-06
375 3.60920651889e-05
376 -5.06734428814e-05
377 -2.87717290564e-05
378 -2.69744267668e-05
379 3.04198589043e-05
380 -2.71521178836e-05
381 2.03296037003e-05
382 3.96257327996e-05
383 6.33101034673e-05
384 5.05649617402e-05
385 -3.99784702206e-05
386 -3.38989259497e-05
387 -7.78676133563e-05
388 5.95552310823e-05
389 0.000158174202253
390 -6.25959376985e-05
391 7.37958130912e-05
392 -4.37424828827e-05
393 -0.000102633359281
394 3.46256958756e-05
395 -3.20253612395e-05
396 -1.22608554672e-05
397 -7.07824687944e-05
398 0.00029466495825
399 7.82677265765e-05
400 -1.70790386212e-06
401 -4.78791024507e-05
402 8.49888447571e-05
403 9.11707423433e-05
404 -5.50676238575e-05
405 -4.93069726725e-05
406 -0.000144350871544
407 4.33399447773e-05
408 2.76751623719e-05
409 0.000100897537127
410 -0.000132848627282
411 -0.000118134036157
412 -5.42857873484e-05
413 9.79238557497e-05
414 4.6272361551e-07
415 -5.46163153757e-05
416 9.36349430731e-05
417 6.33889656081e-05
418 -0.000120417423729
419 0.000102703758721
420 -7.89089024858e-05
421 -1.85021174128e-05
422 -2.05862507029e-05
423 9.83674264145e-06
424 -8.34947301469e-05
425 -0.000111164541566
426 -8.87230773866e-05
427 1.77875689213e-05
428 4.13203513865e-06
429 7.39452425274e-05
430 6.42437458096e-05
431 6.9967595105e-06
432 -0.000126417389258
433 -5.4768724303e-05
434 6.75367753668e-05
435 -3.6518767005e-05
436 -4.74936960141e-05
437 -0.000128677038954
438 -8.92020579971e-05
439 2.15089966296e-05
440 -2.67431524006e-05
441 4.52063955088e-05
442 0.000107926624658
443 -1.70115950259e-05
444 1.89978753853e-05
445 0.000162682279251
446 -0.000142514900905
447 8.23585244602e-06
448 -9.20506118686e-05
449 0.000146689601792
450 1.32806433831e-05
451 -6.60176788061e-05
452 -0.000212996712856
453 -6.53816458255e-05
454 -6.39808064171e-05
455 7.56205124929e-05
456 0.000255687751323
457 0.000111895471022
458 -0.000162159644679
459 -0.000177974899066
460 -3.61372182187e-05
461 0.000169052320633
462 -4.62527211262e-05
463 -8.77223616014e-05
464 -0.00010050443249
465 0.000109566455511
466 -0.000107789854256
467 -0.000247221625905
468 -0.000152684266911
469 4.17908112916e-05
470 -1.03640067617e-05
471 2.43035834418e-05
472 -0.000211141146424
473 7.78754002078e-05
474 -0.000121529170548
475 -0.00010312556232
476 1.95111218226e-05
477 -9.05114255499e-05
478 7.61573022793e-06
479 5.80500417296e-05
480 -0.000281101356401
481 -8.94575140715e-05
482 -0.000149378794572
483 0.000125559616926
484 -7.91131093151e-06
485 0.000130697691137
486 6.0182480382e-06
487 8.03416748307e-05
488 5.49943911503e-05
489 -0.000162579954
490 1.38143472657e-05
491 8.17845847331e-05
492 0.000182571310604
493 9.12433736663e-05
494 4.34223432226e-05
495 8.88538859043e-05
496 3.61418315754e-05
497 -0.000307893965812
498 -0.000296112388931
499 5.09483705529e-05
500 -2.84333545001e-05
501 0.000182763062367
502 0.000194127704195
503 2.87396472844e-05
504 7.60002388967e-05
505 -0.000680514908007
506 -0.00067088144822
507 4.28009160782e-05
508 0.000257854039832
509 -9.4860277026e-06
510 0.000125716046577
511 -5.91404863928e-05
512 -5.82326368467e-05
513 0.000125202722276
514 -7.88928652005e-06
515 0.000256294737746
516 4.36718364873e-05
517 -0.000654757673512
518 -0.000672865344737
519 7.55054604058e-05
520 2.92964494284e-05
521 0.000187579085414
522 0.00017567467227
523 -2.75639417032e-05
524 5.11801438508e-05
525 -0.000282976408936
526 -0.000293823424033
527 3.2604637634e-05
528 8.25717626196e-05
529 4.34704042734e-05
530 8.62332943024e-05
531 0.00017075590813
532 7.4772428197e-05
533 1.35219178077e-05
534 -0.00015043041654
535 5.25128765252e-05
536 7.43776443293e-05
537 5.7562785018e-06
538 0.000119920360752
539 -5.37858574034e-06
540 0.000115818300262
541 -0.000138017877174
542 -8.05095576279e-05
543 -0.000255103773763
544 5.23063656998e-05
545 6.30363930546e-06
546 -8.22609151908e-05
547 1.59962524715e-05
548 -9.03875655167e-05
549 -0.000107979748261
550 6.97379001504e-05
551 -0.000185368888155
552 2.20411900468e-05
553 -9.58695037673e-06
554 3.69696529467e-05
555 -0.000132789967151
556 -0.000216507617355
557 -9.42148371141e-05
558 9.57509629499e-05
559 -8.63984036803e-05
560 -7.52983791029e-05
561 -3.80988554401e-05
562 0.000145623285962
563 -3.18207986602e-05
564 -0.000152259792035
565 -0.000138027100933
566 9.454879145e-05
567 0.000214814003713
568 6.50938295067e-05
569 -5.34809238333e-05
570 -5.63238464674e-05
571 -0.000177781736578
572 -5.38526984904e-05
573 1.11126398038e-05
574 0.000120699441886
575 -7.52426670897e-05
576 9.27256631433e-06
577 -0.000118563971899
578 0.000131515319388
579 1.96367029988e-05
580 -1.34805250988e-05
581 8.87654081892e-05
582 3.74628218432e-05
583 -2.31673978498e-05
584 2.09948026562e-05
585 -7.1587857459e-05
586 -0.00010271193665
587 -3.7414106906e-05
588 -2.85719294542e-05
589 5.05110919742e-05
590 -4.09249888354e-05
591 -9.77618331703e-05
592 1.23369801861e-06
593 4.95633487985e-05
594 5.23180492084e-05
595 2.34484169639e-06
596 1.54777094035e-05
597 -6.66989955327e-05
598 -8.87042262546e-05
599 -6.40360640461e-05
600 1.03043498883e-05
601 -1.42158233595e-05
602 -1.46030148147e-05
603 -5.72352301492e-05
604 8.09762028852e-05
605 -9.56949989553e-05
606 4.49223591445e-05
607 7.31037191263e-05
608 -3.94067212251e-05
609 1.42513862581e-06
610 7.27571072556e-05
611 -3.87764080154e-05
612 -8.89514237475e-05
613 -9.72123419341e-05
614 7.65077633908e-05
615 1.70944056788e-05
616 3.51770455e-05
617 -0.000102363404319
618 -3.52957759285e-05
619 -3.38310486303e-05
620 6.51845288011e-05
621 5.9099014998e-05
622 -3.23436607166e-05
623 -4.3318204941e-06
624 5.35934098629e-05
625 0.00020550173333
626 -4.9024449425e-05
627 -7.53037802016e-06
628 -2.2654912618e-05
629 2.37630596803e-05
630 -6.46348349891e-05
631 -2.69443905754e-05
632 5.06239097803e-05
633 -3.58804501762e-05
634 0.000111978616007
635 3.87631517649e-05
636 -5.15695140298e-05
637 -2.39275193892e-05
638 -3.07179101894e-05
639 3.55195772937e-05
640 3.62362984364e-05
641 2.15335058397e-05
642 9.89837159365e-06
643 -1.99424845154e-05
644 1.37189806966e-05
645 -2.32550735874e-05
646 -1.26045972417e-05
647 -3.19482018118e-05
648 1.67703359138e-05
649 -2.57962929488e-06
650 -2.82229461056e-06
651 -3.40450969326e-06
652 -3.46496194349e-05
653 2.32949216932e-05
654 7.5338741971e-07
655 -3.85187721667e-05
656 -3.39063920331e-06
657 3.04047116035e-05
658 -1.93578832461e-05
659 -9.10491731073e-06
660 -2.79756500979e-05
661 -1.85217699509e-06
662 4.16581646652e-05
663 -7.40880612499e-05
664 1.22944376062e-05
665 5.70296191244e-05
666 -8.01218715238e-05
667 -2.80871885044e-05
668 2.53939638301e-05
669 1.78972897345e-05
670 2.23799439518e-06
671 -7.87021952257e-05
672 5.3159384819e-05
673 1.75182299229e-05
674 -2.04804447828e-05
675 2.83810555834e-05
676 6.12464589463e-05
677 -9.97451745288e-06
678 3.28262021841e-05
679 6.18911457668e-05
680 1.21460051957e-06
681 1.7028431215e-05
682 -1.65371051315e-05
683 6.85918265621e-05
684 -8.04800776907e-05
685 -6.96100579089e-05
686 -4.05405361022e-05
687 -3.54791480071e-05
688 2.0791232689e-05
689 2.17081513078e-05
690 5.45990883616e-06
691 5.7559615677e-06
692 -3.53073198937e-05
693 8.19867842099e-07
694 -9.32170616146e-06
695 3.29495516888e-05
696 -4.73471009826e-05
697 -3.60046476384e-05
698 1.24724024013e-06
699 -5.37011152453e-06
700 6.90360856372e-05
701 3.15820492687e-05
702 -6.04712200607e-05
703 3.21948663189e-05
704 3.29871941697e-05
705 -4.05873622498e-05
706 -7.32266801055e-05
707 -1.55715899209e-05
708 -6.42216270347e-06
709 4.31458456317e-06
710 3.78016419456e-05
711 2.17692441057e-05
712 -2.44287395791e-06
713 -2.46526981806e-05
714 -1.77637777818e-05
715 -3.55587630072e-05
716 1.21384580148e-05
717 -2.10079135358e-06
718 1.94665435259e-05
719 2.97300000636e-05
720 -5.48153612865e-06
721 -8.95798677314e-06
722 -3.4423261069e-05
723 7.99955314094e-06
724 4.12541895901e-05
725 0.0
726 0.0
727 0.0
728 0.0
729 0.0
730 0.0
731 0.0
732 0.0
733 0.0
734 0.0
735 0.0
736 0.0
737 0.0
738 0.0
739 0.0
740 0.0
741 0.0
742 0.0
743 0.0
744 0.0
745 0.0
746 0.0
747 0.0
748 0.0
749 0.0
750 0.0
751 0.0
752 0.0
753 0.0
754 0.0
755 0.0
756 0.0
757 0.0
758 0.0
759 0.0
760 0.0
761 0.0
762 0.0
763 0.0
764 0.0
765 0.0
766 0.0
767 0.0
768 0.0
769 0.0
770 0.0
771 0.0
772 0.0
773 0.0
774 0.0
775 0.0
776 0.0
777 0.0
778 0.0
779 0.0
780 0.0
781 0.0
782 0.0
783 0.0
784 0.0
785 0.0
786 0.0
787 0.0
788 0.0
789 0.0
790 0.0
791 0.0
792 0.0
793 0.0
794 0.0
795 0.0
796 0.0
797 0.0
798 0.0
799 0.0
800 0.0
801 0.0
802 0.0
803 0.0
804 0.0
805 0.0
806 0.0
807 0.0
808 0.0
809 0.0
810 0.0
811 0.0
812 0.0
813 0.0
814 0.0
815 0.0
816 0.0
817 0.0
818 0.0
819 0.0
820 0.0
821 0.0
822 0.0
823 0.0
824 0.0
825 0.0
826 0.0
827 0.0
828 0.0
829 0.0
830 0.0
831 0.0
832 0.0
833 0.0
834 0.0
835 0.0
836 0.0
837 0.0
838 0.0
839 0.0
840 0.0
841 0.0
842 0.0
843 0.0
844 0.0
845 0.0
846 0.0
847 0.0
848 0.0
849 0.0
850 0.0
851 0.0
852 0.0
853 0.0
854 0.0
855 0.0
856 0.0
857 0.0
858 0.0
859 0.0
860 0.0
861 0.0
862 0.0
863 0.0
864 0.0
865 0.0
866 0.0
867 0.0
868 0.0
869 0.0
870 0.0
871 0.0
872 0.0
873 0.0
874 0.0
875 0.0
876 0.0
877 0.0
878 0.0
879 0.0
880 0.0
881 0.0
882 0.0
883 0.0
884 0.0
885 0.0
886 0.0
887 0.0
888 0.0
889 0.0
890 0.0
891 0.0
892 0.0
893 0.0
894 0.0
895 0.0
896 0.0
897 0.0
898 0.0
899 0.0
900 0.0
901 0.0
902 0.0
903 0.0
904 0.0
905 0.0
906 0.0
907 0.0
908 0.0
909 0.0
910 0.0
911 0.0
912 0.0
913 0.0
914 0.0
915 0.0
916 0.0
917 0.0
918 0.0
919 0.0
920 0.0
921 0.0
922 0.0
923 0.0
924 0.0
925 0.0
926 0.0
927 0.0
928 0.0
929 0.0
930 0.0
931 0.0
932 0.0
933 0.0
934 0.0
935 0.0
936 0.0
937 0.0
938 0.0
939 0.0
940 0.0
941 0.0
942 0.0
943 0.0
944 0.0
945 0.0
946 0.0
947 0.0
948 0.0
949 0.0
950 0.0
951 0.0
952 0.0
953 0.0
954 0.0
955 0.0
956 0.0
957 0.0
958 0.0
959 0.0
960 0.0
961 0.0
962 0.0
963 0.0
964 0.0
965 0.0
966 0.0
967 0.0
968 0.0
969 0.0
970 0.0
971 0.0
972 0.0
973 0.0
974 0.0
975 0.0
976 0.0
977 0.0
978 0.0
979 0.0
980 0.0
981 0.0
982 0.0
983 0.0
984 0.0
985 0.0
986 0.0
987 0.0
988 0.0
989 0.0
990 0.0
991 0.0
992 0.0
993 0.0
994 0.0
995 0.0
996 0.0
997 0.0
998 0.0
999 0.0
1000 0.0
1001 0.0
1002 0.0
1003 0.0
1004 0.0
1005 0.0
1006 0.0
1007 0.0
1008 0.0
1009 0.0
1010 0.0
1011 0.0
1012 0.0
1013 0.0
1014 0.0
1015 0.0
1016 0.0
1017 0.0
1018 0.0
1019 0.0
1020 0.0
1021 0.0
1022 0.0
1023 0.0
