-0.196584242086
0 0.0
1 0.0
2 0.0
3 -0.000101999317628
4 -0.000168172987633
5 7.62989580072e-06
6 -9.06891837834e-05
7 0.000227931145802
8 -0.000159710468577
9 0.000148194670399
10 -0.000360052390596
11 0.000192542263381
12 -0.000124592139397
13 -4.24912121586e-05
14 0.000449844565669
15 0.000203107296518
16 -0.000192075467766
17 0.00021938385541
18 1.6317974429e-06
19 0.000140916986645
20 -6.76717703133e-05
21 -0.000375041075633
22 0.000136804571604
23 0.000138622228676
24 -0.000219894540208
25 8.17851623599e-05
26 2.49641029223e-05
27 -9.70711466918e-05
28 2.32896452403e-06
29 0.000220196540919
30 -7.59438712201e-05
31 -0.000118216314889
32 -2.06974656311e-05
33 -8.99282355861e-05
34 -0.000129429793086
35 6.57092010982e-06
36 -6.93901741567e-05
37 0.000101216897427
38 -0.000109792045308
39 -3.09489515547e-05
40 -5.57091866049e-05
41 0.00011466557312
42 -0.000521389372062
43 -0.000150630617361
44 -0.000287484959424
45 -0.000426437041318
46 4.82794277206e-05
47 -0.000281449580735
48 -0.000928338168894
49 -0.000417566344815
50 -0.000549399832309
51 -3.01079052452e-06
52 -0.000294625870035
53 -2.58752195844e-05
54 -0.000183526741427
55 0.000302585422284
56 -0.00055935430673
57 0.000358583394892
58 -0.000197148057845
59 -0.000226868394339
60 0.000278734117957
61 0.000144006326296
62 -0.000203480086341
63 9.20294915121e-05
64 -0.000881695587426
65 -4.40955215149e-05
66 3.35057185694e-05
67 -0.000123700410307
68 -0.000648840772721
69 -0.000283407228271
70 -4.05293433037e-05
71 0.000193879891603
72 0.000187484343368
73 0.00039711289445
74 -0.000589880291974
75 -0.000968575375481
76 0.000260581127207
77 0.000258157079307
78 -0.000372361148404
79 7.95641491735e-06
80 -6.74929834185e-05
81 0.000275383505726
82 -0.000404572174542
83 -0.00043433016998
84 -0.000691032204825
85 -0.000129997238118
86 0.000204012765175
87 -0.000112861629337
88 -0.000139157052324
89 -0.000735754984286
90 -0.000251321589976
91 -0.000344937940899
92 -0.000738244611871
93 -9.33266997441e-05
94 0.000228915974496
95 -0.000105231034562
96 -0.000227682654053
97 -0.000221637012993
98 -7.69634236066e-05
99 -0.000299423906041
100 -0.00038604289003
101 -0.00105354146711
102 -0.000531997974529
103 -0.000595188222075
104 -0.000124711961843
105 -0.000473119782829
106 -0.000126432783238
107 0.000313467899578
108 -0.000429557798412
109 -0.000283263950528
110 -0.000346616455063
111 -0.000139997066968
112 -0.000464686265997
113 -0.000273832374462
114 -3.62424599495e-05
115 -0.000361778178302
116 -0.000356105158732
117 -2.61337859753e-05
118 -0.000241233076047
119 -0.000293168094327
120 -4.97286710208e-05
121 -0.000730950616911
122 -0.00025742556188
123 -0.000263443954378
124 -0.000305864093887
125 -0.000365096943683
126 -0.000437297017158
127 -0.000242563087585
128 -0.000198830357813
129 -0.000727143490653
130 -0.000313641206019
131 -6.08532517755e-05
132 -0.000143676881135
133 -0.000213610513104
134 -7.85169010789e-05
135 -0.000135484832807
136 -2.35022058864e-06
137 -0.000329452038764
138 -0.000196928375529
139 -0.000150386894711
140 -0.000372263416047
141 -0.000446882405011
142 -0.000519342766504
143 -7.64516673749e-05
144 -0.000357518849812
145 -0.000632077654314
146 -0.000264873956463
147 -8.42138948172e-05
148 -0.000303797112941
149 -0.000274252766624
150 -0.000323293611021
151 -0.000367506127101
152 -0.000161394350868
153 -0.000345649549041
154 -9.58015994109e-05
155 -0.000473528610289
156 -0.000475876032378
157 1.3429817971e-05
158 -0.000570625460884
159 -0.000136369281822
160 -0.000480744760455
161 -0.000616957611165
162 -0.000397260292535
163 -0.000571704086537
164 -0.000596655849589
165 -0.000259158260112
166 -0.000373392736198
167 -0.00111428521863
168 -0.000100472588302
169 -0.000584092503996
170 -0.000226904683702
171 -0.000508227437531
172 1.44331472448e-05
173 -0.000333159537817
174 -0.000387313196696
175 -0.000632664498671
176 3.90862401977e-05
177 -0.000381819527619
178 -0.000544265685267
179 -9.12787267076e-05
180 -0.000327621112292
181 -0.000617432017882
182 -0.000320735837606
183 -0.000626062571892
184 -0.000622349141383
185 -0.000108883421764
186 -2.09022346875e-05
187 -0.000333051338852
188 -0.000346801080244
189 -4.99023706676e-05
190 0.000126976713554
191 -0.000210307571729
192 -0.000376253647485
193 0.000143705875538
194 0.000192112917303
195 -0.00102848882203
196 -3.45480220892e-05
197 -0.00039530856153
198 0.00030787610148
199 -1.40945576593e-05
200 -6.68889061239e-05
201 -0.000173393910591
202 0.000153549162475
203 -0.000241813508082
204 -0.000187952719857
205 7.93052935372e-05
206 -6.1102877185e-06
207 -0.000180503367875
208 0.000328371373578
209 -0.000450128192677
210 -0.000236757298993
211 0.000289135402047
212 -0.000295053713906
213 4.70367319478e-05
214 0.000136136338575
215 -0.000807859751159
216 0.000513354365076
217 1.22778796864e-05
218 -0.000387299067434
219 0.000421871272839
220 0.000188754872924
221 -0.000479022906377
222 0.000968536687103
223 -0.000955684138054
224 0.000169643741347
225 -0.000492012077846
226 0.00035750261091
227 -0.000211422426391
228 0.000571789136871
229 -0.00067559355768
230 0.000821127628447
231 -0.000951768701716
232 -0.00034427295035
233 0.00135443103671
234 0.0003994973711
235 -9.33131732827e-05
236 0.000154937954499
237 -0.000179501652068
238 0.000201089024504
239 0.000164360036525
240 0.000268492498673
241 0.000269463813964
242 0.000481602255693
243 -0.000139887732668
244 0.000112278575946
245 9.25453425746e-05
246 -0.000197880937241
247 0.000143991028797
248 0.000165706485542
249 -0.00022034667914
250 0.000448141711062
251 0.00011623913981
252 8.86679745583e-05
253 -0.000208165631012
254 9.72737894229e-06
255 6.10219715977e-05
256 -2.00933582995e-05
257 -9.74303321936e-05
258 8.54022295643e-05
259 -0.000183396984911
260 4.18051732564e-06
261 -0.000314350082904
262 0.00024447905949
263 -0.000281354681813
264 -0.000269878893775
265 0.000160896678914
266 -8.74507671708e-05
267 -6.24329136512e-05
268 0.000291956708276
269 -0.000136547924179
270 -5.37110518675e-07
271 -2.05158227617e-05
272 -4.45405262673e-05
273 0.000174517094294
274 0.00038302319763
275 -0.000106550030004
276 7.62103024571e-05
277 -0.000171266818578
278 -0.000792218610755
279 0.00101459272375
280 0.00124526244639
281 -0.000610347590703
282 0.000864973380623
283 -0.000545123908784
284 0.000450132789171
285 -9.76095595314e-05
286 0.000780033990969
287 -9.35743839978e-05
288 0.00106296375938
289 -0.001380970231
290 0.000636661630643
291 -0.000423154735963
292 -0.000537678505075
293 0.000558909119308
294 4.28071996116e-06
295 -0.0007725248394
296 0.000816670780893
297 -0.000875835868339
298 -0.000381628892345
299 0.00026302872277
300 -0.00043061322898
301 0.000413702547186
302 0.000270792916119
303 -0.000753005516948
304 1.12135853191e-05
305 -3.54432790776e-05
306 -0.000255002440006
307 -1.10851400644e-05
308 1.16520634435e-05
309 -0.000262642946525
310 0.000317230555407
311 4.16403470828e-05
312 -8.30482616941e-05
313 -0.000446953528383
314 0.000576172920284
315 1.35972543456e-05
316 0.0010424145542
317 -0.000719042423144
318 -0.00010305657946
319 0.000640923894978
320 0.000259576792516
321 -0.000259056472827
322 1.9187101283e-05
323 0.000559563099371
324 0.000486718129831
325 0.000222563728072
326 0.000121478908909
327 0.00111460990017
328 0.000739485447066
329 0.000295657966249
330 0.000580095182634
331 0.000451410175421
332 6.85149471727e-05
333 0.00120923478657
334 0.000347761524092
335 -0.00021227168245
336 0.000765782358866
337 -0.000122134351838
338 0.000180029791065
339 -0.000229093352995
340 0.000633640581907
341 -0.000194002601671
342 0.000483531310094
343 3.70484915718e-05
344 0.00173243308416
345 0.000288706024799
346 0.000259487306799
347 0.000644878409566
348 0.000815328575263
349 0.000380207265379
350 0.000874559523236
351 0.000449003246635
352 -0.000118930257882
353 0.000881917508072
354 0.0001546443211
355 0.000657305769307
356 0.000519424518116
357 -9.8231923422e-05
358 0.000522613954778
359 0.000121439970545
360 0.000255219373908
361 0.000275873914003
362 9.20085743212e-05
363 0.000491478867885
364 0.000103560684348
365 0.000566994687402
366 0.000925773481899
367 0.000618406321749
368 0.00011636117013
369 0.000834763590054
370 0.000678495333188
371 0.000697141553244
372 2.3300516894e-05
373 4.70771952175e-05
374 0.000547708415236
375 -0.000104490852892
376 0.000124288865491
377 0.00015392594814
378 0.000397708421906
379 0.000320369181822
380 0.00012413213357
381 0.000759286112125
382 0.00170787177806
383 0.000489062963448
384 0.000632289809224
385 0.00113762271751
386 0.000938872673249
387 0.000934873341545
388 0.000869970928951
389 0.000657672540158
390 0.00170833284026
391 9.26649188718e-05
392 0.00112347917349
393 0.000716376692687
394 0.000355302375839
395 0.00119818264648
396 0.00113565964883
397 0.000280887501657
398 0.000931862606479
399 0.00137422300127
400 0.000385461216364
401 0.00104990224462
402 0.000831758447532
403 0.00148988603427
404 -0.000184186716462
405 0.00108554013349
406 0.00179923662213
407 0.000799890960328
408 0.00202753301079
409 0.00168106268123
410 0.0028792246228
411 0.000774046854658
412 0.000790485840556
413 1.68927162423e-05
414 0.000531673507901
415 0.000789819383384
416 0.000359250422782
417 -0.000182061888041
418 0.000643707817814
419 0.00255128455064
420 0.000672985229337
421 0.000278269256254
422 0.00208042314621
423 6.49311748333e-05
424 2.85141398948e-05
425 -0.000918742986223
426 0.000817511918735
427 0.00273953115857
428 0.00131722069094
429 0.00117786961674
430 -0.00126851290283
431 0.000345019788598
432 0.000317663613986
433 0.00149685146469
434 -0.000909634519585
435 -0.000225559852394
436 0.004698064634
437 0.00186505152838
438 -0.00194248279158
439 -0.000689886670183
440 -0.000626963919902
441 0.00031028087035
442 0.00163717048319
443 0.00312641169285
444 0.000522285967603
445 -3.57602973414e-05
446 0.00053306609102
447 0.00441779523201
448 -0.000721728770626
449 0.000964359512007
450 -0.000509678589513
451 -0.000838169606863
452 0.00161668454252
453 0.00125713666334
454 -0.00168352562711
455 0.00341710390677
456 -0.00176555359786
457 0.00116190560565
458 0.000415536372593
459 0.00188682180254
460 8.85192596101e-07
461 0.0033808907711
462 0.00245765097377
463 0.00569535594522
464 0.00107274867602
465 -0.000602948893932
466 0.00276264720817
467 0.00184038719477
468 0.00107161234894
469 0.00357427629375
470 -0.00119119507585
471 0.000484099057297
472 0.000269943534927
473 0.000746961812413
474 -0.00100713308066
475 0.000490317367904
476 -0.000254579812433
477 0.00117633256435
478 0.000675687180674
479 -1.99073743496e-05
480 0.000782445404314
481 0.000283754656913
482 -0.00257237575635
483 7.16677326196e-05
484 0.00129919388112
485 -0.000147834650614
486 -0.000728003084505
487 0.00312666508973
488 -0.00180223567522
489 -0.00156713109877
490 0.00594464511533
491 0.00113525639196
492 -0.00218424058336
493 0.000406120140932
494 -0.00362228884141
495 0.00422036720841
496 -0.00421963204724
497 -0.00947240515781
498 0.00192476003325
499 0.00401914839239
500 -0.00462588245504
501 0.0113679567886
502 -0.00501739739987
503 0.00567372532364
504 -0.0101668947406
505 0.00506338777001
506 -0.00030831802246
507 0.0111590560463
508 0.0060843830108
509 -0.0141613320784
510 0.0
511 0.0
