0.7301864095
0 0.0
1 0.0
2 -0.000143207548175
3 -0.000461795549681
4 -0.000402993410286
5 -0.00020474779435
6 -1.80804305147e-05
7 0.000329661614845
8 0.000202737136138
9 2.27607973606e-06
10 0.000104902853751
11 0.000348201973298
12 0.000138262950334
13 3.32012854616e-05
14 -0.00021019983328
15 -0.000278714007923
16 2.53652199254e-05
17 6.21876612245e-05
18 9.53310456875e-05
19 -1.58128155287e-05
20 -0.000221001310746
21 -0.000192123378948
22 6.89510924021e-05
23 -1.65984530395e-05
24 -0.000170233265944
25 3.06785709488e-05
26 -7.60318554775e-05
27 -4.13826532528e-05
28 1.89691823287e-05
29 8.63675063617e-05
30 2.08901146054e-05
31 -0.000133169506112
32 -0.000123924486345
33 -0.000413969617962
34 9.3459151632e-05
35 2.45924005709e-06
36 -9.67192055179e-05
37 -9.90144037762e-05
38 -7.62972338751e-05
39 -8.08320548816e-05
40 1.41722920981e-05
41 -1.35352744767e-05
42 5.08000826192e-05
43 -1.97668882927e-05
44 1.92603529708e-05
45 4.06585103751e-05
46 -1.33032516219e-05
47 -1.23966557335e-05
48 -7.65592002864e-06
49 -1.43935336301e-05
50 4.12155838973e-05
51 7.12171841213e-06
52 7.5817410856e-06
53 -1.2934411335e-05
54 1.80040155501e-05
55 1.30239662236e-05
56 6.2322480409e-06
57 2.80605702828e-05
58 5.58834960908e-05
59 1.33744061635e-05
60 8.40210187209e-06
61 -3.72072090559e-05
62 -4.55330755173e-06
63 -2.29094194842e-05
64 6.51555716068e-06
65 5.6909983662e-05
66 -4.03831568344e-05
67 -1.06802864105e-05
68 6.50161137241e-06
69 -2.85383680768e-05
70 1.36959385897e-05
71 1.23347648962e-05
72 -1.77499860429e-06
73 -2.11419248653e-06
74 4.38373955493e-05
75 3.06488097273e-05
76 5.45777992061e-06
77 -2.67398246803e-05
78 4.04364141418e-06
79 4.32960406445e-05
80 8.75976657426e-06
81 -1.74779695086e-06
82 2.30057839745e-05
83 -5.41430882692e-05
84 -1.13510299432e-05
85 -0.000104528110383
86 -2.30720220455e-05
87 2.72646462178e-05
88 7.14293492007e-05
89 5.06461687211e-05
90 4.65813047854e-05
91 -9.43676865412e-05
92 -0.000161725986168
93 -1.33870297197e-05
94 8.30311651071e-05
95 4.54484247896e-05
96 -2.12264875768e-05
97 9.07602165612e-05
98 -6.09911043103e-06
99 -4.04633983545e-05
100 3.1292121925e-05
101 -0.000116349474378
102 6.14683370246e-05
103 3.69290685292e-05
104 3.48431353947e-05
105 4.31220397699e-05
106 -2.40683364598e-05
107 1.54917677693e-05
108 -8.35068130412e-05
109 2.62927032924e-05
110 0.000114707431505
111 7.96841593558e-05
112 4.2783994101e-05
113 -6.91382744904e-05
114 -4.82390959133e-05
115 -2.28345590186e-07
116 7.83361398709e-05
117 7.250991967e-05
118 -2.09835840003e-05
119 -4.53849108314e-05
120 -7.96917765325e-05
121 9.40872538523e-06
122 0.000228550904776
123 0.000102409647565
124 6.23905166586e-05
125 -0.000114516994778
126 0.000106316366704
127 -4.88792243998e-05
128 2.27484367684e-05
129 3.92529323302e-06
130 -1.29318168783e-05
131 -1.75343100355e-05
132 3.03368523515e-05
133 -4.09716421009e-05
134 4.49450342202e-05
135 -6.80830882245e-06
136 6.4327863352e-05
137 9.89216797077e-05
138 2.96855755737e-05
139 2.33534792142e-05
140 -0.000111905373415
141 6.22929466172e-05
142 4.94662402253e-05
143 5.68721052385e-05
144 6.35945910394e-05
145 -7.67618429791e-05
146 -5.97629501034e-05
147 6.40536338679e-07
148 -3.50922082019e-05
149 0.000119097297738
150 5.09755978166e-05
151 8.81644780194e-05
152 -4.32556165654e-05
153 -1.58627980913e-05
154 4.97816092296e-05
155 7.40578054411e-06
156 -2.27746252622e-05
157 1.26065792258e-05
158 -3.24414534502e-06
159 -2.45274669247e-05
160 -8.49961913639e-05
161 -4.59313109507e-05
162 1.35324217492e-05
163 -3.80793288572e-05
164 -2.87254426761e-05
165 -5.34561490779e-05
166 -2.18436515014e-05
167 9.10001144982e-05
168 -6.01624843212e-05
169 2.36437722449e-05
170 3.60191802167e-05
171 -5.49781249654e-05
172 6.14031180863e-05
173 -6.1346051873e-05
174 -0.000112625076079
175 0.000125043499355
176 -7.28219122027e-05
177 -0.000195629694935
178 -0.000257410266791
179 -0.000206892233508
180 -0.00016626614442
181 0.00010385337189
182 9.7406089234e-05
183 0.000133494333803
184 -5.46508876186e-05
185 9.40418990048e-05
186 -6.15382835018e-05
187 -1.83788164115e-05
188 1.04463908638e-05
189 0.000130239144133
190 9.54849055571e-05
191 -8.09481543235e-05
192 -3.6911901952e-05
193 3.75058590807e-05
194 -6.73426528312e-05
195 -0.000166682621414
196 9.46058294824e-05
197 8.49392547394e-05
198 -6.54679410298e-05
199 0.000139413568039
200 9.23228118115e-05
201 -8.6475504714e-06
202 -7.00585851946e-05
203 -2.70551860213e-05
204 6.18962788944e-05
205 -4.19843308103e-05
206 -0.000126267424244
207 2.13967852059e-05
208 -3.95694654509e-06
209 -3.97766540566e-08
210 -6.24041801102e-05
211 0.000164698230109
212 -7.53805262579e-05
213 1.57090724113e-05
214 -8.36939198867e-05
215 -1.37884807932e-05
216 2.09243142029e-05
217 -6.68225480346e-05
218 -2.61518623391e-05
219 7.7521092235e-05
220 -7.42137703291e-05
221 4.64534493278e-05
222 -7.83485471002e-06
223 -0.000128597553789
224 1.2580901744e-05
225 -4.60454064863e-05
226 3.79014057098e-05
227 -1.22045142008e-05
228 1.99317513388e-05
229 3.3941987054e-05
230 -5.73289164794e-05
231 -4.42831712186e-05
232 1.00131252091e-05
233 6.94944007489e-05
234 -1.05933007506e-05
235 -5.03245543584e-05
236 2.16776761074e-05
237 -4.5503984132e-05
238 3.03937664116e-05
239 -5.32150420613e-05
240 5.86919211431e-06
241 -6.996007928e-05
242 7.78332310732e-05
243 8.59549594175e-05
244 1.42933637618e-05
245 3.18695266154e-05
246 7.46158792112e-05
247 7.90540197173e-06
248 5.68674329625e-06
249 0.000136447388693
250 -1.1147279975e-05
251 -0.000227445277831
252 9.64466394039e-05
253 -7.91150063853e-06
254 1.35521751629e-05
255 4.35666604683e-05
256 -1.47248464102e-05
257 1.81973273382e-05
258 5.67232522915e-05
259 3.77476478584e-06
260 0.000107051784731
261 -2.52580076791e-05
262 1.31221214056e-05
263 -1.71114387734e-05
264 -3.17119765845e-05
265 4.13906698848e-08
266 -7.14928518266e-05
267 -2.94676613838e-05
268 1.11716748687e-06
269 -6.2055137796e-05
270 2.05588876239e-05
271 0.000113077469977
272 7.39097090691e-05
273 8.15719457059e-05
274 9.2501036501e-05
275 3.73368858416e-06
276 -7.60893458785e-05
277 5.76399600356e-05
278 5.65869938948e-05
279 -4.21843342436e-05
280 -9.77426137254e-05
281 2.0308550965e-05
282 -0.000101109076915
283 0.0001188817245
284 -2.10791358614e-05
285 2.83968041834e-05
286 0.00013829056014
287 -1.55956834275e-05
288 -5.96483967904e-06
289 5.69490368464e-05
290 0.000137814892771
291 -0.00014254795818
292 0.000116313086738
293 9.68810319961e-06
294 -0.000163329713625
295 -4.54708521635e-05
296 -3.13969289282e-05
297 -1.85002928392e-05
298 0.000172191523775
299 0.000113737436934
300 1.25316773692e-05
301 -4.56835814142e-05
302 -3.04121618608e-05
303 1.3949691759e-05
304 8.12340976807e-05
305 3.83644861141e-05
306 1.7649308665e-05
307 1.15164112631e-05
308 -7.43165184385e-05
309 -3.63241093662e-05
310 -2.42016680809e-05
311 1.50218513658e-05
312 3.35782323496e-05
313 7.21337974488e-05
314 -1.98255813789e-05
315 1.91019267251e-05
316 -3.88440499348e-05
317 -0.00014027665812
318 -0.000114586899093
319 8.41972967136e-05
320 7.75021736874e-05
321 -0.000139828399642
322 7.55522541536e-05
323 9.53342337405e-05
324 -1.6704405201e-05
325 -1.56323695633e-05
326 -5.23564470165e-05
327 -8.54674748944e-05
328 8.32013119687e-05
329 -4.47272083657e-05
330 2.50337275287e-05
331 -5.43833825673e-05
332 -1.07884161627e-06
333 1.82768240305e-05
334 1.228962761e-05
335 4.48409285999e-05
336 -8.75460567407e-05
337 -5.174175003e-05
338 -3.01807294866e-05
339 -0.000143683124373
340 0.000136533187316
341 2.7706131211e-05
342 3.40707499513e-05
343 -3.23307262666e-06
344 0.000103784065933
345 8.64403738681e-05
346 -1.54955046563e-05
347 7.80473644846e-05
348 3.82875003085e-05
349 -8.45170773191e-05
350 -1.19565284103e-05
351 7.27471008483e-05
352 -0.000145421851094
353 1.62739078992e-05
354 3.70699166922e-05
355 5.26239215653e-05
356 -4.16937586074e-05
357 -0.000148607884171
358 9.22701240844e-05
359 3.64525864892e-05
360 -8.63279532609e-05
361 2.07576816068e-05
362 1.23125702358e-05
363 -5.65214949725e-05
364 -2.29367429696e-05
365 3.77804446775e-05
366 5.20172380391e-05
367 -1.82743974068e-05
368 -4.72604875996e-05
369 6.38117683006e-06
370 1.90907442213e-05
371 -2.64820609831e-05
372 4.31928927123e-06
373 -4.77371854464e-05
374 1.10955332142e-06
375 8.92453617769e-06
376 -2.68667770828e-05
377 -2.95850862916e-05
378 -3.69532519563e-05
379 3.4097920982e-05
380 5.09509444509e-06
381 4.97987674566e-05
382 5.02560511101e-05
383 5.35450709113e-05
384 3.69275691773e-05
385 -4.69342836017e-05
386 -3.4048290086e-06
387 -4.07819737268e-05
388 6.9413404428e-05
389 0.000185590952823
390 -7.62202556477e-05
391 4.81526570639e-05
392 -5.5860512143e-05
393 -9.39602864576e-05
394 3.88426717009e-05
395 -3.66549944436e-06
396 1.0999342979e-05
397 -5.06215440821e-05
398 0.000259647381221
399 0.000105802102826
400 -4.93939973634e-05
401 -5.56378166532e-05
402 3.16384918441e-05
403 8.11614729901e-05
404 -0.000138355804999
405 -3.16953007771e-05
406 -0.000148815269507
407 1.45317836064e-05
408 -2.34352319322e-06
409 0.000213196326325
410 -0.000194395912051
411 -0.000163205629325
412 -7.39257317642e-05
413 5.86688815576e-05
414 4.66216777499e-05
415 -0.000109939163851
416 0.000129108089796
417 7.61959370277e-05
418 -0.000100860638274
419 9.29548443297e-05
420 -5.11344989009e-05
421 -2.53152563998e-05
422 -3.86613426292e-05
423 3.30228895484e-05
424 -0.000190465641264
425 -0.000113090173479
426 -0.000106467173761
427 2.94600608774e-05
428 -4.74452798488e-05
429 9.46332956476e-05
430 0.000122379106523
431 -1.19016802009e-05
432 -0.000115725165896
433 9.2631693362e-06
434 1.91596671278e-05
435 -1.02465671277e-05
436 -4.28728998496e-05
437 -0.000180069981753
438 -7.3854751532e-05
439 1.30890992193e-05
440 -2.70609410308e-05
441 1.70978759669e-05
442 6.68893230471e-05
443 -1.08056285355e-05
444 3.96214476426e-05
445 0.000183489934701
446 -0.000125287109451
447 0.000123050498864
448 -8.68638046124e-05
449 0.000235606767818
450 -9.02446021381e-06
451 -0.000225499503518
452 -0.000242266939883
453 -0.000132278036652
454 -4.4917002155e-05
455 4.32447657739e-06
456 0.000286467688478
457 0.000148524252926
458 -0.000289613421204
459 -0.000293160423665
460 7.1618296746e-06
461 0.00011325934538
462 -3.97875138901e-06
463 -0.000105276135504
464 -0.000138503626013
465 0.000235530503572
466 -7.55810702162e-05
467 -0.000447093255258
468 -0.000211067690588
469 -4.02526753079e-05
470 -9.4529264942e-05
471 1.21619090646e-05
472 -0.000306054328492
473 6.78871932425e-05
474 -0.000316835409463
475 1.82856810541e-05
476 1.83917765968e-05
477 -2.55204668147e-05
478 -4.81229852673e-05
479 6.30324398594e-05
480 -0.000210894160544
481 -0.000166682992043
482 -0.000265291581695
483 4.17668078673e-05
484 -0.000281733931651
485 0.000182128556098
486 0.000186262655191
487 0.000331315554342
488 -4.51062953655e-05
489 -0.000258685480613
490 0.000141163953109
491 -0.000126362495474
492 0.000260406412601
493 0.000116813451404
494 -9.32241585305e-05
495 0.000115759117313
496 -5.58127072988e-05
497 -0.000396764001996
498 -0.000403518142911
499 5.29927724042e-05
500 -0.000156026712869
501 0.000234383543563
502 0.000307326088206
503 -5.61738243444e-05
504 0.000185149165724
505 -0.000893332978931
506 -0.000880025241399
507 0.000120433942292
508 0.000542876059984
509 5.9652208688e-05
510 -3.11500272634e-05
511 2.69564685232e-05
512 6.43178526181e-05
513 0.0
514 0.0
515 0.0
516 0.0
517 0.0
518 0.0
519 0.0
520 0.0
521 0.0
522 0.0
523 0.0
524 0.0
525 0.0
526 0.0
527 0.0
528 0.0
529 0.0
530 0.0
531 0.0
532 0.0
533 0.0
534 0.0
535 0.0
536 0.0
537 0.0
538 0.0
539 0.0
540 0.0
541 0.0
542 0.0
543 0.0
544 0.0
545 0.0
546 0.0
547 0.0
548 0.0
549 0.0
550 0.0
551 0.0
552 0.0
553 0.0
554 0.0
555 0.0
556 0.0
557 0.0
558 0.0
559 0.0
560 0.0
561 0.0
562 0.0
563 0.0
564 0.0
565 0.0
566 0.0
567 0.0
568 0.0
569 0.0
570 0.0
571 0.0
572 0.0
573 0.0
574 0.0
575 0.0
576 0.0
577 0.0
578 0.0
579 0.0
580 0.0
581 0.0
582 0.0
583 0.0
584 0.0
585 0.0
586 0.0
587 0.0
588 0.0
589 0.0
590 0.0
591 0.0
592 0.0
593 0.0
594 0.0
595 0.0
596 0.0
597 0.0
598 0.0
599 0.0
600 0.0
601 0.0
602 0.0
603 0.0
604 0.0
605 0.0
606 0.0
607 0.0
608 0.0
609 0.0
610 0.0
611 0.0
612 0.0
613 0.0
614 0.0
615 0.0
616 0.0
617 0.0
618 0.0
619 0.0
620 0.0
621 0.0
622 0.0
623 0.0
624 0.0
625 0.0
626 0.0
627 0.0
628 0.0
629 0.0
630 0.0
631 0.0
632 0.0
633 0.0
634 0.0
635 0.0
636 0.0
637 0.0
638 0.0
639 0.0
640 0.0
641 0.0
642 0.0
643 0.0
644 0.0
645 0.0
646 0.0
647 0.0
648 0.0
649 0.0
650 0.0
651 0.0
652 0.0
653 0.0
654 0.0
655 0.0
656 0.0
657 0.0
658 0.0
659 0.0
660 0.0
661 0.0
662 0.0
663 0.0
664 0.0
665 0.0
666 0.0
667 0.0
668 0.0
669 0.0
670 0.0
671 0.0
672 0.0
673 0.0
674 0.0
675 0.0
676 0.0
677 0.0
678 0.0
679 0.0
680 0.0
681 0.0
682 0.0
683 0.0
684 0.0
685 0.0
686 0.0
687 0.0
688 0.0
689 0.0
690 0.0
691 0.0
692 0.0
693 0.0
694 0.0
695 0.0
696 0.0
697 0.0
698 0.0
699 0.0
700 0.0
701 0.0
702 0.0
703 0.0
704 0.0
705 0.0
706 0.0
707 0.0
708 0.0
709 0.0
710 0.0
711 0.0
712 0.0
713 0.0
714 0.0
715 0.0
716 0.0
717 0.0
718 0.0
719 0.0
720 0.0
721 0.0
722 0.0
723 0.0
724 0.0
725 0.0
726 0.0
727 0.0
728 0.0
729 0.0
730 0.0
731 0.0
732 0.0
733 0.0
734 0.0
735 0.0
736 0.0
737 0.0
738 0.0
739 0.0
740 0.0
741 0.0
742 0.0
743 0.0
744 0.0
745 0.0
746 0.0
747 0.0
748 0.0
749 0.0
750 0.0
751 0.0
752 0.0
753 0.0
754 0.0
755 0.0
756 0.0
757 0.0
758 0.0
759 0.0
760 0.0
761 0.0
762 0.0
763 0.0
764 0.0
765 0.0
766 0.0
767 0.0
768 0.0
769 0.0
770 0.0
771 0.0
772 0.0
773 0.0
774 0.0
775 0.0
776 0.0
777 0.0
778 0.0
779 0.0
780 0.0
781 0.0
782 0.0
783 0.0
784 0.0
785 0.0
786 0.0
787 0.0
788 0.0
789 0.0
790 0.0
791 0.0
792 0.0
793 0.0
794 0.0
795 0.0
796 0.0
797 0.0
798 0.0
799 0.0
800 0.0
801 0.0
802 0.0
803 0.0
804 0.0
805 0.0
806 0.0
807 0.0
808 0.0
809 0.0
810 0.0
811 0.0
812 0.0
813 0.0
814 0.0
815 0.0
816 0.0
817 0.0
818 0.0
819 0.0
820 0.0
821 0.0
822 0.0
823 0.0
824 0.0
825 0.0
826 0.0
827 0.0
828 0.0
829 0.0
830 0.0
831 0.0
832 0.0
833 0.0
834 0.0
835 0.0
836 0.0
837 0.0
838 0.0
839 0.0
840 0.0
841 0.0
842 0.0
843 0.0
844 0.0
845 0.0
846 0.0
847 0.0
848 0.0
849 0.0
850 0.0
851 0.0
852 0.0
853 0.0
854 0.0
855 0.0
856 0.0
857 0.0
858 0.0
859 0.0
860 0.0
861 0.0
862 0.0
863 0.0
864 0.0
865 0.0
866 0.0
867 0.0
868 0.0
869 0.0
870 0.0
871 0.0
872 0.0
873 0.0
874 0.0
875 0.0
876 0.0
877 0.0
878 0.0
879 0.0
880 0.0
881 0.0
882 0.0
883 0.0
884 0.0
885 0.0
886 0.0
887 0.0
888 0.0
889 0.0
890 0.0
891 0.0
892 0.0
893 0.0
894 0.0
895 0.0
896 0.0
897 0.0
898 0.0
899 0.0
900 0.0
901 0.0
902 0.0
903 0.0
904 0.0
905 0.0
906 0.0
907 0.0
908 0.0
909 0.0
910 0.0
911 0.0
912 0.0
913 0.0
914 0.0
915 0.0
916 0.0
917 0.0
918 0.0
919 0.0
920 0.0
921 0.0
922 0.0
923 0.0
924 0.0
925 0.0
926 0.0
927 0.0
928 0.0
929 0.0
930 0.0
931 0.0
932 0.0
933 0.0
934 0.0
935 0.0
936 0.0
937 0.0
938 0.0
939 0.0
940 0.0
941 0.0
942 0.0
943 0.0
944 0.0
945 0.0
946 0.0
947 0.0
948 0.0
949 0.0
950 0.0
951 0.0
952 0.0
953 0.0
954 0.0
955 0.0
956 0.0
957 0.0
958 0.0
959 0.0
960 0.0
961 0.0
962 0.0
963 0.0
964 0.0
965 0.0
966 0.0
967 0.0
968 0.0
969 0.0
970 0.0
971 0.0
972 0.0
973 0.0
974 0.0
975 0.0
976 0.0
977 0.0
978 0.0
979 0.0
980 0.0
981 0.0
982 0.0
983 0.0
984 0.0
985 0.0
986 0.0
987 0.0
988 0.0
989 0.0
990 0.0
991 0.0
992 0.0
993 0.0
994 0.0
995 0.0
996 0.0
997 0.0
998 0.0
999 0.0
1000 0.0
1001 0.0
1002 0.0
1003 0.0
1004 0.0
1005 0.0
1006 0.0
1007 0.0
1008 0.0
1009 0.0
1010 0.0
1011 0.0
1012 0.0
1013 0.0
1014 0.0
1015 0.0
1016 0.0
1017 0.0
1018 0.0
1019 0.0
1020 0.0
1021 0.0
1022 0.0
1023 0.0
