3.81914252694
0 0.0
1 0.0
2 0.0
3 -0.00107688317457
4 0.000274798962324
5 0.000135978025692
6 -0.000121357836027
7 0.00084727531858
8 -0.000187308948006
9 -0.000368073502697
10 0.000141039195362
11 -0.000463376220877
12 0.000205661403643
13 0.000607358780736
14 -9.89867022996e-05
15 0.000166532518078
16 -0.00035668629495
17 -0.000758454663142
18 0.000304235464394
19 0.0002812632181
20 0.000430370523244
21 0.000496252804476
22 -0.000635501667149
23 -0.000601356318556
24 -0.000134158015365
25 -0.000198901555489
26 0.000484606905878
27 0.000743889317853
28 -0.000141352377021
29 -0.000151749878935
30 -0.000437577128437
31 -0.000503601069887
32 0.000405039389766
33 0.000124805398222
34 2.88401350716e-05
35 -4.44833142147e-05
36 -0.00030919444306
37 -6.7651656522e-05
38 1.77923443832e-05
39 5.25241976994e-05
40 0.000150997115435
41 -6.1651973275e-05
42 -2.06046503035e-07
43 -1.47578135699e-05
44 -8.48330115628e-05
45 3.54859497617e-05
46 5.79591361191e-05
47 4.57892593691e-05
48 2.68647302252e-05
49 -6.44600374689e-05
50 -5.69101677654e-05
51 -2.6216542394e-05
52 5.92080460843e-05
53 7.07016484839e-05
54 3.21533161316e-05
55 -2.60518052825e-05
56 -6.04145514872e-05
57 -3.7287079925e-05
58 -7.57867637878e-06
59 7.67034464272e-05
60 0.000110208750754
61 9.38000450518e-06
62 -5.29258513558e-05
63 -0.000126135277015
64 -4.8435690629e-05
65 3.18069177314e-05
66 0.000107397526932
67 0.000158420984921
68 -6.3471937654e-05
69 -0.000111106807226
70 -9.1679696623e-05
71 -0.000105450232991
72 0.000136655073438
73 0.000156651446388
74 1.93561045818e-05
75 4.18433135872e-05
76 -0.000128807156872
77 -0.000133283255389
78 4.59405042254e-05
79 2.41054907984e-05
80 0.0001150744908
81 0.000157444602359
82 -0.000112243365698
83 -8.05078710285e-05
84 -5.94182905717e-05
85 -0.000177475870532
86 0.0001318470139
87 8.25736283285e-05
88 2.04196395075e-05
89 0.000128463725987
90 -0.000122472786191
91 -8.55147632562e-05
92 4.81587286024e-05
93 -0.000131173664121
94 1.20274410189e-05
95 0.000142108983097
96 -1.5606363954e-05
97 0.00012483156683
98 -8.97124128171e-05
99 -9.52492458015e-05
100 4.30092582965e-05
101 -8.96259862331e-05
102 0.000151622976239
103 2.60546037837e-05
104 -9.68549192156e-05
105 0.000105097050373
106 -9.95555548018e-05
107 1.08492762962e-05
108 9.6595635731e-05
109 -6.89597184849e-05
110 -1.99215379651e-05
111 3.86118579154e-06
112 4.10577160457e-05
113 0.000103885045105
114 6.81589080476e-05
115 -5.52628269427e-05
116 -0.000137854729704
117 -5.43606789637e-05
118 7.66700989546e-05
119 5.08543334035e-05
120 6.73830579621e-05
121 5.41829119413e-05
122 -0.000168286236817
123 -5.22578649976e-06
124 0.000170130259632
125 3.63570173871e-05
126 0.000121382364032
127 -0.000131655359079
128 -0.00010160071168
129 -3.20002440579e-05
130 -6.78750207421e-05
131 0.00015395915397
132 9.50478922066e-05
133 -2.41246746849e-06
134 5.01737022148e-05
135 -0.000175373298172
136 -6.20506800686e-05
137 4.22757738902e-05
138 5.84435123471e-05
139 0.000209651784008
140 4.34004868848e-05
141 -6.92021568378e-05
142 -0.000211783762185
143 -9.76266227101e-05
144 9.53460699378e-05
145 0.00014741833752
146 0.000188210259624
147 -2.25276602955e-05
148 -0.000251997803371
149 -0.000118776641831
150 -0.000101047251594
151 0.000195585736179
152 0.000288795835683
153 8.96113412358e-05
154 -8.48415455872e-05
155 -0.000259473685517
156 -0.000134994992359
157 4.10242082068e-05
158 0.000120950817445
159 0.000273423488638
160 3.58531456914e-05
161 -0.0001822138248
162 -0.000168388377756
163 -0.000274465646911
164 8.24464777149e-05
165 0.00028931104787
166 8.98025587945e-05
167 0.000155317432104
168 -0.000119244174265
169 -0.000268186197759
170 -8.74840349178e-05
171 -6.90087222762e-05
172 0.000206516676839
173 0.000297070900866
174 -1.34511453194e-05
175 -0.000122522067238
176 -0.000307694234017
177 -7.72432310853e-05
178 8.80055179228e-05
179 -3.24551985896e-05
180 2.80613477716e-05
181 -7.15897618678e-06
182 -0.000215527644416
183 0.000124918763904
184 0.000117170308515
185 7.7210881508e-05
186 5.44772133846e-05
187 -9.23418075872e-05
188 -0.000295389292435
189 4.73758724184e-05
190 0.000101983095684
191 0.000151199590783
192 0.000317940072971
193 -0.000260216418045
194 -0.000231541276629
195 -2.52410964553e-06
196 -0.0002473397487
197 0.000249937064401
198 0.000302000724949
199 -3.1397360134e-05
200 2.2338056773e-05
201 -0.000102949678406
202 -0.000284603292231
203 0.000130917229777
204 2.28880332126e-05
205 6.09627473835e-05
206 0.000289769294919
207 -0.000266888517492
208 -0.000185422234776
209 9.54901659027e-05
210 -0.000180106487661
211 0.000263611271185
212 0.000102285049916
213 -5.27088858999e-05
214 4.73187582172e-05
215 -0.000218356467092
216 -0.000129190760981
217 0.000128039631237
218 4.56179613007e-05
219 0.000122595334114
220 2.13988069597e-05
221 -8.35749342896e-05
222 -9.72024884347e-05
223 -2.38993274207e-05
224 2.9029408151e-05
225 -7.64364641025e-06
226 0.000102304077326
227 -3.32029582458e-05
228 -2.59743336029e-05
229 -9.84784431788e-07
230 -9.47246800837e-05
231 9.62305794855e-05
232 -6.35930119203e-06
233 -7.21305492133e-05
234 8.70105366572e-05
235 -2.37684676715e-05
236 2.47396248498e-05
237 -1.65449022378e-05
238 -5.77116806724e-05
239 -1.34849772035e-06
240 -1.60629294084e-05
241 -2.516391188e-05
242 0.000129363266631
243 -3.37404192852e-05
244 5.17208314288e-05
245 7.06996894632e-05
246 -0.000145899238785
247 2.59402188495e-06
248 9.40584409384e-05
249 -3.05662917288e-05
250 5.87403307202e-05
251 9.55406331391e-05
252 -9.82919102538e-05
253 -0.000196179021338
254 6.72449207464e-05
255 1.77906353031e-06
256 0.00015639286451
257 0.00017317668081
258 -0.000173628439495
259 -7.18230125343e-05
260 -8.14509855676e-05
261 -7.81025690855e-05
262 0.000321838826382
263 7.29945938613e-05
264 -2.64064727679e-05
265 -1.58548183081e-05
266 -0.000328230522293
267 -8.04968461798e-05
268 8.77214042872e-05
269 5.67576510593e-05
270 0.000312571045857
271 -5.81723720124e-05
272 -0.000158125538144
273 -5.8942526094e-05
274 -0.000128495499474
275 0.00018888101112
276 0.000290266165436
277 -8.81358621478e-06
278 -0.000109154393636
279 -0.000172046127096
280 -0.000162803912306
281 6.63432441686e-05
282 0.000114334967009
283 0.000111429328746
284 -1.46467009347e-07
285 5.9125301185e-05
286 -0.000177882919134
287 -0.00013395168764
288 0.00016364996223
289 -5.17139566183e-06
290 0.000144630995335
291 0.000149869766464
292 -0.000115603019337
293 -0.000209313941984
294 -2.83502464134e-05
295 -5.1855228414e-05
296 4.80160066498e-05
297 0.00019054445938
298 3.9606251228e-05
299 -5.64290698674e-05
300 6.89588246507e-05
301 -0.000114487308796
302 -1.06517104957e-05
303 3.09379190007e-05
304 3.42713821993e-06
305 0.000137954511575
306 0.000105851761401
307 -0.000101641301542
308 -5.20932575872e-05
309 -8.25567199513e-05
310 -0.000110864559343
311 0.000117343193067
312 9.88771970172e-05
313 2.85316705259e-05
314 6.8243674681e-05
315 -7.79781057313e-05
316 -0.000155319829021
317 -7.79346582913e-06
318 1.68885021068e-05
319 -4.51649965563e-05
320 4.8168429214e-05
321 0.000126018594847
322 -3.58679831226e-06
323 -0.000140192283887
324 -2.98275017236e-06
325 -9.7031203027e-06
326 2.60281903551e-05
327 0.000129601040101
328 -4.46223650215e-05
329 -0.00013597022182
330 5.7157281113e-05
331 -0.000120120880839
332 5.09915652279e-05
333 0.000114545996221
334 -5.92558984815e-05
335 0.00010776514763
336 -8.79395758968e-05
337 -3.29661980333e-06
338 -2.57731294237e-06
339 -0.00012882600394
340 0.000134077029293
341 -0.000126753727295
342 3.16958384053e-05
343 0.000191589922488
344 -0.000152842469505
345 0.00011149062969
346 0.00010379669933
347 -0.000147012460099
348 0.000120718353559
349 -6.11990480416e-05
350 -0.000106967490583
351 0.000134068591201
352 -0.000116391556874
353 5.98851150555e-05
354 2.83644859016e-05
355 -0.000125379276454
356 0.000141474882444
357 -7.72665002985e-06
358 -9.27131202443e-05
359 1.74877977027e-05
360 -2.97157466279e-05
361 3.81782994848e-05
362 1.571086546e-05
363 7.24727483784e-06
364 2.23654270715e-05
365 -5.25082108746e-05
366 -2.24002042471e-05
367 2.82551852694e-05
368 2.76607515994e-05
369 6.69404671701e-06
370 -3.38961480022e-05
371 -2.3670390173e-05
372 1.30088207975e-05
373 -3.71203759746e-06
374 3.94115435459e-05
375 -3.18383894553e-05
376 -1.40095645195e-05
377 4.01527557316e-05
378 -5.73933473428e-05
379 -4.51168296617e-06
380 -4.30275446559e-06
381 1.86292627901e-05
382 6.49481186858e-05
383 -2.52203877587e-05
384 2.59251444742e-05
385 4.50885731944e-05
386 -5.20778373629e-05
387 -1.23636276191e-05
388 -2.14986931673e-05
389 -9.97025489188e-05
390 0.000104893883604
391 0.000191391308451
392 -6.64958614794e-05
393 7.57639820104e-05
394 -0.000201443190636
395 -0.00025455013512
396 0.00025995865078
397 -2.61475483563e-05
398 0.000111773875842
399 0.000184814982066
400 -7.48173400312e-05
401 9.86008317548e-05
402 -0.000171416225487
403 -0.000258475318808
404 0.000137396131207
405 6.29926332064e-05
406 5.64469366861e-05
407 0.000212417432146
408 -0.000335961875302
409 -3.50899030649e-05
410 -3.17537052126e-05
411 5.15058357204e-05
412 0.000175456773675
413 -0.000155460190404
414 -0.000114883773916
415 7.71964047135e-05
416 -8.04577325038e-05
417 9.22223055802e-05
418 0.000181156826168
419 -8.09029948185e-05
420 -8.09442178731e-05
421 9.87106377852e-05
422 -0.00021260155403
423 3.75512889696e-05
424 7.24224409295e-05
425 4.82812524396e-07
426 3.13726247929e-05
427 -0.000143032004498
428 -0.000119190467975
429 9.67674519465e-05
430 -1.93447629318e-05
431 0.000170347286695
432 0.000167831904654
433 -0.000193217233606
434 -0.000162254932749
435 2.38134384832e-05
436 -7.65903584547e-05
437 0.000183531953879
438 0.000118229660472
439 -0.00023838994654
440 -5.72596966405e-05
441 -4.46630466835e-05
442 -9.16252871892e-05
443 0.000233916386556
444 0.000138798612587
445 -7.57502420311e-05
446 -1.45208609778e-05
447 -2.00490733464e-05
448 -0.00025776868739
449 0.000196409177822
450 0.00010540628496
451 0.000143526864543
452 0.000182279102405
453 -0.000442125374678
454 -0.000253633611069
455 -8.67010845478e-05
456 -7.77765230756e-05
457 0.000526542143314
458 0.000531911419551
459 -0.000131778402798
460 -0.000426832186557
461 -0.000758157042376
462 -0.000280007146776
463 0.00052231442411
464 0.00049569343655
465 0.000381436712017
466 1.48987607829e-05
467 -0.000457846053391
468 -0.000543992659283
469 -0.000489675192951
470 0.000153776022741
471 0.000723908878595
472 0.000349091605844
473 0.000267882871242
474 -0.000711204001485
475 -0.000491268955568
476 -0.00042601037897
477 5.19430448093e-05
478 0.000842546922405
479 0.000431288527273
480 4.84576258391e-05
481 -0.000276063031801
482 -0.00110461720193
483 -0.00032325003827
484 0.000110349049347
485 0.000697412050059
486 0.000781972875348
487 0.000182858175522
488 -0.00033462697101
489 -0.000677345981634
490 -0.00061650827577
491 -0.000156609812235
492 0.000720678214363
493 0.000551755372863
494 0.000626811653188
495 -0.000123236406319
496 -0.0010781697816
497 -0.000347194528297
498 -8.17186686672e-05
499 6.9317904753e-06
500 0.000825810144171
501 0.000331184576376
502 -0.000516026923923
503 -2.93858837404e-05
504 -0.000369172491592
505 -0.000375016338637
506 0.000983172584611
507 -0.0003399843149
508 -0.00029597637225
509 0.000469237864277
510 -0.000603403431105
511 0.000140169608075
512 0.000199308259349
513 0.0
514 0.0
515 0.0
516 0.0
517 0.0
518 0.0
519 0.0
520 0.0
521 0.0
522 0.0
523 0.0
524 0.0
525 0.0
526 0.0
527 0.0
528 0.0
529 0.0
530 0.0
531 0.0
532 0.0
533 0.0
534 0.0
535 0.0
536 0.0
537 0.0
538 0.0
539 0.0
540 0.0
541 0.0
542 0.0
543 0.0
544 0.0
545 0.0
546 0.0
547 0.0
548 0.0
549 0.0
550 0.0
551 0.0
552 0.0
553 0.0
554 0.0
555 0.0
556 0.0
557 0.0
558 0.0
559 0.0
560 0.0
561 0.0
562 0.0
563 0.0
564 0.0
565 0.0
566 0.0
567 0.0
568 0.0
569 0.0
570 0.0
571 0.0
572 0.0
573 0.0
574 0.0
575 0.0
576 0.0
577 0.0
578 0.0
579 0.0
580 0.0
581 0.0
582 0.0
583 0.0
584 0.0
585 0.0
586 0.0
587 0.0
588 0.0
589 0.0
590 0.0
591 0.0
592 0.0
593 0.0
594 0.0
595 0.0
596 0.0
597 0.0
598 0.0
599 0.0
600 0.0
601 0.0
602 0.0
603 0.0
604 0.0
605 0.0
606 0.0
607 0.0
608 0.0
609 0.0
610 0.0
611 0.0
612 0.0
613 0.0
614 0.0
615 0.0
616 0.0
617 0.0
618 0.0
619 0.0
620 0.0
621 0.0
622 0.0
623 0.0
624 0.0
625 0.0
626 0.0
627 0.0
628 0.0
629 0.0
630 0.0
631 0.0
632 0.0
633 0.0
634 0.0
635 0.0
636 0.0
637 0.0
638 0.0
639 0.0
640 0.0
641 0.0
642 0.0
643 0.0
644 0.0
645 0.0
646 0.0
647 0.0
648 0.0
649 0.0
650 0.0
651 0.0
652 0.0
653 0.0
654 0.0
655 0.0
656 0.0
657 0.0
658 0.0
659 0.0
660 0.0
661 0.0
662 0.0
663 0.0
664 0.0
665 0.0
666 0.0
667 0.0
668 0.0
669 0.0
670 0.0
671 0.0
672 0.0
673 0.0
674 0.0
675 0.0
676 0.0
677 0.0
678 0.0
679 0.0
680 0.0
681 0.0
682 0.0
683 0.0
684 0.0
685 0.0
686 0.0
687 0.0
688 0.0
689 0.0
690 0.0
691 0.0
692 0.0
693 0.0
694 0.0
695 0.0
696 0.0
697 0.0
698 0.0
699 0.0
700 0.0
701 0.0
702 0.0
703 0.0
704 0.0
705 0.0
706 0.0
707 0.0
708 0.0
709 0.0
710 0.0
711 0.0
712 0.0
713 0.0
714 0.0
715 0.0
716 0.0
717 0.0
718 0.0
719 0.0
720 0.0
721 0.0
722 0.0
723 0.0
724 0.0
725 0.0
726 0.0
727 0.0
728 0.0
729 0.0
730 0.0
731 0.0
732 0.0
733 0.0
734 0.0
735 0.0
736 0.0
737 0.0
738 0.0
739 0.0
740 0.0
741 0.0
742 0.0
743 0.0
744 0.0
745 0.0
746 0.0
747 0.0
748 0.0
749 0.0
750 0.0
751 0.0
752 0.0
753 0.0
754 0.0
755 0.0
756 0.0
757 0.0
758 0.0
759 0.0
760 0.0
761 0.0
762 0.0
763 0.0
764 0.0
765 0.0
766 0.0
767 0.0
768 0.0
769 0.0
770 0.0
771 0.0
772 0.0
773 0.0
774 0.0
775 0.0
776 0.0
777 0.0
778 0.0
779 0.0
780 0.0
781 0.0
782 0.0
783 0.0
784 0.0
785 0.0
786 0.0
787 0.0
788 0.0
789 0.0
790 0.0
791 0.0
792 0.0
793 0.0
794 0.0
795 0.0
796 0.0
797 0.0
798 0.0
799 0.0
800 0.0
801 0.0
802 0.0
803 0.0
804 0.0
805 0.0
806 0.0
807 0.0
808 0.0
809 0.0
810 0.0
811 0.0
812 0.0
813 0.0
814 0.0
815 0.0
816 0.0
817 0.0
818 0.0
819 0.0
820 0.0
821 0.0
822 0.0
823 0.0
824 0.0
825 0.0
826 0.0
827 0.0
828 0.0
829 0.0
830 0.0
831 0.0
832 0.0
833 0.0
834 0.0
835 0.0
836 0.0
837 0.0
838 0.0
839 0.0
840 0.0
841 0.0
842 0.0
843 0.0
844 0.0
845 0.0
846 0.0
847 0.0
848 0.0
849 0.0
850 0.0
851 0.0
852 0.0
853 0.0
854 0.0
855 0.0
856 0.0
857 0.0
858 0.0
859 0.0
860 0.0
861 0.0
862 0.0
863 0.0
864 0.0
865 0.0
866 0.0
867 0.0
868 0.0
869 0.0
870 0.0
871 0.0
872 0.0
873 0.0
874 0.0
875 0.0
876 0.0
877 0.0
878 0.0
879 0.0
880 0.0
881 0.0
882 0.0
883 0.0
884 0.0
885 0.0
886 0.0
887 0.0
888 0.0
889 0.0
890 0.0
891 0.0
892 0.0
893 0.0
894 0.0
895 0.0
896 0.0
897 0.0
898 0.0
899 0.0
900 0.0
901 0.0
902 0.0
903 0.0
904 0.0
905 0.0
906 0.0
907 0.0
908 0.0
909 0.0
910 0.0
911 0.0
912 0.0
913 0.0
914 0.0
915 0.0
916 0.0
917 0.0
918 0.0
919 0.0
920 0.0
921 0.0
922 0.0
923 0.0
924 0.0
925 0.0
926 0.0
927 0.0
928 0.0
929 0.0
930 0.0
931 0.0
932 0.0
933 0.0
934 0.0
935 0.0
936 0.0
937 0.0
938 0.0
939 0.0
940 0.0
941 0.0
942 0.0
943 0.0
944 0.0
945 0.0
946 0.0
947 0.0
948 0.0
949 0.0
950 0.0
951 0.0
952 0.0
953 0.0
954 0.0
955 0.0
956 0.0
957 0.0
958 0.0
959 0.0
960 0.0
961 0.0
962 0.0
963 0.0
964 0.0
965 0.0
966 0.0
967 0.0
968 0.0
969 0.0
970 0.0
971 0.0
972 0.0
973 0.0
974 0.0
975 0.0
976 0.0
977 0.0
978 0.0
979 0.0
980 0.0
981 0.0
982 0.0
983 0.0
984 0.0
985 0.0
986 0.0
987 0.0
988 0.0
989 0.0
990 0.0
991 0.0
992 0.0
993 0.0
994 0.0
995 0.0
996 0.0
997 0.0
998 0.0
999 0.0
1000 0.0
1001 0.0
1002 0.0
1003 0.0
1004 0.0
1005 0.0
1006 0.0
1007 0.0
1008 0.0
1009 0.0
1010 0.0
1011 0.0
1012 0.0
1013 0.0
1014 0.0
1015 0.0
1016 0.0
1017 0.0
1018 0.0
1019 0.0
1020 0.0
1021 0.0
1022 0.0
1023 0.0
