-0.12787810578
0 0.0508241553503
1 0.0841369283902
2 0.122193188552
3 0.0461906591627
4 0.0478678751615
5 0.0741138328655
6 0.0346670985322
7 0.0831517224458
8 0.054949685974
9 -0.0922183785969
10 -0.216619891697
11 -0.208184149489
12 -0.195531619575
13 -0.122920511061
14 -0.00444736969531
15 0.00698270136131
16 0.0386362147356
17 0.0119517674981
18 -0.0788157794348
19 0.0332856862537
20 0.0708409595966
21 -0.0405712315874
22 -0.0903855822103
23 -0.0313766622122
24 0.00509667633418
25 0.0431947195041
26 0.0215722797734
27 -0.0893353511034
28 -0.0622906002468
29 -0.0391019898567
30 -0.00173272342744
31 0.0123489096487
32 0.0193536395014
33 0.0295771516635
34 0.00480348622129
35 -0.022757399667
36 0.0172721553273
37 0.0206764254791
38 0.00725686989032
39 0.0754526111884
40 0.12634013903
41 0.0399859601025
42 -0.0495372569963
43 -0.110258288244
44 -0.0802152651925
45 0.0337330337423
46 -0.00557433830883
47 -0.0356068355198
48 -0.0441853918685
49 0.0145432897519
50 0.00607002022678
51 0.00389797053817
52 -0.0306848699763
53 -0.142936032383
54 -0.194613787104
55 0.0621128225151
56 0.142431541486
57 -0.0361627103589
58 -0.12192421886
59 -0.0276823217799
