1.75825900048e-07
0 0.0
1 0.0
2 -0.000139153494806
3 -0.000283739226518
4 -0.000273501305649
5 -0.000209124878775
6 -3.32495029422e-05
7 0.000321899056039
8 0.000222842029519
9 1.10093095473e-05
10 0.00012116012621
11 0.000299111195085
12 9.63597808124e-05
13 4.6886296713e-06
14 -0.000170650108158
15 -0.000219992320404
16 7.72753059016e-05
17 9.93920269076e-06
18 4.91622802039e-05
19 -2.53089755755e-06
20 -0.000143412179296
21 -0.000223087184407
22 3.96520818522e-05
23 2.56230743459e-05
24 -0.00019540419831
25 5.53313962442e-05
26 -6.80071073417e-05
27 -2.37372632949e-05
28 1.61772327245e-05
29 3.25224807038e-05
30 1.17439894179e-05
31 -0.000124385318302
32 -0.000161960942746
33 -0.000235297174855
34 5.70988473961e-05
35 1.69160793846e-05
36 -5.13573386728e-05
37 -0.000114407248668
38 -3.11503178545e-05
39 -7.39907731734e-05
40 2.81183478419e-05
41 -4.80795455064e-05
42 3.74371328816e-05
43 4.77743795346e-06
44 2.84941753065e-05
45 2.65330661786e-05
46 -1.62188455132e-05
47 -9.77273967987e-06
48 -1.80864010037e-06
49 -1.44972730005e-06
50 2.29294814631e-05
51 1.27694555645e-05
52 3.70338827079e-06
53 -8.71292449913e-06
54 6.60456729613e-07
55 1.50806443208e-05
56 7.63916567116e-06
57 3.2556105093e-05
58 2.31075329071e-05
59 1.60198730293e-05
60 4.4646660291e-06
61 -1.00311822276e-05
62 -1.95953000248e-05
63 -1.49275130624e-05
64 7.89477582125e-06
65 4.50655130254e-05
66 -3.32619147913e-05
67 -3.39282030988e-06
68 -1.42406945292e-05
69 -1.62364865616e-06
70 9.57777739028e-06
71 7.3954761848e-06
72 -2.59484094323e-06
73 7.03557318318e-06
74 3.15234856639e-05
75 1.90664103207e-05
76 1.89760267209e-05
77 -1.58567276237e-05
78 -1.09935690809e-05
79 3.29362354473e-05
80 1.21064896747e-05
81 -1.83516660928e-05
82 1.50006801175e-05
83 -9.85710953708e-06
84 -2.47316128903e-05
85 -6.88204428444e-05
86 -2.04837519659e-05
87 3.0982552458e-05
88 2.04462102523e-05
89 1.99368890336e-05
90 1.28419098285e-05
91 -2.10764564979e-05
92 -0.000101078398537
93 -1.03528670423e-05
94 5.45704635278e-05
95 5.38760915654e-05
96 -4.79318264007e-05
97 4.19842238921e-05
98 2.03865188153e-05
99 -1.82480702824e-05
100 -2.53794786395e-05
101 -6.12594956999e-05
102 2.89735884402e-05
103 1.26949045838e-05
104 3.94817837955e-05
105 3.46910061195e-05
106 1.63697312945e-05
107 2.67331828563e-05
108 -2.76907368549e-05
109 -1.90165514568e-05
110 7.87347877013e-05
111 2.72140451478e-05
112 6.26554407651e-05
113 -5.3576845462e-06
114 -6.83427768726e-05
115 1.08200042512e-06
116 7.07997551305e-05
117 2.64345014152e-05
118 4.57347882037e-06
119 -2.68483955593e-05
120 -7.754040202e-05
121 2.4013799046e-05
122 0.000144878741768
123 9.75257599434e-05
124 -4.85996668869e-06
125 -7.5195749025e-05
126 8.72474206599e-05
127 -1.78152853271e-06
128 1.33836210847e-06
129 2.26279779358e-05
130 -1.7657373377e-05
131 -8.69405126947e-07
132 1.60440904784e-05
133 -4.02640143138e-05
134 5.61705855629e-05
135 -1.56949541844e-05
136 4.35238677411e-05
137 8.9952401378e-05
138 3.22689262739e-05
139 1.74853854163e-05
140 -9.17210357727e-05
141 8.60456141702e-06
142 5.21774408514e-05
143 4.20981783673e-05
144 2.95337452932e-05
145 -3.65879337811e-05
146 -3.8061736645e-05
147 1.46629492096e-05
148 -3.77318618868e-05
149 2.94066090502e-05
150 3.83789155677e-05
151 5.78943401586e-05
152 -1.77694704539e-05
153 -1.341661245e-05
154 2.79271538345e-05
155 1.96155939659e-05
156 -4.9910842758e-06
157 -1.70427255267e-05
158 -3.31033543533e-06
159 -3.20841886616e-05
160 -5.0262922536e-05
161 1.44586573762e-06
162 1.20408512154e-05
163 -4.36428970242e-05
164 -0.000101026172281
165 4.07283320417e-05
166 -0.000112590473558
167 7.80639160342e-05
168 2.60492325078e-05
169 -3.4166163905e-05
170 1.00375334147e-06
171 5.3766816108e-05
172 -1.19242901372e-05
173 -3.13177601516e-05
174 -6.56202828837e-05
175 9.10617230059e-05
176 -7.18429673891e-05
177 -0.000205114742736
178 -0.000162871260102
179 -0.000105152260838
180 -7.35906121901e-05
181 4.21654169406e-05
182 5.22955493537e-05
183 9.89182089482e-05
184 3.79459731325e-05
185 -1.52378322762e-05
186 -8.88696538708e-05
187 9.53885168901e-06
188 9.42336683293e-06
189 8.66483016305e-05
190 0.000133247573765
191 -7.66310581743e-05
192 2.81211422138e-06
193 2.83359099332e-05
194 3.22927950013e-05
195 -9.40017787128e-05
196 7.00261311736e-05
197 1.525765552e-05
198 -2.39735916317e-05
199 2.28344015651e-05
200 2.75385461673e-05
201 2.29770340782e-05
202 -3.21032558639e-05
203 -6.59827158097e-05
204 1.64126057003e-05
205 1.53881572221e-05
206 -1.24241950668e-05
207 -4.46396640192e-05
208 6.44826203112e-07
209 2.14441116641e-05
210 1.84872171077e-05
211 3.60457996121e-05
212 -4.25285979657e-05
213 -9.33540700049e-06
214 -3.60658378448e-05
215 1.88234422161e-05
216 -1.56167036472e-05
217 -3.06075847737e-05
218 -2.90211366199e-05
219 6.52991463216e-05
220 -3.213872963e-05
221 2.85321526925e-05
222 -2.36011940043e-05
223 -4.48073542109e-05
224 -1.99595632666e-05
225 -2.65268419017e-05
226 3.75827939475e-05
227 -5.26685880419e-06
228 -6.79056387506e-06
229 1.58770910187e-05
230 -3.71252937704e-05
231 -2.3893612148e-05
232 3.50098530766e-06
233 6.47732598088e-05
234 2.60928445204e-05
235 -6.00909258706e-05
236 3.18309749203e-05
237 3.7118702359e-06
238 -1.98344476823e-05
239 -6.04940865806e-05
240 1.45505118721e-05
241 -3.2018496362e-05
242 1.76005653225e-05
243 0.00011393306631
244 1.30767199093e-05
245 -3.2866528499e-05
246 7.2238823705e-05
247 5.81415017973e-05
248 -7.22542522457e-05
249 0.000137297458889
250 -4.24703721899e-05
251 -8.28767539485e-05
252 1.98739418472e-05
253 1.25594214501e-05
254 3.57926373419e-06
255 3.8973965999e-05
256 -2.5561272853e-06
257 -1.13769195431e-05
258 1.51949133988e-05
259 9.29278472426e-07
260 6.89757354765e-05
261 -2.48135637289e-05
262 -1.92302426796e-05
263 1.60391699295e-05
264 -6.03499680438e-05
265 1.08284759376e-05
266 -3.07436650675e-05
267 -5.07492115018e-06
268 -3.96860022079e-05
269 -6.11703150266e-06
270 4.5697309423e-05
271 3.62572874268e-05
272 6.64898996582e-05
273 4.0394280713e-05
274 1.91970262598e-05
275 1.11598255191e-05
276 -2.43252546633e-05
277 6.96987269036e-05
278 2.60769355003e-05
279 -3.50631885788e-05
280 -5.53244033549e-05
281 -3.32159951564e-05
282 -7.04653726341e-05
283 0.000114850254555
284 -3.76274520901e-05
285 2.42871901625e-06
286 7.8760978302e-05
287 -1.80443938686e-06
288 -7.64750740159e-06
289 3.57574583012e-05
290 7.17234325119e-05
291 -4.66387736675e-05
292 3.69931966525e-05
293 -1.22590272087e-05
294 -0.000104201820405
295 4.05626419296e-05
296 -8.64770618291e-05
297 -4.03985644185e-05
298 5.23750803327e-05
299 0.000138959296969
300 3.07887231895e-05
301 6.12198919434e-06
302 -1.44195380789e-05
303 2.69741700223e-05
304 4.44475126852e-05
305 -1.44333808356e-05
306 8.06878406259e-06
307 2.0178392734e-05
308 -4.83979713753e-05
309 -2.37130252643e-05
310 1.21481226018e-06
311 7.23376807136e-06
312 3.67321280133e-05
313 3.5639687339e-05
314 -2.06197100766e-05
315 -9.02249950193e-06
316 -1.86534985461e-05
317 -8.53841311928e-05
318 -3.55032886542e-05
319 4.51307563304e-05
320 5.29969920796e-05
321 -9.61197596048e-05
322 1.21730564125e-05
323 7.62945879461e-05
324 -2.52683849672e-05
325 6.90289987354e-07
326 -8.78395581128e-06
327 -3.99544278696e-05
328 3.31537049774e-05
329 3.63599822923e-06
330 -1.18342219456e-05
331 -3.58232784283e-05
332 -3.15284555531e-06
333 -2.26965555854e-05
334 -1.16577440237e-05
335 2.42929444069e-05
336 -0.000114716221459
337 3.19904310434e-06
338 -1.82697203866e-05
339 -5.7323513848e-05
340 7.57797988413e-05
341 8.2279857743e-06
342 -6.39173972223e-06
343 8.34996868111e-05
344 6.72373759885e-05
345 -4.79332748439e-06
346 0.000116670289067
347 3.75552840967e-05
348 -1.10321897826e-05
349 -5.43220227761e-05
350 8.05059440307e-06
351 1.42845243205e-05
352 -6.77829035815e-05
353 4.67560971278e-06
354 1.67614842662e-05
355 3.6327365466e-05
356 -3.73050660217e-05
357 -8.29808023549e-05
358 5.5525528025e-05
359 3.07381947139e-05
360 -3.8247601753e-05
361 4.34840481713e-05
362 -1.16331637194e-05
363 -2.98745699584e-05
364 2.9253252715e-06
365 -2.19656638475e-05
366 1.48690217852e-05
367 7.34006402738e-06
368 -2.25426946045e-05
369 -4.38642480551e-06
370 1.65074896549e-05
371 -2.6860804239e-05
372 -2.20518723828e-06
373 1.26480560749e-05
374 -3.11523758113e-06
375 -6.14719377663e-06
376 -1.19938119845e-05
377 -2.79796291933e-05
378 -1.70296006842e-05
379 1.5422351815e-05
380 -1.55413011874e-05
381 1.79818032764e-05
382 3.06824954672e-05
383 2.72857461151e-05
384 7.22372135097e-06
385 4.23501179504e-06
386 7.96052798227e-06
387 1.40440228804e-06
388 3.37725299542e-05
389 0.000109655174752
390 -3.53001339879e-05
391 -2.65910382593e-06
392 -2.07143029679e-05
393 -6.25359228709e-05
394 2.48178175209e-05
395 -1.59592691633e-05
396 1.18227451798e-05
397 -4.78011055831e-05
398 0.000163141584675
399 5.88794975913e-05
400 -3.07965585916e-05
401 -5.93199123964e-06
402 1.07656012796e-05
403 4.53733081549e-05
404 -6.8732774578e-05
405 -3.8197365327e-05
406 -0.00012053470468
407 -7.43269133723e-05
408 6.16147403134e-05
409 0.000172924297022
410 -0.000125459619586
411 -0.000202156463505
412 -0.000104018584043
413 5.63616268849e-05
414 7.78011876937e-05
415 -5.38515536676e-05
416 3.73637880569e-05
417 3.17137564476e-05
418 -4.43978848688e-05
419 0.000106601520289
420 -7.6016931618e-05
421 1.74347802331e-05
422 -3.4369781904e-05
423 8.91494257868e-05
424 -0.000122264732186
425 -9.80466647604e-05
426 5.6370232037e-06
427 2.00512126963e-05
428 -2.86258690556e-05
429 8.58830428313e-05
430 3.77851419834e-05
431 1.2888501391e-05
432 -0.000100764858658
433 2.84979256516e-05
434 -2.28647558559e-05
435 2.24312290558e-05
436 -7.61975723847e-05
437 -8.40417626177e-05
438 -0.000103941204127
439 3.75038757014e-05
440 1.74650119955e-05
441 -1.26527317054e-05
442 1.02803448726e-05
443 -4.44708145454e-05
444 9.49935537167e-05
445 4.19670442128e-05
446 4.70270728853e-05
447 -3.03123779873e-05
448 -0.000135353780748
449 0.000155606000659
450 -3.87880403324e-05
451 -0.000108314845111
452 -8.21521096831e-05
453 -8.17100432186e-05
454 -4.3984547639e-05
455 -1.08258387018e-05
456 0.000198889914883
457 0.000133572992737
458 -0.000175345567821
459 -0.000257577002167
460 3.78935878166e-06
461 3.38267827937e-05
462 -5.47720580271e-05
463 -0.000128922949415
464 6.28148820423e-05
465 0.000216395939969
466 -7.98615116821e-05
467 -0.000194665750144
468 -0.000168510533236
469 -8.63792397946e-05
470 -6.72399189073e-05
471 -2.31560967559e-05
472 -0.000105823808381
473 -2.76340645389e-06
474 -0.000137183200896
475 -9.09555542536e-05
476 -0.000140565988104
477 7.55118055222e-05
478 3.61189366881e-05
479 4.20717620448e-05
480 -0.000121976823013
481 -0.000196223606363
482 -0.000124879749089
483 1.49870326791e-06
484 -0.000235721367118
485 6.04376875799e-05
486 0.000118589479079
487 0.000105680830597
488 5.15601373771e-05
489 -0.00020567355548
490 2.45903960491e-05
491 -9.87517267615e-06
492 3.36331255679e-05
493 0.000156156017691
494 -0.000150274791865
495 0.000187925058573
496 -0.000108515206772
497 -0.000269607404848
498 -2.69042417409e-05
499 -5.11986386761e-05
500 -9.24332173125e-05
501 0.000102896498773
502 0.000174311006323
503 1.70326584031e-05
504 5.42734042908e-05
505 -0.000639878375605
506 -0.000673970684858
507 0.000170219574052
508 0.000238089820573
509 0.000213487497237
510 1.36178229452e-06
511 2.77072565271e-05
512 2.77496295795e-05
513 0.0
514 0.0
515 0.0
516 0.0
517 0.0
518 0.0
519 0.0
520 0.0
521 0.0
522 0.0
523 0.0
524 0.0
525 0.0
526 0.0
527 0.0
528 0.0
529 0.0
530 0.0
531 0.0
532 0.0
533 0.0
534 0.0
535 0.0
536 0.0
537 0.0
538 0.0
539 0.0
540 0.0
541 0.0
542 0.0
543 0.0
544 0.0
545 0.0
546 0.0
547 0.0
548 0.0
549 0.0
550 0.0
551 0.0
552 0.0
553 0.0
554 0.0
555 0.0
556 0.0
557 0.0
558 0.0
559 0.0
560 0.0
561 0.0
562 0.0
563 0.0
564 0.0
565 0.0
566 0.0
567 0.0
568 0.0
569 0.0
570 0.0
571 0.0
572 0.0
573 0.0
574 0.0
575 0.0
576 0.0
577 0.0
578 0.0
579 0.0
580 0.0
581 0.0
582 0.0
583 0.0
584 0.0
585 0.0
586 0.0
587 0.0
588 0.0
589 0.0
590 0.0
591 0.0
592 0.0
593 0.0
594 0.0
595 0.0
596 0.0
597 0.0
598 0.0
599 0.0
600 0.0
601 0.0
602 0.0
603 0.0
604 0.0
605 0.0
606 0.0
607 0.0
608 0.0
609 0.0
610 0.0
611 0.0
612 0.0
613 0.0
614 0.0
615 0.0
616 0.0
617 0.0
618 0.0
619 0.0
620 0.0
621 0.0
622 0.0
623 0.0
624 0.0
625 0.0
626 0.0
627 0.0
628 0.0
629 0.0
630 0.0
631 0.0
632 0.0
633 0.0
634 0.0
635 0.0
636 0.0
637 0.0
638 0.0
639 0.0
640 0.0
641 0.0
642 0.0
643 0.0
644 0.0
645 0.0
646 0.0
647 0.0
648 0.0
649 0.0
650 0.0
651 0.0
652 0.0
653 0.0
654 0.0
655 0.0
656 0.0
657 0.0
658 0.0
659 0.0
660 0.0
661 0.0
662 0.0
663 0.0
664 0.0
665 0.0
666 0.0
667 0.0
668 0.0
669 0.0
670 0.0
671 0.0
672 0.0
673 0.0
674 0.0
675 0.0
676 0.0
677 0.0
678 0.0
679 0.0
680 0.0
681 0.0
682 0.0
683 0.0
684 0.0
685 0.0
686 0.0
687 0.0
688 0.0
689 0.0
690 0.0
691 0.0
692 0.0
693 0.0
694 0.0
695 0.0
696 0.0
697 0.0
698 0.0
699 0.0
700 0.0
701 0.0
702 0.0
703 0.0
704 0.0
705 0.0
706 0.0
707 0.0
708 0.0
709 0.0
710 0.0
711 0.0
712 0.0
713 0.0
714 0.0
715 0.0
716 0.0
717 0.0
718 0.0
719 0.0
720 0.0
721 0.0
722 0.0
723 0.0
724 0.0
725 0.0
726 0.0
727 0.0
728 0.0
729 0.0
730 0.0
731 0.0
732 0.0
733 0.0
734 0.0
735 0.0
736 0.0
737 0.0
738 0.0
739 0.0
740 0.0
741 0.0
742 0.0
743 0.0
744 0.0
745 0.0
746 0.0
747 0.0
748 0.0
749 0.0
750 0.0
751 0.0
752 0.0
753 0.0
754 0.0
755 0.0
756 0.0
757 0.0
758 0.0
759 0.0
760 0.0
761 0.0
762 0.0
763 0.0
764 0.0
765 0.0
766 0.0
767 0.0
768 0.0
769 0.0
770 0.0
771 0.0
772 0.0
773 0.0
774 0.0
775 0.0
776 0.0
777 0.0
778 0.0
779 0.0
780 0.0
781 0.0
782 0.0
783 0.0
784 0.0
785 0.0
786 0.0
787 0.0
788 0.0
789 0.0
790 0.0
791 0.0
792 0.0
793 0.0
794 0.0
795 0.0
796 0.0
797 0.0
798 0.0
799 0.0
800 0.0
801 0.0
802 0.0
803 0.0
804 0.0
805 0.0
806 0.0
807 0.0
808 0.0
809 0.0
810 0.0
811 0.0
812 0.0
813 0.0
814 0.0
815 0.0
816 0.0
817 0.0
818 0.0
819 0.0
820 0.0
821 0.0
822 0.0
823 0.0
824 0.0
825 0.0
826 0.0
827 0.0
828 0.0
829 0.0
830 0.0
831 0.0
832 0.0
833 0.0
834 0.0
835 0.0
836 0.0
837 0.0
838 0.0
839 0.0
840 0.0
841 0.0
842 0.0
843 0.0
844 0.0
845 0.0
846 0.0
847 0.0
848 0.0
849 0.0
850 0.0
851 0.0
852 0.0
853 0.0
854 0.0
855 0.0
856 0.0
857 0.0
858 0.0
859 0.0
860 0.0
861 0.0
862 0.0
863 0.0
864 0.0
865 0.0
866 0.0
867 0.0
868 0.0
869 0.0
870 0.0
871 0.0
872 0.0
873 0.0
874 0.0
875 0.0
876 0.0
877 0.0
878 0.0
879 0.0
880 0.0
881 0.0
882 0.0
883 0.0
884 0.0
885 0.0
886 0.0
887 0.0
888 0.0
889 0.0
890 0.0
891 0.0
892 0.0
893 0.0
894 0.0
895 0.0
896 0.0
897 0.0
898 0.0
899 0.0
900 0.0
901 0.0
902 0.0
903 0.0
904 0.0
905 0.0
906 0.0
907 0.0
908 0.0
909 0.0
910 0.0
911 0.0
912 0.0
913 0.0
914 0.0
915 0.0
916 0.0
917 0.0
918 0.0
919 0.0
920 0.0
921 0.0
922 0.0
923 0.0
924 0.0
925 0.0
926 0.0
927 0.0
928 0.0
929 0.0
930 0.0
931 0.0
932 0.0
933 0.0
934 0.0
935 0.0
936 0.0
937 0.0
938 0.0
939 0.0
940 0.0
941 0.0
942 0.0
943 0.0
944 0.0
945 0.0
946 0.0
947 0.0
948 0.0
949 0.0
950 0.0
951 0.0
952 0.0
953 0.0
954 0.0
955 0.0
956 0.0
957 0.0
958 0.0
959 0.0
960 0.0
961 0.0
962 0.0
963 0.0
964 0.0
965 0.0
966 0.0
967 0.0
968 0.0
969 0.0
970 0.0
971 0.0
972 0.0
973 0.0
974 0.0
975 0.0
976 0.0
977 0.0
978 0.0
979 0.0
980 0.0
981 0.0
982 0.0
983 0.0
984 0.0
985 0.0
986 0.0
987 0.0
988 0.0
989 0.0
990 0.0
991 0.0
992 0.0
993 0.0
994 0.0
995 0.0
996 0.0
997 0.0
998 0.0
999 0.0
1000 0.0
1001 0.0
1002 0.0
1003 0.0
1004 0.0
1005 0.0
1006 0.0
1007 0.0
1008 0.0
1009 0.0
1010 0.0
1011 0.0
1012 0.0
1013 0.0
1014 0.0
1015 0.0
1016 0.0
1017 0.0
1018 0.0
1019 0.0
1020 0.0
1021 0.0
1022 0.0
1023 0.0
