0.000184847030738
0 -5.04612049858e-05
1 1.73428004903e-05
2 -0.000119156289697
3 -9.58749585222e-05
4 -3.81352229625e-05
5 4.09185341711e-05
6 1.25567003528e-05
7 5.05997055438e-05
8 -4.35159172692e-05
9 4.5036357521e-06
10 -1.83378343458e-06
11 3.98491155108e-05
12 2.5727974383e-05
13 2.15429950291e-05
14 4.36586570387e-05
15 3.41373894674e-05
16 1.84235658121e-05
17 5.13617903661e-05
18 2.71445134053e-05
19 1.90051375485e-05
20 -4.4902914402e-06
21 -4.67573522793e-06
22 3.33575746238e-05
23 1.52161396913e-05
24 -1.12592475678e-05
25 3.27513807557e-05
26 4.58807197581e-06
27 7.4904853598e-07
28 1.90115972619e-05
29 4.67013548961e-06
30 -2.99696033e-05
31 -5.82741482653e-05
32 -1.99902644025e-05
33 -1.29773812548e-05
34 -2.39238573843e-05
35 -3.31955922651e-05
36 1.93080670102e-05
37 9.20472542085e-07
38 -3.45724714435e-05
39 -1.59882651445e-07
40 2.58771545486e-05
41 1.83525866711e-05
42 -0.000104197117587
43 -6.5899012661e-06
44 -2.36663761025e-05
45 -6.62214041016e-05
46 -1.51164890641e-05
47 -6.9494821367e-05
48 -5.07686934136e-05
49 -0.000105338731758
50 3.95449142004e-05
51 8.33491842103e-05
52 0.000123277926931
53 3.05605367443e-05
54 3.69207088655e-05
55 0.000124582803765
56 -4.27421271168e-05
57 0.000134690915576
58 0.000132828116869
59 9.73374201536e-05
60 0.000193891688041
61 9.1007092761e-05
62 1.41037691876e-05
63 -4.69607979855e-06
64 -2.50722685009e-05
65 0.000101042357769
66 7.43414203518e-05
67 -6.78237458297e-05
68 6.1557547316e-05
69 1.05090915954e-06
70 4.41573302301e-05
71 0.000103842908989
72 5.16426522924e-05
73 -8.46002529187e-06
74 -0.000187606923951
75 0.000160663325471
76 0.000244408647183
77 5.437369362e-05
78 4.54101885165e-06
79 4.35572796333e-05
80 -4.47690084044e-05
81 -3.96621174447e-05
82 -0.000188405605806
83 -0.000219100393538
84 -3.74553611716e-05
85 -6.88217568339e-06
86 3.19103506251e-05
87 4.20512023726e-05
88 -1.00619298249e-05
89 -0.000244362328877
90 -0.000121838139705
91 -0.000154859837542
92 3.94739443128e-05
93 0.000436079598474
94 0.00023649950804
95 0.000336436968626
96 0.000223629626059
97 6.99242027413e-05
98 0.000245525728614
99 0.000306201767522
100 0.000190967369715
101 -1.72455244326e-05
102 0.000156116043604
103 0.000222357989597
104 0.00043370639573
105 0.000138809297147
106 0.000346766650797
107 0.000583548179109
108 0.000201964801791
109 0.000197602314894
110 0.000365990226637
111 0.000253553594104
112 0.000219757508425
113 0.000361659008303
114 0.000452752931708
115 0.000416651907206
116 0.000368541614899
117 0.000600069459819
118 0.000348824357838
119 0.000561767319378
120 0.000373257169746
121 -3.47140610844e-06
122 0.000379878559266
123 0.000530670015778
124 0.000425617047917
125 0.000269361724881
126 0.00025515658035
127 0.000265567656863
128 0.000351345369491
129 0.000246825430888
130 0.000257305137162
131 0.000533107948607
132 0.000411897786473
133 0.000258527392708
134 0.000631128258405
135 0.000440020881774
136 0.000485775345343
137 6.32627094768e-05
138 5.82607913613e-05
139 -6.40626159974e-05
140 0.00021764048581
141 0.000264225080356
142 0.000257146360608
143 0.000226142057595
144 5.10168705668e-05
145 -3.35411784378e-05
146 0.000446560985684
147 0.000196479113026
148 0.000118739685269
149 0.000129693929414
150 2.36165427589e-05
151 -7.46250780397e-06
152 5.69563218751e-05
153 0.000274051655527
154 0.000219527456871
155 -9.18373107078e-05
156 -0.00022805594826
157 0.00012755275192
158 0.000200186349133
159 8.77342580729e-05
160 3.1053515408e-05
161 3.47084951144e-05
162 2.28794006558e-06
163 9.28120752593e-05
164 0.000130034540503
165 -3.43644068478e-06
166 4.05944003526e-05
167 -0.000193179189656
168 0.000219342329132
169 -0.000318749300261
170 -0.000164950542495
171 0.00018981327587
172 -0.000169106203347
173 -0.000125167564147
174 -3.2117326811e-05
175 -7.15185610727e-05
176 -1.81462542212e-05
177 -0.000134323985752
178 0.000119125302932
179 0.000109269425822
180 -0.000190551615468
181 -0.000475173033801
182 -0.000119501410663
183 -0.000525171966908
184 -0.000276033237206
185 -7.40574481018e-05
186 -0.000138842232613
187 -0.000465253599194
188 -0.000234233009657
189 -6.15663921197e-05
190 -2.17379154423e-05
191 -0.000105218529438
192 -3.28637748326e-06
193 0.000169603813726
194 2.20567205514e-06
195 -0.000446507782461
196 2.27254397278e-05
197 3.18310898835e-05
198 0.000265936009767
199 1.76444425051e-05
200 -3.49372123654e-05
201 -1.53612983885e-05
202 -6.60751984352e-05
203 -0.000293683109299
204 -0.00010796715131
205 2.26861336652e-05
206 0.000168962594947
207 -9.5027259362e-05
208 -0.000166652802174
209 -0.000121456429563
210 6.8678516765e-05
211 -0.000144101013415
212 -2.00194537212e-05
213 1.14236131068e-05
214 -0.000358759977994
215 -0.000294542504631
216 -9.11139871602e-05
217 5.38881094263e-05
218 -8.23894670269e-05
219 2.40078358345e-05
220 -3.85810891396e-05
221 -0.000208712256206
222 -6.77410469954e-05
223 -3.16394138205e-05
224 -0.000115325726947
225 -6.93121593193e-05
226 0.000338447139228
227 0.000210110047573
228 -0.000200168623722
229 -0.000712047666751
230 2.80812149721e-06
231 -0.000693112137922
232 -0.00041250539993
233 0.000372894281471
234 -9.42093796054e-05
235 -0.000131407070342
236 -0.000166300063073
237 0.000447696677371
238 -2.43238147868e-05
239 0.00014086717045
240 0.000204243914695
241 0.000224598113086
242 9.59095759495e-05
243 -0.00020458703502
244 -0.000127206122157
245 7.31856440619e-07
246 -6.50782403129e-05
247 -0.000118501916152
248 -8.20600123629e-05
249 -7.77159062515e-05
250 2.2131676518e-05
251 -0.000103727799243
252 -0.000101554858833
253 -0.000143828897777
254 -6.34667801993e-05
255 9.74421922869e-05
256 -0.00011720852744
257 4.26574050147e-05
258 -0.000114128214388
259 -9.42006571804e-05
260 -2.91590328987e-05
261 -0.000127565123536
262 -3.21176762737e-05
263 -3.76654637403e-05
264 -0.000114914823402
265 -8.61704634769e-05
266 -0.000122191622008
267 5.00912678657e-05
268 -7.07520442681e-05
269 -0.000106633021509
270 1.65837614919e-05
271 0.000161242244633
272 0.000102442864346
273 0.00020625433805
274 5.26906968707e-06
275 0.000302224625345
276 -0.000189073183477
277 8.56517196293e-05
278 -1.68262396048e-05
279 0.00024644959535
280 0.000178052407499
281 -0.000316870613745
282 3.03644996437e-05
283 -0.000290761837071
284 -2.44348934666e-05
285 0.000113027754924
286 5.33787411657e-05
287 -3.10982685643e-05
288 -4.4218650382e-05
289 -0.000239045629477
290 -0.000111440210435
291 -0.000171830843221
292 -1.75991391179e-05
293 -0.000143605905676
294 -6.810285658e-05
295 -0.000116351583342
296 -0.000138943607762
297 -0.000247364524493
298 -0.000164596367028
299 8.65727527031e-05
300 -2.7469344547e-05
301 -0.000157970544804
302 -9.53518613317e-05
303 -0.000161294764738
304 -0.000190001254936
305 1.39264077559e-06
306 3.31166785487e-05
307 -0.000112087157354
308 -0.000107052378413
309 -0.000111254245002
310 0.00016169663328
311 4.47157061802e-05
312 -6.17945535341e-05
313 1.64497304775e-05
314 0.00013845955629
315 0.000113385303301
316 -0.000112439226523
317 -0.000119428434117
318 4.12847921276e-05
319 2.1881921713e-05
320 -1.18266430013e-05
321 -0.000150292803112
322 -1.85011656889e-05
323 4.01704459382e-05
324 -2.48609344063e-07
325 -0.000106393078859
326 -0.000402740516917
327 -1.94073627079e-05
328 -0.000197457774618
329 -0.000182631725973
330 -0.000211200520128
331 -0.000142077973707
332 -0.000187410364306
333 4.70866556936e-05
334 -5.26285881227e-05
335 -0.000161094503698
336 -6.60888841328e-05
337 -0.000121002867754
338 6.29303910598e-05
339 -0.000141481565049
340 -0.000129657656392
341 -0.000121255610787
342 -5.2974885361e-05
343 -5.7788756672e-05
344 -0.00010483514252
345 -0.000109649851595
346 5.42275532501e-06
347 -3.09398187614e-05
348 2.69286226985e-05
349 2.45257655168e-05
350 5.2150807742e-06
351 8.38399266969e-05
352 -0.000129592634807
353 -4.51936960573e-05
354 0.000117955531974
355 -0.000115383683805
356 -0.000224849195189
357 -0.000110675739193
358 7.51836789645e-05
359 -2.70295180852e-06
360 -2.99990510885e-05
361 -0.000131200542162
362 -0.000113025556632
363 -5.91896303999e-05
364 -3.82414165302e-05
365 2.2034775508e-06
366 -5.11356819945e-06
367 -0.000112241445565
368 -6.28662131761e-05
369 -3.53870113757e-05
370 3.21077284902e-05
371 3.65984257001e-05
372 5.79053960356e-05
373 -4.84303992368e-05
374 -6.94477135367e-05
375 -3.99110405295e-05
376 5.76675791214e-05
377 0.000124439336142
378 0.00012830562195
379 5.16919548856e-06
380 5.87178419287e-05
381 0.000143139396783
382 9.48540321276e-05
383 3.38630774059e-05
384 0.000120457766844
385 7.77565393e-05
386 -3.70806051429e-05
387 3.24021888595e-05
388 0.000127914340248
389 0.00010547852448
390 7.51952504878e-05
391 -4.92423006092e-05
392 0.000109797277101
393 6.27740595047e-05
394 4.05561417994e-05
395 8.04594066882e-05
396 9.57942867281e-05
397 -7.12180121425e-06
398 6.10567931353e-05
399 7.14389195849e-05
400 3.51831682853e-05
401 2.92494329097e-05
402 3.80569738719e-05
403 1.08042409496e-05
404 -2.28587840972e-05
405 7.72544861657e-05
406 7.16118873855e-05
407 -1.66449825531e-05
408 4.63789654726e-05
409 4.60307823868e-05
410 -9.55582850192e-06
411 -3.82309309039e-05
412 -3.02788492613e-05
413 -1.05131228553e-05
414 4.11748983762e-05
415 -2.98825662087e-05
416 1.39687750935e-05
417 6.20323467582e-05
418 2.25116386937e-05
419 9.49676105371e-05
420 -4.65671682276e-05
421 -5.43844648533e-05
422 -3.73563610151e-05
423 -2.43296513183e-05
424 -1.08306384429e-05
425 -5.42043442322e-05
426 3.00262481941e-05
427 1.05915372249e-05
428 -1.65657325874e-05
429 -4.82552400181e-05
430 -4.9649666699e-05
431 -7.34964729569e-06
432 7.23737201503e-07
433 -2.38588497572e-06
434 -5.46352528386e-06
435 2.60470168501e-05
436 6.16578793779e-05
437 -5.56332801418e-06
438 -4.01218693556e-05
439 -2.45743273169e-05
440 -3.89967468871e-06
441 1.74467930953e-06
442 7.23836077572e-06
443 -3.74240030118e-06
444 -3.22874974354e-08
445 -1.00035895085e-05
446 -1.32614489171e-05
447 2.65095268143e-05
448 4.12387350143e-07
449 -1.16043621008e-05
450 3.29904799538e-06
451 8.00196478563e-06
452 1.6616893362e-05
453 1.76373191047e-05
454 1.39562670061e-05
455 1.85829185612e-05
456 -5.32067141535e-06
457 1.1350541511e-05
458 7.20512547285e-06
459 8.28966728893e-06
460 -2.44504841359e-06
461 3.62152545393e-06
462 -1.9211212876e-06
463 -6.18350730153e-06
464 -1.66134106211e-05
465 -6.66796739738e-06
466 1.03556287002e-06
467 8.10393265816e-07
468 4.60850171736e-06
469 -8.30382311409e-07
470 -9.65051754787e-06
471 1.69084615891e-06
472 7.51281764456e-07
473 -1.40426900587e-06
474 -3.51288892368e-06
475 -9.29822282718e-07
476 2.5812357441e-07
477 -1.65240412665e-06
478 -2.50341226942e-06
479 -1.58663162039e-06
480 -2.91652239656e-06
481 -4.47195148922e-06
482 -2.43944222526e-06
483 1.16428778934e-06
484 2.00946284686e-06
485 1.03694746709e-06
486 1.20153095936e-06
487 2.33142374194e-06
488 -7.77122574747e-07
489 1.56499613453e-06
490 2.4809834007e-06
491 -2.23269436463e-07
492 4.47138155243e-07
493 1.29881726374e-06
494 8.1660021593e-07
495 2.3145945007e-06
496 2.19674790273e-07
497 5.29487833923e-07
498 1.607738656e-06
499 8.60420716678e-07
500 9.3794623956e-07
501 7.1368915149e-07
502 4.87271678145e-07
503 -7.21712210878e-08
504 -8.61328465894e-07
505 1.2060123564e-06
506 7.27508796417e-08
507 5.49713671393e-07
508 -3.6972504914e-07
509 -1.33929215699e-06
510 -7.46545692286e-07
511 2.10565874605e-07
512 0.0
513 5.32085512607e-08
514 -7.31147023665e-07
515 -8.82449479192e-07
516 -4.68012103301e-07
517 6.2773668711e-07
518 2.31164588506e-07
519 1.08682945751e-06
520 -1.06825378817e-06
521 1.24382641965e-07
522 -5.6277725683e-08
523 1.34532559225e-06
524 9.47621091497e-07
525 8.59667886881e-07
526 1.87636585404e-06
527 1.57208671739e-06
528 9.05094349397e-07
529 2.68122486323e-06
530 1.50053523705e-06
531 1.10908825604e-06
532 -2.75866172813e-07
533 -3.01659523732e-07
534 2.25490649495e-06
535 1.07547960628e-06
536 -8.30538559926e-07
537 2.51693852041e-06
538 3.66750097801e-07
539 6.21877331845e-08
540 1.63718345045e-06
541 4.16607900057e-07
542 -2.7661776944e-06
543 -5.55903567886e-06
544 -1.96886681818e-06
545 -1.31838057957e-06
546 -2.504598069e-06
547 -3.57825993627e-06
548 2.14121987678e-06
549 1.04942614706e-07
550 -4.04889829268e-06
551 -1.9218774484e-08
552 3.19164372949e-06
553 2.32075670134e-06
554 -1.35010601691e-05
555 -8.74436553811e-07
556 -3.21428340938e-06
557 -9.20094898386e-06
558 -2.14761936381e-06
559 -1.00907855176e-05
560 -7.53082320762e-06
561 -1.59559632571e-05
562 6.11415066116e-06
563 1.31487970793e-05
564 1.98355894018e-05
565 5.01346381706e-06
566 6.17323618318e-06
567 2.12236583119e-05
568 -7.41646303167e-06
569 2.37969809303e-05
570 2.38883345336e-05
571 1.78140013072e-05
572 3.60998030441e-05
573 1.72332435408e-05
574 2.71556365756e-06
575 -9.19137654183e-07
576 -4.98718291007e-06
577 2.04210284614e-05
578 1.52622072628e-05
579 -1.41411260092e-05
580 1.30318340002e-05
581 2.25856489343e-07
582 9.63164618369e-06
583 2.29842801096e-05
584 1.15967513195e-05
585 -1.92704824233e-06
586 -4.33394100168e-05
587 3.76347093716e-05
588 5.80432553584e-05
589 1.30892655925e-05
590 1.10789857113e-06
591 1.0768623679e-05
592 -1.12140490582e-05
593 -1.00642567219e-05
594 -4.84236321268e-05
595 -5.70299040042e-05
596 -9.87209986023e-06
597 -1.83652017985e-06
598 8.62034093087e-06
599 1.14983522683e-05
600 -2.78450768773e-06
601 -6.8431964179e-05
602 -3.45233723689e-05
603 -4.43939189661e-05
604 1.14472328181e-05
605 0.000127912427285
606 7.01595881624e-05
607 0.000100930921807
608 6.78372950739e-05
609 2.14457538622e-05
610 7.61276582787e-05
611 9.59715761688e-05
612 6.04981784059e-05
613 -5.52162932923e-06
614 5.05134528678e-05
615 7.2701286308e-05
616 0.00014327724302
617 4.6329214855e-05
618 0.000116920989121
619 0.000198753676233
620 6.948045152e-05
621 6.86583589483e-05
622 0.000128425726317
623 8.98464058848e-05
624 7.86304908412e-05
625 0.000130656650932
626 0.000165138236258
627 0.000153420619163
628 0.000136990759076
629 0.000225149832407
630 0.000132103342648
631 0.000214719977642
632 0.000143981180713
633 -1.35131864498e-06
634 0.000149219453351
635 0.000210333153649
636 0.000170207739297
637 0.000108679695902
638 0.000103859700095
639 0.000109048392453
640 0.000145532017076
641 0.000103126747647
642 0.000108433708386
643 0.000226591220621
644 0.000176566212061
645 0.000111761809993
646 0.000275138955786
647 0.00019343481051
648 0.000215329398448
649 2.82749707244e-05
650 2.62541262084e-05
651 -2.91053904498e-05
652 9.96866791428e-05
653 0.000122006072328
654 0.000119695948229
655 0.000106109456225
656 2.41291890779e-05
657 -1.59899049128e-05
658 0.000214570416956
659 9.51503368912e-05
660 5.79533046518e-05
661 6.37931642832e-05
662 1.1706497143e-05
663 -3.72765429254e-06
664 2.86694008255e-05
665 0.000139001452545
666 0.000112194377981
667 -4.72914002048e-05
668 -0.000118323459231
669 6.66763199042e-05
670 0.000105427712835
671 4.65494321042e-05
672 1.65984496046e-05
673 1.8689209591e-05
674 1.24103565101e-06
675 5.07128359236e-05
676 7.15702407727e-05
677 -1.90515352499e-06
678 2.26685568876e-05
679 -0.000108653161849
680 0.000124255896013
681 -0.000181863236476
682 -9.47849418437e-05
683 0.000109847709148
684 -9.85580236497e-05
685 -7.34652010916e-05
686 -1.89834998849e-05
687 -4.25688811854e-05
688 -1.08764443367e-05
689 -8.10718844133e-05
690 7.23981792707e-05
691 6.68682035817e-05
692 -0.000117414460913
693 -0.000294808175306
694 -7.46501069186e-05
695 -0.000330308547263
696 -0.000174796123687
697 -4.72152895218e-05
698 -8.91190898448e-05
699 -0.000300653194139
700 -0.000152385287628
701 -4.03226992203e-05
702 -1.43326634023e-05
703 -6.98387994807e-05
704 -2.19587979442e-06
705 0.000114079841342
706 1.49343392296e-06
707 -0.000304328303669
708 1.55913971306e-05
709 2.19825072593e-05
710 0.000184862608871
711 1.23458096696e-05
712 -2.46055546877e-05
713 -1.08893084329e-05
714 -4.7144567551e-05
715 -0.000210905232315
716 -7.80385735336e-05
717 1.65037158563e-05
718 0.000123711464625
719 -7.00261397364e-05
720 -0.000123598160314
721 -9.06571256026e-05
722 5.15916529028e-05
723 -0.000108942585085
724 -1.52317560628e-05
725 8.7470995594e-06
726 -0.000276453861994
727 -0.000228412697172
728 -7.11060545135e-05
729 4.23213579365e-05
730 -6.51147220312e-05
731 1.90940298577e-05
732 -3.08782030459e-05
733 -0.000168094971305
734 -5.49015090961e-05
735 -2.58037572865e-05
736 -9.46453778154e-05
737 -5.72397859507e-05
738 0.000281249378059
739 0.000175693879501
740 -0.000168427062933
741 -0.000602876188002
742 2.39241529168e-06
743 -0.000594183725459
744 -0.000355829605519
745 0.000323661400293
746 -8.22791384867e-05
747 -0.00011547886776
748 -0.000147049031687
749 0.000398325064859
750 -2.17754748616e-05
751 0.000126889548309
752 0.000185115894185
753 0.000204822460977
754 8.80053019965e-05
755 -0.000188885643108
756 -0.000118168450015
757 6.84054467616e-07
758 -6.12027727564e-05
759 -0.000112132114455
760 -7.81276288856e-05
761 -7.44475682279e-05
762 2.13315249737e-05
763 -0.000100593315938
764 -9.90924133599e-05
765 -0.00014120540224
766 -6.26926667937e-05
767 9.68461141796e-05
768 -0.00011720852744
769 4.29199486598e-05
770 -0.000115537434341
771 -9.59508321695e-05
772 -2.98836392139e-05
773 -0.000131540051804
774 -3.33224136273e-05
775 -3.93190106702e-05
776 -0.000120698814817
777 -9.10654981078e-05
778 -0.000129929017304
779 5.3591648363e-05
780 -7.61632597294e-05
781 -0.000115497052339
782 1.8073244585e-05
783 0.000176810218304
784 0.000113028283169
785 0.000228974451738
786 5.88569980618e-06
787 0.000339684773336
788 -0.000213825823331
789 9.74658170254e-05
790 -1.92660009554e-05
791 0.000283937616931
792 0.000206412221047
793 -0.000369627876501
794 3.5640730907e-05
795 -0.000343414273259
796 -2.90398769169e-05
797 0.000135168438627
798 6.42343907167e-05
799 -3.76571626919e-05
800 -5.38805817865e-05
801 -0.000293107058692
802 -0.000137502147737
803 -0.000213350841263
804 -2.19894264597e-05
805 -0.00018056263308
806 -8.6170327076e-05
807 -0.000148151408016
808 -0.000178039779997
809 -0.000318981246851
810 -0.000213600152273
811 0.00011306302469
812 -3.61035910728e-05
813 -0.000208951476973
814 -0.000126931856324
815 -0.000216092071879
816 -0.000256187041961
817 1.88984463021e-06
818 4.52300776297e-05
819 -0.000154075854194
820 -0.000148108045525
821 -0.000154920267998
822 0.000226624955463
823 6.30794470342e-05
824 -8.77415144028e-05
825 2.3509717217e-05
826 0.000199182416193
827 0.000164184072317
828 -0.000163887163807
829 -0.000175224341099
830 6.09738116929e-05
831 3.25321004752e-05
832 -1.76998233134e-05
833 -0.000226429820258
834 -2.80601589614e-05
835 6.13339152671e-05
836 -3.82143358353e-07
837 -0.000164640738241
838 -0.000627445733692
839 -3.04405472485e-05
840 -0.000311819916441
841 -0.00029037415346
842 -0.000338094050804
843 -0.000229001873683
844 -0.000304147772103
845 7.6944379848e-05
846 -8.6596059352e-05
847 -0.000266909517734
848 -0.000110262628434
849 -0.000203292908257
850 0.000106469114783
851 -0.000241051593478
852 -0.000222467044717
853 -0.000209525738849
854 -9.21901225527e-05
855 -0.000101285607915
856 -0.000185059905828
857 -0.000194951270334
858 9.71095223333e-06
859 -5.58079416076e-05
860 4.89260664419e-05
861 4.48858165651e-05
862 9.61436601226e-06
863 0.000155702555836
864 -0.000242450784942
865 -8.51790274147e-05
866 0.000223974199354
867 -0.000220730609338
868 -0.000433373036659
869 -0.000214926206533
870 0.000147109706719
871 -5.32905945594e-06
872 -5.95978712501e-05
873 -0.00026265412489
874 -0.000228016312229
875 -0.000120334765301
876 -7.83522700124e-05
877 4.55004895097e-06
878 -1.0642279961e-05
879 -0.000235443007189
880 -0.000132919430191
881 -7.54173371606e-05
882 6.89779717622e-05
883 7.92601828995e-05
884 0.00012642170813
885 -0.000106598041675
886 -0.000154112091837
887 -8.92973564568e-05
888 0.000130095960098
889 0.000283071632779
890 0.000294314203907
891 1.19573719262e-05
892 0.000136978343053
893 0.000336768346767
894 0.000225081575651
895 8.10485144091e-05
896 0.000290810760754
897 0.000189361990085
898 -9.10974954913e-05
899 8.03085518844e-05
900 0.000319859240935
901 0.000266122030143
902 0.000191429874386
903 -0.000126498712402
904 0.000284638732781
905 0.000164234442281
906 0.000107090167458
907 0.000214440463372
908 0.000257712127743
909 -1.93410202784e-05
910 0.000167396955365
911 0.000197743696218
912 9.83303872773e-05
913 8.25442117254e-05
914 0.000108455525078
915 3.10951578371e-05
916 -6.64456024584e-05
917 0.000226822019311
918 0.000212387987553
919 -4.98708713257e-05
920 0.000140391123807
921 0.000140785850325
922 -2.95331119032e-05
923 -0.000119405358353
924 -9.55776279618e-05
925 -3.35426044552e-05
926 0.000132796619746
927 -9.74325390611e-05
928 4.6048870385e-05
929 0.000206774822389
930 7.58840019104e-05
931 0.000323763996805
932 -0.000160579380321
933 -0.000189709970873
934 -0.000131836162143
935 -8.68782525316e-05
936 -3.9136870266e-05
937 -0.000198233266245
938 0.000111149622681
939 3.96904844962e-05
940 -6.285145231e-05
941 -0.000185389393184
942 -0.000193175859801
943 -2.8964157332e-05
944 2.88931337612e-06
945 -9.6505069107e-06
946 -2.23936860544e-05
947 0.000108201074101
948 0.000259629124436
949 -2.37499933099e-05
950 -0.000173678884959
951 -0.000107885097917
952 -1.73660792651e-05
953 7.88245416757e-06
954 3.31850898814e-05
955 -1.74138666837e-05
956 -1.52519069704e-07
957 -4.79792580312e-05
958 -6.45958133544e-05
959 0.000131167979566
960 2.07322050117e-06
961 -5.92891450601e-05
962 1.71342245455e-05
963 4.22575817332e-05
964 8.92491347574e-05
965 9.63720048922e-05
966 7.76020835767e-05
967 0.000105179272869
968 -3.06637742088e-05
969 6.66276165082e-05
970 4.30922252694e-05
971 5.05312440949e-05
972 -1.5195937892e-05
973 2.29565316183e-05
974 -1.24253286707e-05
975 -4.08224602973e-05
976 -0.000111998510803
977 -4.59220410084e-05
978 7.28909668981e-06
979 5.83260118164e-06
980 3.39319000883e-05
981 -6.25792267475e-06
982 -7.4479837813e-05
983 1.33712140483e-05
984 6.09120294553e-06
985 -1.16803948581e-05
986 -2.99955256547e-05
987 -8.15595668051e-06
988 2.32758541214e-06
989 -1.53293676226e-05
990 -2.39124156739e-05
991 -1.56179720365e-05
992 -2.96120099724e-05
993 -4.68784550527e-05
994 -2.64295764956e-05
995 1.30515903573e-05
996 2.33346583032e-05
997 1.24895819454e-05
998 1.50310618347e-05
999 3.03373553983e-05
1000 -1.05353260263e-05
1001 2.21416972734e-05
1002 3.67021746972e-05
1003 -3.460634307e-06
1004 7.27810619838e-06
1005 2.22561308685e-05
1006 1.47723146726e-05
1007 4.43387131035e-05
1008 4.47163406562e-06
1009 1.14975357628e-05
1010 3.74085112378e-05
1011 2.15618699838e-05
1012 2.54653850203e-05
1013 2.11398812302e-05
1014 1.5877707522e-05
1015 -2.6132665781e-06
1016 -3.50867170842e-05
1017 5.61482602953e-05
1018 3.95200052459e-06
1019 3.58329018349e-05
1020 -3.012698688e-05
1021 -0.000145510083857
1022 -0.000121667129978
1023 6.86317395491e-05
