4.37338680689e-05
0 -2.35539504877e-05
1 5.95308811202e-05
2 -9.48252363767e-05
3 -4.69584164815e-05
4 -2.82440831637e-05
5 8.72559537064e-07
6 5.59255641556e-06
7 7.24599060321e-06
8 -1.95124883949e-05
9 1.26975520929e-05
10 -8.65808081191e-06
11 3.76550933937e-05
12 1.62903307227e-05
13 3.27823699547e-05
14 4.73311448139e-05
15 1.29325663909e-05
16 1.33638325753e-05
17 3.11679733538e-05
18 2.59124183131e-05
19 2.86860898214e-05
20 -6.88074225051e-07
21 2.31417846036e-06
22 3.78580942826e-05
23 1.99968012382e-05
24 -5.52998671816e-07
25 2.99749453837e-05
26 1.28829847268e-05
27 7.16829689988e-07
28 1.27682374649e-05
29 8.54144067007e-06
30 -3.41116640636e-05
31 -6.14943645603e-05
32 -2.40359999069e-05
33 -2.04130764077e-05
34 -1.69350188108e-05
35 -2.08635630474e-05
36 -1.98709753874e-07
37 5.46002391634e-07
38 -3.99421546868e-05
39 1.47932298868e-06
40 -1.07373376423e-05
41 -7.07150930067e-06
42 -0.000112420236732
43 5.63893064875e-06
44 -5.36337334237e-05
45 -4.0014614691e-05
46 -6.90973745751e-05
47 -9.72415901048e-05
48 -9.06978220493e-05
49 -5.22127440102e-05
50 4.83272353146e-06
51 5.32530660546e-05
52 3.46620302564e-05
53 3.20954963993e-05
54 3.32687569139e-05
55 4.8315304435e-05
56 -2.24568466243e-05
57 0.000112499573955
58 1.09657506974e-05
59 1.9185611262e-05
60 0.000169065107972
61 8.93308807518e-05
62 1.34188817448e-05
63 -1.5217000216e-05
64 -8.51473239598e-05
65 8.17903980811e-05
66 3.81412976112e-05
67 3.33273348783e-05
68 -3.9752826141e-05
69 2.34869397754e-05
70 5.89711882505e-05
71 0.000127133110991
72 8.38624640529e-05
73 1.6429131614e-05
74 -0.000218051222032
75 -7.16164427812e-05
76 0.00023959247734
77 7.58306766807e-05
78 -1.41970897335e-05
79 0.000115549172506
80 1.64434438088e-05
81 -9.05329372472e-06
82 -0.000132659079387
83 -0.000136312909757
84 -6.62665582085e-05
85 3.94707394323e-05
86 7.03012665731e-06
87 -2.53729022182e-05
88 -7.33357612742e-05
89 -0.000209112735559
90 -0.000115673105181
91 -8.9832121383e-05
92 -2.79228869659e-06
93 0.000195005476601
94 0.000253113149007
95 0.000155386126595
96 0.00014257074014
97 -1.86217528217e-05
98 4.33161841362e-05
99 -2.70491036727e-05
100 -7.40538458923e-05
101 -7.81117728007e-05
102 -6.03175598144e-05
103 0.000121523821688
104 0.000170860676875
105 0.000148149441653
106 0.000506844118766
107 0.000514767866728
108 0.000130097626431
109 0.000129231646174
110 0.000152579570892
111 0.000177549942912
112 0.000197180794858
113 0.000178591889741
114 0.000206503083493
115 8.61143380557e-05
116 0.000155543762555
117 0.000359971804412
118 9.52559043804e-05
119 0.000314707429415
120 0.000194539306409
121 -2.07269522691e-05
122 0.000196004721182
123 0.000268929287323
124 0.000186469791753
125 4.6859478997e-05
126 0.000127485637799
127 7.08893077828e-05
128 4.14602985453e-05
129 -7.61653554957e-05
130 -6.62094947307e-05
131 0.000328297119735
132 7.08392985636e-05
133 -7.70970376023e-06
134 0.000175279481866
135 0.000114735324834
136 4.22600766151e-05
137 -4.75263267029e-05
138 -0.000104571501065
139 -0.000328036973454
140 -5.47440826377e-05
141 -9.58515187987e-05
142 -5.31018357689e-05
143 5.45492235109e-05
144 -8.86923766626e-05
145 -0.000182146171405
146 0.00011936100317
147 1.88916452433e-05
148 -0.000240959959981
149 -2.35809185081e-05
150 -5.08021709475e-05
151 -8.0632701674e-05
152 -4.62641310173e-05
153 -4.42566365558e-05
154 7.71371157995e-06
155 -0.000149257885389
156 -0.00022213422873
157 4.37058923331e-05
158 1.12806676532e-05
159 -0.00012217755554
160 -0.000256845702361
161 -0.000131724650636
162 -0.000302368045388
163 -0.000127678393955
164 -0.000120222312946
165 -0.00013207166739
166 -0.000186067876063
167 -0.000353836132942
168 -6.53618676549e-05
169 -0.000234566712852
170 -0.000232770481947
171 -5.45968962523e-06
172 0.000158653126054
173 -0.000464698190206
174 -0.000298332186146
175 -0.000132321200341
176 -0.000251553719344
177 3.90522049404e-05
178 -8.99771622614e-06
179 -6.0897844126e-05
180 -0.000116029424312
181 -0.000356031403409
182 -0.000117658168166
183 -0.000329167395265
184 -0.000180381421664
185 -4.51798356864e-05
186 -4.5690166183e-05
187 -0.000159914546629
188 -5.53909880973e-05
189 -1.43250934413e-05
190 2.08461937277e-05
191 -6.17846381155e-05
192 -0.000206495066525
193 3.57627307422e-05
194 -9.19989821622e-05
195 -0.000404601850235
196 -2.24034011432e-05
197 -5.79532017775e-06
198 1.92037535065e-05
199 -1.74704414429e-05
200 -3.28603618302e-05
201 4.56696109192e-07
202 3.8165617511e-05
203 -0.000280510802248
204 -0.000109407256625
205 -3.6646057827e-05
206 1.01019259021e-05
207 -0.000138605704509
208 -0.000199449805918
209 -0.00018687215868
210 -4.32049463349e-05
211 -0.000114843816412
212 -0.000131014510457
213 -4.64293778267e-05
214 -0.000470288260654
215 -0.000162111587783
216 -5.97098766434e-06
217 -3.85920551528e-05
218 -3.5023030389e-05
219 -7.55746004888e-05
220 1.92804259596e-06
221 -6.16081470524e-05
222 -3.08809534676e-06
223 -0.000190429188419
224 -5.446712843e-05
225 -8.77980472759e-05
226 0.000143244527445
227 -9.68954675047e-05
228 -1.39380440747e-05
229 -0.000291991584626
230 0.000248944275045
231 -0.000260750732126
232 -8.26788418144e-05
233 0.000718388412501
234 3.35491020421e-07
235 3.79633678309e-05
236 -0.000108929742547
237 0.000298934252642
238 0.00020529942799
239 0.000145248966356
240 0.000110002201116
241 0.000285938909252
242 0.000169776667155
243 -6.40391290717e-05
244 1.13471375901e-05
245 8.47230733927e-05
246 -3.54875075729e-05
247 -3.49779866379e-05
248 6.36044523921e-05
249 -4.14164816991e-05
250 -2.14232106568e-05
251 8.51478517433e-06
252 2.79722113534e-05
253 -0.00011392499696
254 -4.08998383913e-05
255 6.48316010284e-05
256 2.43978671287e-05
257 2.23929931775e-06
258 -5.19275470951e-05
259 -5.29299235072e-05
260 0.00010252740933
261 -1.57578384678e-05
262 -6.27050079798e-05
263 -8.48769462903e-05
264 -1.4076268451e-05
265 -1.84487846804e-05
266 -4.0784094484e-05
267 5.90171136036e-05
268 4.98659782668e-05
269 2.64788219037e-05
270 -1.12784594757e-05
271 0.00023247180685
272 7.12272103779e-06
273 0.000197335385098
274 9.30025349227e-05
275 0.000221172890027
276 -0.000204963148046
277 8.71947558257e-05
278 3.87103114414e-05
279 0.000518673924324
280 0.000176055645896
281 -0.00010913296731
282 0.000150958987506
283 -0.000190508291116
284 -3.73632563042e-05
285 1.44751476109e-05
286 0.000118544677193
287 -8.01487770345e-05
288 4.29405054627e-05
289 -0.00025055754834
290 8.81592166139e-06
291 -3.39712209943e-05
292 -7.73845612241e-05
293 -4.36491672671e-05
294 -4.99083677189e-05
295 -0.000112536654547
296 -5.11023276099e-06
297 -0.000245813901839
298 -0.000269935037517
299 3.14018246714e-05
300 -4.7113791456e-05
301 -5.44027305808e-05
302 -8.90137337855e-05
303 -0.000217803225517
304 -0.000151327623516
305 -3.04535384856e-05
306 -6.80529883177e-05
307 -6.28824539126e-05
308 -9.39658982937e-05
309 -0.000141699559823
310 0.000123129184859
311 -1.11664438254e-05
312 -2.1527668109e-05
313 -8.6559403651e-05
314 3.18157940799e-05
315 2.98842071183e-05
316 -5.83547646722e-05
317 -0.00019436390466
318 -2.90040545007e-05
319 6.84053613129e-05
320 -3.90073992935e-05
321 -5.78787237384e-05
322 -3.46620943906e-06
323 6.43156541776e-06
324 4.10808036467e-05
325 5.26482062863e-06
326 -0.00015468892713
327 5.06445114913e-05
328 -0.000109391650171
329 -0.000114429164647
330 -0.000121393008368
331 -7.73199419503e-05
332 -6.91408977258e-05
333 0.000105479886115
334 -9.60661758069e-05
335 -3.52905127516e-05
336 -0.000173677130147
337 -0.000125237853243
338 -5.38250753842e-05
339 -0.000257565339593
340 1.78306450169e-05
341 -0.000127605283117
342 -0.000138847988638
343 -6.84487885858e-05
344 -4.57842199778e-05
345 -0.000164493177217
346 -9.07022078108e-05
347 -7.78894064822e-05
348 1.52665314496e-05
349 -6.55001900568e-05
350 -8.91515841081e-05
351 -3.89264596318e-05
352 -0.000148167071237
353 -2.80605025327e-05
354 5.51069067416e-05
355 -0.000107316939978
356 -0.000128633783762
357 -9.87102010028e-05
358 -7.09396807624e-06
359 -5.01236993016e-05
360 -0.000105931840235
361 -6.65425023872e-05
362 -8.46921765292e-05
363 1.44237437468e-05
364 -0.000112089866134
365 1.14412436838e-05
366 -4.24785284768e-05
367 -4.13238860899e-05
368 -4.54335691415e-05
369 -3.604157039e-05
370 -3.76638113222e-05
371 -1.96711532492e-05
372 -5.49091844081e-05
373 -0.000150164255674
374 -4.66224157077e-05
375 -4.41791443662e-05
376 -4.74665249084e-05
377 4.92489067363e-06
378 7.45592542574e-06
379 -3.95727383583e-05
380 -2.85671081103e-05
381 0.000116457179009
382 4.03721235035e-06
383 -7.45357036636e-06
384 4.00550067214e-06
385 1.78371879554e-05
386 3.32970279651e-05
387 7.22432861285e-06
388 6.26592822454e-05
389 3.51160863266e-05
390 4.68324191788e-05
391 -2.25787218245e-05
392 6.87056510394e-05
393 5.70293394285e-05
394 2.23213913473e-05
395 8.53194193979e-05
396 4.5368090872e-05
397 1.2264086865e-06
398 3.90128129667e-05
399 3.48290281759e-05
400 3.65979611722e-05
401 3.10883285915e-05
402 2.33648566942e-05
403 5.62524403594e-05
404 3.47247747114e-05
405 0.00012895216827
406 0.000138490814247
407 3.70858650493e-05
408 2.54562678712e-05
409 4.04983169791e-05
410 -2.99404886734e-05
411 -2.53982179601e-05
412 -1.87378994548e-05
413 -4.0102929519e-05
414 -5.15075794225e-06
415 5.76600156319e-06
416 1.57148874251e-05
417 4.93932027391e-05
418 2.52973504804e-05
419 5.20883657045e-05
420 -1.05550525794e-05
421 -3.34255619474e-05
422 -1.71408736873e-05
423 -3.99464941934e-05
424 -2.33667096179e-05
425 -2.68491053509e-05
426 1.07275028759e-05
427 2.41932651519e-05
428 -6.96641978854e-06
429 -1.58898092975e-05
430 -2.8918324233e-05
431 -8.30720570261e-07
432 1.85255339348e-05
433 1.02788576072e-05
434 -5.73460371639e-06
435 2.85701452882e-05
436 6.00327888476e-05
437 -1.73706660826e-05
438 -2.46850915655e-05
439 -8.6293713789e-07
440 8.18849337991e-06
441 1.53554912527e-05
442 2.26324127076e-05
443 1.43752571471e-05
444 -3.59444185503e-07
445 3.02514728272e-06
446 7.32264194721e-06
447 2.91528892131e-05
448 -7.79834239444e-06
449 -7.12133446478e-06
450 3.48876854639e-06
451 1.62049544057e-05
452 2.23335464457e-05
453 8.97855370427e-06
454 -2.89715407828e-06
455 1.75297594551e-05
456 -2.88256501923e-06
457 5.02439314527e-06
458 1.13958091204e-05
459 4.5440532868e-06
460 3.72034369454e-06
461 6.0876279343e-06
462 4.66271563158e-06
463 1.36798102757e-06
464 -6.51267361888e-06
465 -9.8529096323e-06
466 -4.37707186077e-06
467 2.04628257457e-06
468 -9.14930606837e-07
469 4.05070698458e-07
470 -1.04659829851e-05
471 2.09851106016e-06
472 -1.82076855287e-06
473 -6.49497631521e-07
474 -4.55992963604e-06
475 -6.5434075455e-07
476 -7.06480849774e-07
477 7.51588785165e-07
478 -1.8485768098e-06
479 -2.14112693782e-06
480 -3.69769876748e-06
481 -5.12196889512e-06
482 -2.0700851772e-06
483 1.13377818259e-06
484 2.15905564014e-06
485 5.98875122778e-07
486 2.06634458256e-06
487 2.49843486905e-06
488 2.15885012394e-07
489 1.15533719885e-06
490 2.87858093908e-06
491 6.99689966179e-07
492 -2.76674093168e-08
493 1.70211266367e-06
494 9.11347116323e-07
495 1.54058943791e-06
496 2.99655868139e-08
497 3.12103863893e-07
498 1.65986576524e-06
499 1.39299689079e-06
500 5.97293955026e-07
501 8.06506949464e-07
502 3.26151920138e-08
503 2.60490490235e-08
504 -4.97000341924e-07
505 3.45161826172e-07
506 6.17128348866e-08
507 1.64009371116e-08
508 -2.35097321891e-07
509 -8.34025186123e-07
510 -4.57164109366e-07
511 2.04441681904e-07
512 0.0
513 1.82639219089e-07
514 -5.81849160265e-07
515 -4.3221353978e-07
516 -3.46618787561e-07
517 1.3389423912e-08
518 1.02959437576e-07
519 1.55635131913e-07
520 -4.79004385902e-07
521 3.5069231433e-07
522 -2.65710855269e-07
523 1.271255296e-06
524 6.00009188542e-07
525 1.3081712465e-06
526 2.03419605434e-06
527 5.95564469804e-07
528 6.56527234149e-07
529 1.62705100617e-06
530 1.43242497641e-06
531 1.67404199106e-06
532 -4.22747289148e-08
533 1.49304556374e-07
534 2.55913078576e-06
535 1.41337960252e-06
536 -4.07920892721e-08
537 2.30357065623e-06
538 1.0298189891e-06
539 5.95136173023e-08
540 1.09953874303e-06
541 7.6195459511e-07
542 -3.14849237646e-06
543 -5.8662272629e-06
544 -2.36733742878e-06
545 -2.07376743795e-06
546 -1.77293228217e-06
547 -2.24894958864e-06
548 -2.20398222241e-08
549 6.22498283594e-08
550 -4.67776280757e-06
551 1.77856644084e-07
552 -1.32432240311e-06
553 -8.94221613524e-07
554 -1.45665498028e-05
555 7.48243424578e-07
556 -7.28433471703e-06
557 -5.55971860832e-06
558 -9.81671661178e-06
559 -1.41196703424e-05
560 -1.34537485862e-05
561 -7.9088166505e-06
562 7.47201111976e-07
563 8.40096633354e-06
564 5.57716892873e-06
565 5.2652751595e-06
566 5.5626203004e-06
567 8.23089480337e-06
568 -3.89663412755e-06
569 1.98762522633e-05
570 1.97212235692e-06
571 3.51121346605e-06
572 3.14774553362e-05
573 1.69158346179e-05
574 2.5836939513e-06
575 -2.97834541934e-06
576 -1.69368536995e-05
577 1.65301368941e-05
578 7.83036166909e-06
579 6.94869446396e-06
580 -8.41573284454e-06
581 5.04756287824e-06
582 1.2862855604e-05
583 2.81392654872e-05
584 1.88319492734e-05
585 3.74226537687e-06
586 -5.03724037488e-05
587 -1.67758515446e-05
588 5.68994923036e-05
589 1.8254554745e-05
590 -3.46375029582e-06
591 2.85671053989e-05
592 4.11887345364e-06
593 -2.29727170312e-06
594 -3.40957671903e-05
595 -3.54810492803e-05
596 -1.7465854167e-05
597 1.05329095525e-05
598 1.89913366698e-06
599 -6.93790183767e-06
600 -2.02947363261e-05
601 -5.85605590661e-05
602 -3.27764832866e-05
603 -2.5752320661e-05
604 -8.09749384132e-07
605 5.71997010223e-05
606 7.50881636836e-05
607 4.66157600649e-05
608 4.32483550673e-05
609 -5.71129701506e-06
610 1.34306084406e-05
611 -8.47788805428e-06
612 -2.34601503347e-05
613 -2.50096467639e-05
614 -1.9516560587e-05
615 3.9732946547e-05
616 5.64447466673e-05
617 4.94465961783e-05
618 0.000170895084812
619 0.000175327436069
620 4.47565215479e-05
621 4.49024762045e-05
622 5.35400675471e-05
623 6.29146036247e-05
624 7.05524157243e-05
625 6.45199435226e-05
626 7.53204489046e-05
627 3.17092373273e-05
628 5.78172369972e-05
629 0.000135063681202
630 3.6074383948e-05
631 0.000120288186689
632 7.50420914564e-05
633 -8.06840389787e-06
634 7.699228084e-05
635 0.000106591184327
636 7.45707949919e-05
637 1.89064521702e-05
638 5.18921341097e-05
639 2.91088373852e-05
640 1.71734166211e-05
641 -3.18228392629e-05
642 -2.79020437716e-05
643 0.000139538800823
644 3.0366339475e-05
645 -3.33292078841e-06
646 7.64126962211e-05
647 5.04380728383e-05
648 1.87326025429e-05
649 -2.1241667806e-05
650 -4.71231823364e-05
651 -0.000149036142115
652 -2.50746274034e-05
653 -4.42594879388e-05
654 -2.47177316967e-05
655 2.55953631717e-05
656 -4.19483646311e-05
657 -8.68335432269e-05
658 5.73523923889e-05
659 9.14879333899e-06
660 -0.000117605376114
661 -1.15988601598e-05
662 -2.51821673599e-05
663 -4.0277507668e-05
664 -2.32874061055e-05
665 -2.24473591914e-05
666 3.94226000527e-06
667 -7.68599869706e-05
668 -0.000115251064737
669 2.28466135439e-05
670 5.94094041336e-06
671 -6.4824128746e-05
672 -0.000137286887622
673 -7.09287345527e-05
674 -0.000164012340349
675 -6.97639131016e-05
676 -6.61696442033e-05
677 -7.32202901515e-05
678 -0.000103903272904
679 -0.000199014257779
680 -3.70270401768e-05
681 -0.000133832645468
682 -0.000133756068554
683 -3.15960727292e-06
684 9.24658018723e-05
685 -0.000272747549729
686 -0.000176334346374
687 -7.87594888882e-05
688 -0.000150775497338
689 2.35701416696e-05
690 -5.46834106535e-06
691 -3.72668678287e-05
692 -7.1495232832e-05
693 -0.000220889995757
694 -7.34986711338e-05
695 -0.00020703086173
696 -0.00011422527941
697 -2.88043828016e-05
698 -2.93272885084e-05
699 -0.000103338951358
700 -3.60357909295e-05
701 -9.38217302285e-06
702 1.37447165939e-05
703 -4.10095525318e-05
704 -0.000137975587842
705 2.40549240581e-05
706 -6.22916548535e-05
707 -0.000275766292895
708 -1.53704651272e-05
709 -4.00223960894e-06
710 1.33492901321e-05
711 -1.2224062221e-05
712 -2.31428753216e-05
713 3.23734855941e-07
714 2.7231130269e-05
715 -0.000201445688766
716 -7.90794848381e-05
717 -2.66592909567e-05
718 7.3964536833e-06
719 -0.000102139349425
720 -0.000147922066312
721 -0.00013948453131
722 -3.24557733313e-05
723 -8.68236951563e-05
724 -9.96821437104e-05
725 -3.55511396329e-05
726 -0.000362395510887
727 -0.000125714771202
728 -4.65980322335e-06
729 -3.03084969693e-05
730 -2.76796888476e-05
731 -6.01063355623e-05
732 1.54309804378e-06
733 -4.96186444252e-05
734 -2.50277504846e-06
735 -0.000155305936732
736 -4.47000153624e-05
737 -7.25059147135e-05
738 0.000119036120372
739 -8.10239137358e-05
740 -1.17278301718e-05
741 -0.000247223297874
742 0.00021209070383
743 -0.000223533586513
744 -7.13192562038e-05
745 0.000623540265992
746 2.93008121985e-07
747 3.33617177932e-05
748 -9.63199514212e-05
749 0.000265968037029
750 0.000183790711857
751 0.000130836559355
752 9.97001872424e-05
753 0.000260762254978
754 0.000155784721444
755 -5.91243368297e-05
756 1.05409485721e-05
757 7.9189325971e-05
758 -3.33741966444e-05
759 -3.30978244956e-05
760 6.05564766987e-05
761 -3.96747094898e-05
762 -2.06486718777e-05
763 8.25747269844e-06
764 2.72939663562e-05
765 -0.000111846959518
766 -4.04009774948e-05
767 6.44350118105e-05
768 2.43978671287e-05
769 2.25307737216e-06
770 -5.25687323803e-05
771 -5.39133174834e-05
772 0.00010507519988
773 -1.62488487991e-05
774 -6.50570836994e-05
775 -8.86031297991e-05
776 -1.47847727214e-05
777 -1.9496798974e-05
778 -4.33666205635e-05
779 6.31412286772e-05
780 5.36797908306e-05
781 2.86799118822e-05
782 -1.22914451674e-05
783 0.000254917004647
784 7.85870978532e-06
785 0.000219073024552
786 0.000103886464244
787 0.000248586835124
788 -0.000231796038501
789 9.92216856703e-05
790 4.43231940367e-05
791 0.000597570612013
792 0.000204097419054
793 -0.000127303024206
794 0.000177190112001
795 -0.000225006369574
796 -4.44047005434e-05
797 1.73106384398e-05
798 0.000142653139347
799 -9.70528535358e-05
800 5.23231593086e-05
801 -0.000307222459736
802 1.08776573872e-05
803 -4.21797908093e-05
804 -9.6688950506e-05
805 -5.48822010326e-05
806 -6.31488994043e-05
807 -0.000143293824878
808 -6.54815831559e-06
809 -0.000316981688856
810 -0.000350300355551
811 4.10104215703e-05
812 -6.19227319853e-05
813 -7.19598126223e-05
814 -0.000118494578551
815 -0.000291798368602
816 -0.000204041679502
817 -4.13262306034e-05
818 -9.29453905882e-05
819 -8.64386980582e-05
820 -0.000130002761108
821 -0.000197315014184
822 0.000172570978106
823 -1.5752255437e-05
824 -3.05669344079e-05
825 -0.000123709360668
826 4.57689394231e-05
827 4.32728977564e-05
828 -8.50556955158e-05
829 -0.000285168994402
830 -4.28362843943e-05
831 0.000101699036408
832 -5.83786950694e-05
833 -8.71995730557e-05
834 -5.25709707985e-06
835 9.81997547839e-06
836 6.31457264964e-05
837 8.14718234814e-06
838 -0.000240996132582
839 7.9436196705e-05
840 -0.000172748305473
841 -0.000181935916427
842 -0.000194328373591
843 -0.000124624608293
844 -0.000112208572453
845 0.000172364844023
846 -0.000158069070116
847 -5.84711095257e-05
848 -0.000289762777257
849 -0.000210407962364
850 -9.10642353346e-05
851 -0.000438831252372
852 3.05938811981e-05
853 -0.000220497768599
854 -0.000241631746351
855 -0.000119969294704
856 -8.08204524501e-05
857 -0.000292459616804
858 -0.000162427686324
859 -0.000140493623234
860 2.77374404295e-05
861 -0.00011987514521
862 -0.000164357087784
863 -7.22919140409e-05
864 -0.000277201105842
865 -5.28871605527e-05
866 0.00010463709827
867 -0.000205298821633
868 -0.000247928008292
869 -0.00019168979833
870 -1.38805635038e-05
871 -9.88225785751e-05
872 -0.000210450421447
873 -0.00013321333918
874 -0.000170856908927
875 2.93240219275e-05
876 -0.000229659294685
877 2.36254130996e-05
878 -8.84057194305e-05
879 -8.66829610622e-05
880 -9.60612063578e-05
881 -7.68123356832e-05
882 -8.0914284538e-05
883 -4.26012520106e-05
884 -0.000119880232995
885 -0.000330520006813
886 -0.000103460249071
887 -9.88468660082e-05
888 -0.000107082777939
889 1.12030225594e-05
890 1.71027954339e-05
891 -9.15396579343e-05
892 -6.66420200883e-05
893 0.000273992294623
894 9.57999576994e-06
895 -1.78394995625e-05
896 9.67012225287e-06
897 4.34392427521e-05
898 8.18022448857e-05
899 1.790543982e-05
900 0.000156684149905
901 8.85977777725e-05
902 0.000119224619159
903 -5.80025629121e-05
904 0.000178112706116
905 0.000149204662543
906 5.89405567403e-05
907 0.000227393370312
908 0.000122052241278
909 3.33061882189e-06
910 0.000106959857319
911 9.6407124956e-05
912 0.000102284461471
913 8.77337194153e-05
914 6.65856410688e-05
915 0.000161897424743
916 0.000100937467853
917 0.000378608341437
918 0.000410738851712
919 0.000111114828987
920 7.70572265873e-05
921 0.000123864727217
922 -9.25335980523e-05
923 -7.93253813499e-05
924 -5.91476915919e-05
925 -0.000127950260728
926 -1.66121486535e-05
927 1.88001235527e-05
928 5.1805032848e-05
929 0.000164644283603
930 8.52743001098e-05
931 0.000177579882834
932 -3.63973880157e-05
933 -0.000116598782347
934 -6.04926992672e-05
935 -0.000142644127426
936 -8.44364336627e-05
937 -9.81911312437e-05
938 3.97105252867e-05
939 9.06612563441e-05
940 -2.64310488835e-05
941 -6.10462416402e-05
942 -0.000112514804654
943 -3.27378146131e-06
944 7.39580674789e-05
945 4.1576271163e-05
946 -2.35047782488e-05
947 0.000118682349198
948 0.000252786215819
949 -7.41557470928e-05
950 -0.000106856416304
951 -3.78842911251e-06
952 3.6464997425e-05
953 6.93760447267e-05
954 0.000103760821908
955 6.6889917196e-05
956 -1.69788989579e-06
957 1.45092095584e-05
958 3.56681887152e-05
959 0.000144247208561
960 -3.92049100917e-05
961 -3.6384402609e-05
962 1.8119584702e-05
963 8.55767911316e-05
964 0.000119953239838
965 4.90596798691e-05
966 -1.61092747591e-05
967 9.9218403294e-05
968 -1.66126257137e-05
969 2.94931561167e-05
970 6.81557412393e-05
971 2.76991447118e-05
972 2.3121898995e-05
973 3.85889779854e-05
974 3.01574278584e-05
975 9.03124166278e-06
976 -4.39048765723e-05
977 -6.78566039732e-05
978 -3.0809116255e-05
979 1.47275806446e-05
980 -6.73651360568e-06
981 3.05269462233e-06
982 -8.07733330015e-05
983 1.65950518911e-05
984 -1.47624102045e-05
985 -5.40238724872e-06
986 -3.89359034813e-05
987 -5.73955676669e-06
988 -6.37054329844e-06
989 6.97249204229e-06
990 -1.76574680922e-05
991 -2.1076114754e-05
992 -3.75434136694e-05
993 -5.36924196319e-05
994 -2.24278602349e-05
995 1.27096228217e-05
996 2.50718194168e-05
997 7.21321302926e-06
998 2.58497850611e-05
999 3.25105859467e-05
1000 2.92656635499e-06
1001 1.63457966316e-05
1002 4.25839376862e-05
1003 1.08451778234e-05
1004 -4.5030557631e-07
1005 2.91669275623e-05
1006 1.64862063758e-05
1007 2.95117877937e-05
1008 6.10031268616e-07
1009 6.77719707156e-06
1010 3.86214793817e-05
1011 3.49080574403e-05
1012 1.6216607628e-05
1013 2.38892390597e-05
1014 1.06275226893e-06
1015 9.43043874981e-07
1016 -2.02455713343e-05
1017 1.60697390476e-05
1018 3.35213790551e-06
1019 1.06914308247e-06
1020 -1.91568387505e-05
1021 -9.06143162819e-05
1022 -7.45056935815e-05
1023 6.66367317809e-05
