1.81539075295
0 -3.72098344783e-05
1 -1.34415392185e-05
2 -4.23270591251e-05
3 -7.47522582858e-05
4 -1.33376123385e-05
5 1.2573548667e-05
6 3.49754245932e-06
7 2.54740412396e-05
8 -3.22395509498e-05
9 6.12066174048e-06
10 -6.38199811581e-07
11 1.21463988086e-05
12 4.78509311605e-06
13 6.28778464018e-06
14 1.30234501583e-05
15 1.60435304411e-05
16 -3.34751643144e-07
17 2.37953947226e-05
18 1.63849701229e-05
19 6.48948449156e-06
20 -7.33718472805e-07
21 -3.27833857698e-07
22 1.43499926318e-05
23 1.45179201202e-05
24 -8.06341313146e-07
25 1.51637408669e-05
26 1.97773221858e-06
27 9.59671009307e-07
28 5.18472153931e-06
29 6.6365766213e-06
30 -1.85671639782e-05
31 -3.35056120339e-05
32 -1.68011631044e-05
33 -1.13531932881e-05
34 -1.52579003683e-05
35 -1.2757118658e-05
36 1.18339023094e-06
37 -1.27911405815e-06
38 -1.92835567546e-05
39 7.24698114931e-06
40 6.62747948611e-06
41 -5.97151952242e-06
42 -6.23933252926e-05
43 3.25258937151e-06
44 -2.39527554205e-05
45 -2.70721234106e-05
46 -3.62418710672e-05
47 -7.22093043045e-05
48 -7.76895594804e-05
49 -4.09888572977e-05
50 -2.61639377317e-05
51 -5.49482243265e-05
52 1.07254979099e-05
53 9.01024466648e-06
54 -8.34849481083e-07
55 4.47628499679e-05
56 -2.87530083624e-05
57 5.54932424759e-05
58 6.02908124814e-05
59 2.85269522592e-05
60 9.3264877404e-05
61 3.48506013762e-05
62 2.45016200392e-05
63 -1.66640793489e-05
64 -4.12738688836e-05
65 4.3881512126e-05
66 -5.71917760364e-07
67 -3.98282531498e-05
68 -7.64351806959e-07
69 2.2563210858e-05
70 -9.40841111302e-06
71 3.98783067376e-05
72 2.77512208839e-05
73 1.44759316113e-05
74 -0.000147239713503
75 1.71003366951e-05
76 0.00011568117429
77 2.18403462572e-05
78 -5.20464112448e-06
79 2.44816896289e-05
80 -1.54092608918e-05
81 1.21418058404e-06
82 -7.8664376259e-05
83 -0.000110212018219
84 -3.07633179326e-05
85 -3.5905886635e-07
86 7.21146964716e-05
87 1.01441619013e-05
88 -1.38173436447e-06
89 -0.000123380562232
90 -8.83744245049e-05
91 -6.70867461181e-05
92 -5.63975473147e-05
93 0.000155521433524
94 0.000131740542788
95 5.76005135187e-05
96 6.0080760222e-05
97 -2.62939516929e-05
98 -7.93507215804e-05
99 0.000132083662658
100 -7.40734384003e-05
101 -4.52769938433e-05
102 -8.79392844536e-05
103 2.151102678e-05
104 -9.53630647598e-06
105 -0.000267515214228
106 0.000276501939542
107 0.000236827514223
108 -0.000166951167934
109 8.19139277168e-05
110 -0.00135812040837
111 2.85453273346e-05
112 2.50538058878e-06
113 0.000356682887662
114 0.000261729322341
115 -8.72248005465e-06
116 -2.37810358001e-05
117 0.000420521050378
118 -1.80341755233e-05
119 0.000126501093279
120 4.85978334235e-05
121 -6.14736362075e-05
122 -0.00010132918448
123 0.000124736571005
124 0.000568111158563
125 -1.63433099923e-05
126 4.53705043004e-06
127 -8.13363884669e-05
128 -0.000168032655849
129 -1.14182271027e-05
130 3.56059565484e-05
131 0.000156955220514
132 -5.34362738702e-05
133 0.000185020690515
134 0.000283051426661
135 0.000367370577192
136 -0.000143590398378
137 -3.69812531209e-05
138 -5.30173456099e-05
139 -6.96362649778e-05
140 -3.97770754446e-05
141 -1.87102590186e-05
142 -2.96885302454e-05
143 -2.52855842085e-06
144 -0.00012497101569
145 7.65675108574e-05
146 -4.45513947017e-06
147 -0.000109007921177
148 -0.000259038285187
149 -0.000120043195287
150 -0.000125629080659
151 0.000123416333056
152 0.000183419866233
153 -0.0002744625791
154 -1.9737342104e-05
155 -0.000165767233914
156 -0.000239428310058
157 0.000154381358596
158 8.59880464411e-05
159 -1.30235710571e-05
160 -0.000692113344227
161 -0.000266051991177
162 -0.000329792076406
163 -0.000138250208175
164 4.06446278896e-05
165 1.23351910168e-06
166 -0.000248936565502
167 -0.000408638784641
168 -5.41912847402e-05
169 -0.000446334451565
170 -0.000276926966436
171 0.000181157240706
172 5.23495041561e-05
173 -0.000481697132549
174 -0.00028695419152
175 -0.000292097219102
176 -3.11749072975e-05
177 0.000106146648834
178 5.27142301935e-05
179 -0.00017171984905
180 -9.27337785142e-05
181 -0.000439112518735
182 -0.000108961879137
183 -0.000394000401224
184 -4.39005155491e-05
185 0.000150394270697
186 0.000147100195318
187 -7.45739564442e-05
188 -0.00011121269082
189 3.5119037075e-05
190 0.000354536362595
191 -7.09598572536e-05
192 -0.000142329560775
193 4.60574897277e-05
194 -5.79674505991e-05
195 -0.000280966134615
196 2.18688706932e-06
197 4.51966024248e-05
198 0.000122003199706
199 -3.54330936492e-05
200 -6.36703734284e-05
201 -3.52659658009e-05
202 6.93233433686e-05
203 -0.000331463209625
204 -9.17189593759e-05
205 7.99369009208e-05
206 0.000117492367906
207 -0.000110268337433
208 -0.000218303797726
209 -9.60848805253e-05
210 4.76505324264e-06
211 1.80973247566e-06
212 -1.47009087409e-05
213 9.90697653805e-05
214 -0.000340775089044
215 -0.000231770316604
216 3.79211517981e-05
217 3.33155452314e-05
218 -0.000157249226498
219 0.000117038328492
220 0.000173083369279
221 -0.000175324576077
222 4.69618152309e-05
223 4.39597916177e-05
224 9.37889945112e-05
225 -6.22159466646e-05
226 0.000254844263928
227 0.000115453539262
228 3.73933257633e-05
229 -0.000577982348467
230 8.61876806639e-05
231 -0.000565433650412
232 6.1184067552e-07
233 0.000397348527828
234 6.48707782605e-05
235 3.87431962278e-05
236 -0.000232409085945
237 0.000506030358721
238 0.000120183925595
239 0.000169219329488
240 0.000178214825879
241 0.000267768140028
242 0.000156550205422
243 -8.75779623586e-05
244 -6.85899572207e-05
245 0.000100422742632
246 -1.75540827891e-05
247 -0.000141095366372
248 5.32020532285e-05
249 -8.39161312864e-05
250 4.0016662914e-05
251 -9.93527947862e-05
252 -3.97439378121e-05
253 -0.000114667175809
254 6.11916150875e-05
255 0.000117455653158
256 3.77111027938e-05
257 -8.92203611152e-06
258 -0.000174057747206
259 -5.74004540086e-05
260 4.28098354577e-05
261 -6.56550740791e-05
262 -7.35851673196e-05
263 3.99321975841e-05
264 -8.11683396695e-06
265 -4.34237445167e-05
266 -7.82789777494e-05
267 0.000161213899285
268 1.00562093881e-06
269 -4.85200366315e-05
270 4.49591238073e-06
271 0.000223690656404
272 0.000159093677454
273 0.000263287207932
274 0.0001192592599
275 0.00022140920634
276 -0.000369992465053
277 9.69175560498e-05
278 0.000289800420614
279 0.000195265365819
280 0.000312666505835
281 0.000193806720464
282 0.000217438778147
283 -0.000161467684716
284 -0.000186301173314
285 0.00018283043821
286 0.00019037560136
287 0.000117185000134
288 0.000342842392981
289 -0.000181163882272
290 0.000133044686909
291 5.24433244187e-05
292 4.96243281696e-05
293 6.12458940956e-05
294 -0.000133439657429
295 -0.000129109000875
296 1.53541422509e-05
297 -0.000177189149329
298 -0.000291616270177
299 4.6159213366e-05
300 -0.000147285984118
301 -0.000127343196179
302 -9.31480943203e-05
303 -0.000136990416682
304 -0.000272142983074
305 -0.000112504750996
306 -3.76071516291e-05
307 -6.77521740901e-05
308 6.26312331632e-06
309 -0.000197253784867
310 0.000168703801703
311 -1.82080757971e-05
312 -0.000214716135949
313 -0.000119673187334
314 0.000119297312664
315 0.000188788730305
316 -0.000162470924616
317 -0.000254449134981
318 0.000101995050502
319 0.000288898076969
320 -1.99541904557e-05
321 -4.47705695922e-05
322 0.00015958681238
323 0.000150873790528
324 9.60794907627e-05
325 -1.52696459696e-06
326 -0.000284158092667
327 0.00029033666148
328 -3.2789947532e-05
329 -0.000186454395811
330 -0.000421436982024
331 -8.5553359625e-05
332 -0.000502206233209
333 1.49475677495e-05
334 3.4157192357e-05
335 1.79499170786e-05
336 5.40806958527e-06
337 -0.000271144634649
338 -0.000292460411821
339 -0.000480838569116
340 -0.000244730547958
341 -0.000191885551187
342 -0.000103109000127
343 0.000268335514524
344 5.66365574046e-05
345 -6.15509886316e-05
346 -0.000518454408962
347 -1.73712821335e-05
348 0.000309384821195
349 -0.000148244803443
350 -0.000103233657021
351 -0.000183376901738
352 -0.000440027688027
353 0.000356973796316
354 -0.000751262018898
355 -0.000260593947367
356 -0.000603491524781
357 -0.000190227361885
358 -0.000385439937077
359 3.60795614042e-05
360 -0.00169817873007
361 7.48014800034e-05
362 -0.000261910606193
363 -0.000176577045741
364 -0.00053733472924
365 5.26451862666e-05
366 -0.000113480250457
367 -0.000405877548139
368 -0.000206941452469
369 -0.000184661594539
370 -0.000435534418032
371 6.07800201555e-07
372 -5.95240571002e-05
373 -0.000390513782472
374 -0.000307007913274
375 -7.74465201041e-05
376 2.72136751605e-05
377 0.000336084409353
378 0.000343545665518
379 -0.000357333016018
380 0.000198951070789
381 0.000175694656357
382 0.000192421840631
383 0.000535312045946
384 5.34658477534e-05
385 8.04580895262e-05
386 9.59178535865e-05
387 0.000220599950783
388 1.9496070043e-05
389 0.000241627113826
390 8.93519892503e-05
391 -0.00042183757778
392 0.000197981016071
393 7.5337197286e-05
394 0.000176665302513
395 0.000383061972478
396 -4.60953021027e-05
397 -5.06298088571e-07
398 -0.000204323199042
399 0.000248776941809
400 -3.41358208729e-05
401 7.93841722726e-05
402 5.30392997011e-05
403 0.000309606928815
404 -0.000444595771391
405 0.000577252514598
406 0.000841224638583
407 7.06218759132e-05
408 -1.01945089398e-05
409 0.000269583843228
410 -0.0002331348397
411 -0.000202609567561
412 -0.000268022076238
413 -0.000206599150126
414 -0.000277222958449
415 -0.000266877205868
416 -0.000221293398637
417 0.000401808820559
418 0.000118447937279
419 0.000301559975648
420 -0.000143220835213
421 -0.000280839710444
422 5.53819426472e-05
423 -7.15816019715e-05
424 5.31899514326e-05
425 -1.61060808798e-05
426 -1.14905919116e-05
427 0.000247981363045
428 -2.86046999755e-05
429 -0.000220104222841
430 -0.00019210214986
431 -9.95860345759e-05
432 9.70017146726e-05
433 8.83102713004e-05
434 8.42934618246e-05
435 0.000350090746766
436 0.000620491037128
437 9.54216019521e-05
438 -0.00035377146911
439 -0.000135930108287
440 0.000134227284563
441 6.24059179657e-06
442 0.000230894614361
443 0.000123201311051
444 2.1335911805e-05
445 -5.10637044501e-05
446 -0.000132126163694
447 0.000381220002508
448 -8.87481325937e-05
449 -0.000135684649039
450 4.62490479799e-05
451 5.68259653531e-05
452 0.000333283636204
453 0.000336562585864
454 0.000286873858936
455 0.000284701256342
456 -0.000248671832149
457 0.00026788657384
458 7.76870016597e-05
459 0.000109035564794
460 -1.71167964962e-05
461 -4.71864892026e-05
462 0.000135525381037
463 -8.66079817099e-05
464 -0.000358146250265
465 -0.000271668158643
466 -7.98932007749e-05
467 -7.06343356943e-05
468 0.000142913292551
469 7.48357391201e-05
470 -0.000322333691608
471 -3.09654891386e-05
472 -7.17533701711e-05
473 -2.2154941886e-05
474 -0.0001039403294
475 -2.53399068314e-05
476 -0.000149601539719
477 -5.58478868746e-05
478 -0.000131483866687
479 -5.65978816447e-05
480 -0.000124244671967
481 -0.000328091954432
482 -0.000144323496913
483 0.000103227476268
484 0.000138686520305
485 2.77519641504e-05
486 5.46894500329e-05
487 0.000203541855924
488 -4.20436822873e-05
489 -3.98517202401e-05
490 0.000299651519737
491 -6.77041963918e-05
492 -3.63344338604e-05
493 0.000258416602879
494 0.000116086684159
495 -2.51282566118e-06
496 0.000171264338449
497 0.000310149502346
498 0.000309471266678
499 0.000124640209506
500 0.000338677987956
501 0.000538634732095
502 0.000701535442635
503 -0.000410336991246
504 -0.000425713604353
505 0.00143382331247
506 4.81435892962e-05
507 0.00117718027742
508 -0.00233602398304
509 -0.00669340393116
510 -0.0122429665125
511 0.0127855511632
512 0.0
513 0.00894479794861
514 -0.0113741670768
515 0.000473703252361
516 -0.00133502938789
517 0.00167762791946
518 0.000269107660774
519 0.0013913575765
520 -0.000533157253142
521 -0.000185176606675
522 3.42224213151e-05
523 0.000579690919409
524 0.000565709102978
525 0.000209386172446
526 0.000614373165477
527 0.000253222379866
528 0.000219725920308
529 0.000538666905632
530 0.000144011665109
531 0.000193225703093
532 -6.44112476513e-05
533 -7.6525353246e-05
534 0.000118607061103
535 1.8641413251e-05
536 -7.73589375e-05
537 0.000198139741911
538 9.35601210628e-05
539 2.99651823299e-05
540 5.47755365873e-05
541 4.84572832175e-05
542 -0.00014763387363
543 -0.000312174946594
544 -4.6444363039e-06
545 -0.000101127945404
546 -0.000121672401362
547 -0.000156751329764
548 3.90076812819e-05
549 -2.57285137918e-05
550 -0.000154681262513
551 -5.99339023314e-05
552 1.65354616512e-05
553 8.54931778425e-05
554 -0.000355904749999
555 -7.85509433696e-05
556 -0.000181083249582
557 -0.000432280194426
558 -6.90716778869e-05
559 -0.000313699057339
560 -0.000589180155822
561 -0.000653735696699
562 -0.000127672131157
563 0.00019539177062
564 0.000334466877681
565 1.62064375822e-05
566 -6.19820361797e-05
567 0.000292833156493
568 -0.000196967350459
569 0.000392618937183
570 0.000330679221801
571 0.000190631897867
572 0.000351221541297
573 0.000156649450554
574 -8.68724079037e-05
575 -0.000224128676743
576 -0.000344074811916
577 0.000173158531243
578 0.000145098168835
579 -4.26224663211e-05
580 -7.59058611306e-05
581 -6.19717679724e-05
582 -0.00014159381047
583 0.000273196108662
584 0.000154854712736
585 6.34592536402e-05
586 -0.000499100169924
587 0.00014729825166
588 0.000520435316289
589 3.50765111852e-05
590 3.42157510253e-05
591 0.000223348517479
592 7.68266714329e-05
593 -0.000201328469879
594 -0.00034144257122
595 -0.000350539870072
596 -8.89071037549e-05
597 -7.70746680778e-05
598 -7.00585157245e-05
599 -2.19605114342e-05
600 -1.73137952022e-05
601 -0.000240462114408
602 -0.000404875776902
603 -0.00046650401427
604 0.000330704392486
605 0.000265865786248
606 0.000321270061924
607 0.00016803326656
608 0.000106526657514
609 -0.000202002351089
610 0.000600477716362
611 -7.73618714054e-05
612 -0.000261273694791
613 -0.000623300713522
614 -0.000428689782997
615 -0.000104045521334
616 3.24291740889e-05
617 0.00064958511471
618 0.000569328077258
619 0.000635592985575
620 0.000211448847568
621 -0.000303755756719
622 0.00390783306873
623 -0.000168350734821
624 0.0001018764553
625 -0.000683066144163
626 -0.000711484076354
627 0.000133942694156
628 2.27970285498e-05
629 -0.000411742127947
630 0.000118168685513
631 0.000489379560315
632 8.86537177538e-05
633 -0.000391269809418
634 0.000379710409317
635 0.000177192725828
636 -0.0011677751581
637 -4.63434356522e-05
638 0.000130179100907
639 9.29375235674e-05
640 0.000381461357634
641 -0.000316169829924
642 -5.81353718025e-05
643 0.000655882221078
644 0.000123782289564
645 -0.000636023940236
646 -0.000138020948243
647 -0.000632498072036
648 0.000380181230427
649 -5.32049642908e-05
650 -0.00033169517609
651 -0.000733971690665
652 7.97310698949e-05
653 -0.000325276449916
654 -0.000313491764382
655 8.35982140968e-06
656 -0.000351025041094
657 -0.00114958783694
658 0.000251827880268
659 0.000282128328321
660 -0.000198961681691
661 -0.000438077851098
662 -4.68907087542e-05
663 -0.000696978205194
664 -0.000663799726224
665 0.000230326354116
666 -0.000147031249694
667 -6.04943416338e-05
668 -0.000181627922658
669 -0.000519629823233
670 -0.000233452874447
671 -0.000441887578634
672 0.000228734704732
673 -0.000113233784619
674 -0.000222664824977
675 -5.09984359572e-05
676 -0.000474655439466
677 -0.000319013736767
678 -0.000225348003907
679 -0.000405965036515
680 -7.5929405281e-07
681 7.88541243162e-05
682 -0.000185351027443
683 -1.46171492546e-05
684 0.000197896647533
685 -0.000189444791211
686 -0.000113361793318
687 0.000267729762477
688 -0.000428395721627
689 -0.000392998873653
690 5.79302532841e-06
691 6.24473532613e-05
692 -0.000292002280941
693 -0.000428903309568
694 -0.000269961562995
695 0.000128523155725
696 -0.000197401946428
697 -0.000315872257511
698 3.44011920458e-05
699 -0.000160930281682
700 -1.05303971057e-05
701 -5.44458856753e-05
702 0.000103661468419
703 -9.00959918506e-05
704 -2.89498552957e-05
705 3.63274352682e-05
706 -0.000102541825088
707 -0.000501828024171
708 -8.07073659319e-05
709 0.000123772961349
710 0.000124979594078
711 4.57257322925e-05
712 2.58200069165e-05
713 -3.423510148e-05
714 2.89071353521e-05
715 -0.000137924308347
716 -0.000163509004623
717 -1.90555146762e-05
718 0.000182140055185
719 -3.71160122315e-05
720 -4.60417849969e-05
721 -7.04209139357e-05
722 3.05106214781e-05
723 -6.22843161899e-05
724 -0.000158384645669
725 -2.17888568837e-05
726 -0.000403058408726
727 -0.000133400014971
728 -2.91556545393e-05
729 0.000308242461637
730 0.000244609398656
731 3.84768583458e-05
732 1.2367917397e-05
733 -0.000161899165208
734 -4.32426074284e-05
735 5.36560208088e-05
736 1.01585662589e-05
737 0.000115200691169
738 0.000616352068914
739 0.000317101091001
740 4.53817881855e-05
741 -0.000150112392928
742 0.000228036477914
743 -0.000169725482079
744 9.4942077954e-05
745 0.000617605941903
746 -2.6311762844e-05
747 0.000188757524211
748 -0.000131512802232
749 0.000411615700698
750 0.000155833830956
751 0.000166870974449
752 0.000279854795851
753 0.000225789972332
754 0.000146707482742
755 -0.000158480015774
756 -5.12751969308e-05
757 6.5442810724e-05
758 2.89428445429e-05
759 2.68351082357e-05
760 9.98464927706e-06
761 4.91253227661e-05
762 -4.92947351741e-05
763 5.0296889354e-05
764 -8.69517092412e-05
765 -3.02059779681e-05
766 -9.8033735424e-05
767 2.19827611159e-05
768 -0.000144349995295
769 8.09357817649e-05
770 -4.01515157037e-06
771 -9.22033276988e-06
772 -7.69677055168e-06
773 -7.2449964629e-05
774 -3.31459823479e-05
775 -4.411168877e-05
776 4.25687758267e-05
777 -5.22338377531e-05
778 -7.42200726824e-05
779 6.81190749577e-05
780 -8.83735680183e-05
781 1.95217655676e-05
782 3.66791135688e-05
783 0.000230046303208
784 0.000173453017496
785 0.000274362066304
786 -4.01189987762e-05
787 0.000407429170807
788 -0.000179083207206
789 0.000229066457439
790 -0.000244987238211
791 0.000304786833943
792 0.000232956930476
793 -0.000362562303222
794 -3.09337811267e-05
795 -0.000280871289341
796 0.000329991121463
797 0.000190717701165
798 0.000434288238819
799 -2.72976544323e-05
800 -0.000220402239621
801 -7.78548272573e-05
802 -7.59384132294e-05
803 -0.000209859116759
804 -1.32337205743e-05
805 -0.000145778133552
806 -4.47386870629e-05
807 -4.12956611717e-05
808 -3.07795841777e-05
809 -0.000275478308201
810 -0.000317743549015
811 0.000209635522639
812 5.4637324971e-05
813 -3.91664559224e-05
814 -6.68172743022e-05
815 -7.24746713434e-05
816 -0.000143124176302
817 3.63767968663e-05
818 -1.73229025714e-05
819 -9.1968581351e-05
820 -0.000234401430004
821 -0.000151693630593
822 6.65302633999e-05
823 2.08254523087e-05
824 2.45410094338e-05
825 6.89271672504e-06
826 0.000212009224881
827 0.000118558117251
828 -5.39569477674e-05
829 -8.04015990203e-05
830 -7.51217763588e-05
831 -0.000152660444722
832 -7.31353105865e-05
833 -0.000100993870007
834 5.4555550741e-05
835 7.50782677341e-05
836 7.26919096749e-05
837 -5.78522472749e-05
838 -8.02037349091e-05
839 1.51861851838e-05
840 -0.000141079011645
841 -0.000171360194647
842 -3.59754636643e-05
843 -0.000187082525521
844 -7.18752515918e-05
845 0.000201106100318
846 -0.000212849714282
847 -0.000143924493017
848 -0.00020478531759
849 -1.76310011355e-05
850 6.62862144543e-05
851 -0.000379804641616
852 0.000183022460103
853 -4.06739945902e-05
854 -0.000122338642698
855 -0.000206794197258
856 -3.23944027372e-05
857 -0.000163835049751
858 0.000149597951183
859 -5.37736581754e-05
860 -0.000167827797827
861 3.74292710579e-05
862 -0.000187301994883
863 -2.24909318683e-05
864 -0.000243435370582
865 -0.000378129912154
866 0.000599986270926
867 -0.000234627533647
868 -8.79871660299e-05
869 -0.000125585934977
870 0.000107093024965
871 -0.000107312883543
872 0.000596503184716
873 -0.000262308847527
874 -5.79240505845e-06
875 -2.86749070427e-05
876 -0.000102067575877
877 -1.59448894064e-05
878 -1.89078041565e-05
879 -6.361299058e-05
880 -7.32943039701e-05
881 -9.38051827859e-06
882 2.65087349599e-05
883 4.15320018662e-05
884 -5.75422412141e-05
885 -0.000256118958084
886 -3.3081829266e-05
887 1.10801300352e-05
888 -0.000130662973197
889 -6.20102325824e-05
890 -1.9218942133e-05
891 0.000115840366639
892 -0.000140238027522
893 0.000352211659975
894 0.000141593364653
895 -0.000208201774315
896 7.8390749389e-05
897 4.99733806184e-05
898 -6.27672938922e-06
899 -2.20559815294e-05
900 0.000156181053757
901 -3.40832218354e-06
902 0.000120641346869
903 -2.75841913343e-05
904 6.97694398605e-05
905 0.000108806999269
906 -3.67867432422e-05
907 0.000120868062747
908 0.000103129466054
909 -3.7658816101e-05
910 7.47971716939e-05
911 6.16706506441e-05
912 0.000128093396802
913 2.66667599596e-05
914 2.62693968617e-05
915 1.98941612101e-05
916 0.00014675461217
917 9.28764462959e-05
918 0.000141999153007
919 1.16174226606e-06
920 4.82105481299e-05
921 6.9046559177e-07
922 3.24876768834e-06
923 -0.000108951380577
924 3.06821943901e-05
925 -1.67817281894e-05
926 0.000155615811786
927 7.75840193247e-05
928 4.7369934154e-05
929 3.66145951696e-05
930 2.03130352814e-05
931 0.000168745782122
932 2.64126682081e-05
933 -4.30512838164e-05
934 -6.60051750387e-05
935 -5.15304247905e-05
936 -4.41430527518e-05
937 -6.79296139171e-05
938 8.55589878393e-05
939 8.10567538057e-07
940 2.34718754783e-05
941 -4.95306179965e-05
942 -0.000101293892737
943 4.45132625971e-05
944 5.64619005467e-05
945 -1.16183756214e-06
946 -1.27402578827e-06
947 6.35813796811e-05
948 0.000155635667014
949 -1.30484109001e-05
950 -6.14212593725e-05
951 -2.13822865483e-05
952 4.31152098397e-08
953 3.69523399076e-05
954 1.74549510145e-05
955 1.21811769243e-05
956 2.09219047561e-05
957 -6.29628438063e-06
958 2.60401835475e-05
959 0.000120703967867
960 3.67346659831e-05
961 -4.16264752108e-05
962 2.04095053564e-05
963 5.59554396632e-05
964 5.76990288829e-05
965 3.50255093076e-05
966 3.02123821493e-05
967 5.48359299399e-05
968 -2.871264139e-05
969 4.79992597274e-05
970 3.75995017805e-05
971 -1.55018461605e-05
972 1.90543713702e-05
973 -1.59505862036e-05
974 -1.2711988646e-05
975 -3.77425813431e-05
976 -5.92921728275e-05
977 -2.7885697143e-05
978 -1.35307720073e-05
979 4.59412102162e-06
980 -2.96163054732e-05
981 2.03173345188e-06
982 -3.88365290649e-05
983 1.84313975466e-05
984 1.96849953914e-05
985 -1.36900957437e-05
986 -1.5629385614e-05
987 -1.1176115201e-05
988 1.13475383534e-05
989 7.82012149195e-07
990 -1.01803548382e-05
991 -1.03463867188e-05
992 -1.23316932601e-05
993 -2.89622248047e-05
994 -7.98224457912e-06
995 5.40698425028e-06
996 7.99058060355e-06
997 3.96022102775e-06
998 1.17660313713e-05
999 1.36505216893e-05
1000 -6.0864897004e-06
1001 1.7514953651e-05
1002 1.44632560354e-05
1003 6.49969604356e-06
1004 2.70428357309e-06
1005 1.115811073e-05
1006 8.59854081666e-07
1007 3.88357178087e-05
1008 -5.97752668651e-06
1009 -8.80643124214e-06
1010 2.60593706037e-05
1011 1.79153975694e-05
1012 1.34852215771e-05
1013 3.35489205306e-06
1014 -1.0622261999e-05
1015 8.97509751128e-06
1016 -2.98890204558e-05
1017 2.63776761567e-05
1018 4.88983538005e-06
1019 1.44609276844e-05
1020 1.14549029279e-05
1021 -5.1706250316e-05
1022 -2.26435841998e-05
1023 -3.10264954109e-05
