-6.62684007046e-07
0 0.0
1 0.0
2 0.0
3 -0.000259189215053
4 -0.000405746320813
5 -0.000322291060162
6 -0.000146368376511
7 0.000198421420238
8 8.89691260841e-05
9 -1.70869540175e-05
10 -0.000174544952047
11 0.000153619195185
12 4.60872716131e-05
13 1.67552436389e-05
14 -0.000137985907526
15 -0.000235751657585
16 0.000104992455023
17 8.28388062331e-05
18 -3.74620585087e-06
19 -8.11086640808e-06
20 -9.29971380046e-05
21 4.2894511884e-05
22 4.48252827536e-05
23 -0.000113606862132
24 -9.73345518894e-05
25 8.99211034026e-05
26 -1.62369841399e-05
27 -2.2842057968e-05
28 -3.20938294848e-05
29 3.16644658208e-05
30 6.70036479182e-05
31 4.73703777537e-05
32 -5.55435222105e-05
33 -0.000154833394982
34 0.000170294643814
35 -2.13986271121e-05
36 -9.5694590304e-05
37 -2.51243866492e-05
38 -1.48898169739e-05
39 -5.08218633172e-05
40 5.22444047768e-05
41 1.35219025514e-05
42 1.46968428938e-05
43 2.00091339714e-06
44 7.17510886562e-06
45 3.14367886748e-06
46 -1.37441463405e-05
47 -5.98938274216e-07
48 4.89048005352e-06
49 -1.13446110491e-05
50 1.67903438945e-05
51 7.46955851317e-06
52 -8.15947529346e-07
53 -1.23644465019e-05
54 5.4219272292e-07
55 1.67666766196e-05
56 2.04150502216e-06
57 1.56808601455e-05
58 4.3710375675e-05
59 1.96693464191e-05
60 2.23011463058e-06
61 -1.08263641036e-05
62 -1.83386807545e-05
63 -4.21804614294e-05
64 2.13838780831e-05
65 3.22765143751e-05
66 -1.33728975896e-05
67 -1.31888102208e-05
68 5.93115732878e-06
69 -1.90386435725e-05
70 3.64219325641e-06
71 1.09250676415e-05
72 -6.67355778933e-07
73 4.45669180285e-06
74 1.72293073935e-05
75 1.24734567582e-05
76 1.57409211882e-05
77 -6.23745057137e-06
78 -1.37570844811e-05
79 4.39769155879e-05
80 2.25951695619e-05
81 -2.00920036187e-05
82 -5.31650045398e-06
83 -3.62943982799e-05
84 -4.06281413898e-05
85 -1.6331839841e-05
86 5.3029024263e-05
87 4.31338031715e-05
88 -2.471679574e-05
89 -2.60854517353e-05
90 1.6245810564e-05
91 1.80193910341e-05
92 -6.90356331988e-05
93 -1.60539510018e-05
94 -8.33081739324e-06
95 -3.97889860276e-06
96 -1.71882598253e-05
97 6.72770690743e-05
98 6.84448059742e-06
99 -4.73178042719e-05
100 -4.95240465387e-05
101 -3.14819774527e-06
102 4.76373215495e-05
103 5.8007415885e-05
104 2.6130931298e-05
105 1.53592202403e-05
106 -1.34428203003e-05
107 2.9402816719e-05
108 -3.85692688946e-05
109 5.06194194006e-05
110 4.85757957845e-05
111 -2.39624775894e-05
112 5.6660928061e-05
113 -4.82447567081e-06
114 -1.48770693372e-05
115 -1.41178953002e-05
116 2.46155413829e-05
117 2.4717992311e-05
118 -1.05126720061e-05
119 -4.86915275796e-05
120 -6.84754500559e-05
121 9.20219412229e-05
122 8.02108715849e-05
123 -1.7031582327e-05
124 5.35095184234e-05
125 2.30461168229e-06
126 8.8137874913e-05
127 -3.55482008832e-05
128 1.26651265469e-05
129 4.8615163983e-06
130 -9.98459529892e-06
131 1.70685750366e-05
132 2.839345018e-06
133 -2.69650876963e-05
134 -6.43757205769e-06
135 8.87356393109e-06
136 1.40733010875e-05
137 6.29633498324e-05
138 1.37208832928e-05
139 -1.46491709605e-06
140 -4.74350722745e-05
141 3.32004860349e-05
142 4.28398456007e-05
143 1.60448233714e-05
144 1.05076384495e-05
145 -3.88798429922e-05
146 -3.23045527282e-05
147 3.66451250669e-05
148 -2.16787002103e-05
149 4.57749547378e-05
150 2.6843624839e-05
151 3.11133132463e-05
152 -1.4265512192e-05
153 1.21458040281e-05
154 3.4156198891e-05
155 7.63831092513e-06
156 -2.55298970437e-05
157 -1.344013243e-05
158 -1.34441060357e-05
159 1.54020987025e-05
160 -1.96007503825e-05
161 1.87686941501e-05
162 3.60338811569e-05
163 3.81118642036e-05
164 -8.22145919211e-05
165 -5.12555962512e-05
166 3.16742146996e-05
167 -1.30335547307e-05
168 -3.85375066384e-05
169 8.64259150106e-05
170 6.50166548089e-05
171 2.02698799327e-05
172 -5.13716759876e-05
173 -6.58468320278e-05
174 -9.30224572882e-06
175 2.49201880883e-05
176 -3.95026338929e-05
177 -8.62578040555e-05
178 -8.78779265931e-05
179 -0.000132532199108
180 4.49802708416e-05
181 -6.03007205394e-06
182 2.56341492184e-05
183 -5.31731768058e-06
184 -5.84759374298e-05
185 -7.94520531031e-05
186 -0.000101431741855
187 -2.1871444405e-06
188 4.36878280534e-05
189 8.88279796105e-05
190 4.78377211778e-06
191 1.95357235898e-06
192 -4.95175332755e-05
193 3.15123117467e-06
194 4.37813523999e-05
195 -4.41770946697e-06
196 3.69904971937e-05
197 -1.81616064728e-05
198 -4.90471822672e-05
199 7.94078471782e-05
200 2.42249694685e-05
201 2.14452239644e-05
202 -7.88857846704e-05
203 -3.58551856936e-05
204 6.37217511813e-07
205 -4.70849765496e-05
206 7.11800942023e-06
207 1.23871342366e-05
208 8.08926022398e-06
209 -2.84645942301e-05
210 -0.000103669521044
211 6.99749353656e-05
212 1.85000157086e-06
213 -3.72627296696e-05
214 -5.64308621888e-05
215 6.25509096056e-05
216 4.76295188286e-05
217 -4.76013817542e-05
218 -2.91029010591e-05
219 2.75142980321e-05
220 -2.04631066643e-05
221 3.18879371754e-05
222 -5.79679378213e-06
223 -1.56406452018e-05
224 2.52169259523e-05
225 -3.52669162725e-05
226 -3.87728578957e-06
227 5.79689823451e-06
228 1.74206595691e-06
229 2.62025276795e-05
230 -2.97301517697e-05
231 -3.03119750208e-05
232 -5.26824472294e-06
233 4.20129566038e-05
234 7.345279436e-06
235 -1.70216662197e-05
236 2.12754774954e-05
237 -2.79227109485e-06
238 3.20573009056e-05
239 -5.3317142741e-05
240 -2.29899574223e-05
241 -1.68861830851e-05
242 4.62018355147e-05
243 5.56991158249e-05
244 -1.63677336927e-05
245 -1.93970279961e-06
246 7.22106130673e-05
247 -3.33110445326e-07
248 -3.69793008739e-06
249 6.60770147047e-05
250 -7.2005473673e-05
251 -5.14877729543e-05
252 4.56247221837e-05
253 2.28498497064e-05
254 3.88056833763e-06
255 2.3902083899e-05
256 1.48048793172e-05
257 -7.26699286507e-06
258 3.59308746417e-05
259 -1.94543017276e-05
260 1.84480894228e-05
261 -3.41551275295e-05
262 3.35349474458e-05
263 -4.22226366238e-05
264 -4.32794557821e-05
265 1.16437793352e-05
266 -4.50637106432e-05
267 -3.30886907165e-05
268 6.59198557274e-06
269 4.77296702067e-05
270 1.84496789888e-05
271 -7.37971930043e-05
272 2.63617890617e-05
273 9.88830916311e-06
274 4.24349163195e-05
275 -1.91882902183e-05
276 -1.65939343143e-06
277 1.36460358315e-05
278 2.56020381053e-05
279 -3.70956888712e-05
280 -5.85415847779e-05
281 -8.17643413833e-06
282 -4.09747939718e-05
283 4.46142143403e-05
284 1.12308483045e-05
285 -8.16373772223e-06
286 0.000103136217316
287 -2.5807855141e-05
288 -2.30673888034e-05
289 1.11445525283e-06
290 4.86483183379e-05
291 -1.18366018547e-05
292 2.23481292726e-06
293 -1.56472978315e-05
294 -5.66246018846e-05
295 -6.72748646376e-08
296 -1.36525725888e-05
297 -2.9812809433e-05
298 1.85238562752e-05
299 7.68088888084e-05
300 1.74009045451e-05
301 -2.28337604049e-05
302 6.4004798161e-06
303 2.24635225626e-05
304 1.76022604074e-05
305 -2.40802010882e-05
306 -6.72924082064e-06
307 -4.25265289404e-06
308 -9.55015208008e-06
309 7.06074448956e-07
310 3.75879854962e-06
311 -1.61639599972e-05
312 -1.61381442956e-05
313 7.33166835297e-08
314 -7.45574689449e-06
315 -6.97910650712e-06
316 -1.3064461157e-05
317 -0.000120974313141
318 -4.11175581122e-05
319 -5.92285955385e-06
320 -9.59268016784e-06
321 -9.85533942391e-05
322 -6.82202280851e-06
323 2.34100670188e-05
324 -2.58073213186e-05
325 0.0
326 0.0
327 0.0
328 0.0
329 0.0
330 0.0
331 0.0
332 0.0
333 0.0
334 0.0
335 0.0
336 0.0
337 0.0
338 0.0
339 0.0
340 0.0
341 0.0
342 0.0
343 0.0
344 0.0
345 0.0
346 0.0
347 0.0
348 0.0
349 0.0
350 0.0
351 0.0
352 0.0
353 0.0
354 0.0
355 0.0
356 0.0
357 0.0
358 0.0
359 0.0
360 0.0
361 0.0
362 0.0
363 0.0
364 0.0
365 0.0
366 0.0
367 0.0
368 0.0
369 0.0
370 0.0
371 0.0
372 0.0
373 0.0
374 0.0
375 0.0
376 0.0
377 0.0
378 0.0
379 0.0
380 0.0
381 0.0
382 0.0
383 0.0
384 0.0
385 0.0
386 0.0
387 0.0
388 0.0
389 0.0
390 0.0
391 0.0
392 0.0
393 0.0
394 0.0
395 0.0
396 0.0
397 0.0
398 0.0
399 0.0
400 0.0
401 0.0
402 0.0
403 0.0
404 0.0
405 0.0
406 0.0
407 0.0
408 0.0
409 0.0
410 0.0
411 0.0
412 0.0
413 0.0
414 0.0
415 0.0
416 0.0
417 0.0
418 0.0
419 0.0
420 0.0
421 0.0
422 0.0
423 0.0
424 0.0
425 0.0
426 0.0
427 0.0
428 0.0
429 0.0
430 0.0
431 0.0
432 0.0
433 0.0
434 0.0
435 0.0
436 0.0
437 0.0
438 0.0
439 0.0
440 0.0
441 0.0
442 0.0
443 0.0
444 0.0
445 0.0
446 0.0
447 0.0
448 0.0
449 0.0
450 0.0
451 0.0
452 0.0
453 0.0
454 0.0
455 0.0
456 0.0
457 0.0
458 0.0
459 0.0
460 0.0
461 0.0
462 0.0
463 0.0
464 0.0
465 0.0
466 0.0
467 0.0
468 0.0
469 0.0
470 0.0
471 0.0
472 0.0
473 0.0
474 0.0
475 0.0
476 0.0
477 0.0
478 0.0
479 0.0
480 0.0
481 0.0
482 0.0
483 0.0
484 0.0
485 0.0
486 0.0
487 0.0
488 0.0
489 0.0
490 0.0
491 0.0
492 0.0
493 0.0
494 0.0
495 0.0
496 0.0
497 0.0
498 0.0
499 0.0
500 0.0
501 0.0
502 0.0
503 0.0
504 0.0
505 0.0
506 0.0
507 0.0
508 0.0
509 0.0
510 0.0
511 0.0
512 0.0
513 0.0
514 0.0
515 0.0
516 0.0
517 0.0
518 0.0
519 0.0
520 0.0
521 0.0
522 0.0
523 0.0
524 0.0
525 0.0
526 0.0
527 0.0
528 0.0
529 0.0
530 0.0
531 0.0
532 0.0
533 0.0
534 0.0
535 0.0
536 0.0
537 0.0
538 0.0
539 0.0
540 0.0
541 0.0
542 0.0
543 0.0
544 0.0
545 0.0
546 0.0
547 0.0
548 0.0
549 0.0
550 0.0
551 0.0
552 0.0
553 0.0
554 0.0
555 0.0
556 0.0
557 0.0
558 0.0
559 0.0
560 0.0
561 0.0
562 0.0
563 0.0
564 0.0
565 0.0
566 0.0
567 0.0
568 0.0
569 0.0
570 0.0
571 0.0
572 0.0
573 0.0
574 0.0
575 0.0
576 0.0
577 0.0
578 0.0
579 0.0
580 0.0
581 0.0
582 0.0
583 0.0
584 0.0
585 0.0
586 0.0
587 0.0
588 0.0
589 0.0
590 0.0
591 0.0
592 0.0
593 0.0
594 0.0
595 0.0
596 0.0
597 0.0
598 0.0
599 0.0
600 0.0
601 0.0
602 0.0
603 0.0
604 0.0
605 0.0
606 0.0
607 0.0
608 0.0
609 0.0
610 0.0
611 0.0
612 0.0
613 0.0
614 0.0
615 0.0
616 0.0
617 0.0
618 0.0
619 0.0
620 0.0
621 0.0
622 0.0
623 0.0
624 0.0
625 0.0
626 0.0
627 0.0
628 0.0
629 0.0
630 0.0
631 0.0
632 0.0
633 0.0
634 0.0
635 0.0
636 0.0
637 0.0
638 0.0
639 0.0
640 0.0
641 0.0
642 0.0
643 0.0
644 0.0
645 0.0
646 0.0
647 0.0
648 0.0
649 0.0
650 0.0
651 0.0
652 0.0
653 0.0
654 0.0
655 0.0
656 0.0
657 0.0
658 0.0
659 0.0
660 0.0
661 0.0
662 0.0
663 0.0
664 0.0
665 0.0
666 0.0
667 0.0
668 0.0
669 0.0
670 0.0
671 0.0
672 0.0
673 0.0
674 0.0
675 0.0
676 0.0
677 0.0
678 0.0
679 0.0
680 0.0
681 0.0
682 0.0
683 0.0
684 0.0
685 0.0
686 0.0
687 0.0
688 0.0
689 0.0
690 0.0
691 0.0
692 0.0
693 0.0
694 0.0
695 0.0
696 0.0
697 0.0
698 0.0
699 0.0
700 0.0
701 0.0
702 0.0
703 0.0
704 0.0
705 0.0
706 0.0
707 0.0
708 0.0
709 0.0
710 0.0
711 0.0
712 0.0
713 0.0
714 0.0
715 0.0
716 0.0
717 0.0
718 0.0
719 0.0
720 0.0
721 0.0
722 0.0
723 0.0
724 0.0
725 0.0
726 0.0
727 0.0
728 0.0
729 0.0
730 0.0
731 0.0
732 0.0
733 0.0
734 0.0
735 0.0
736 0.0
737 0.0
738 0.0
739 0.0
740 0.0
741 0.0
742 0.0
743 0.0
744 0.0
745 0.0
746 0.0
747 0.0
748 0.0
749 0.0
750 0.0
751 0.0
752 0.0
753 0.0
754 0.0
755 0.0
756 0.0
757 0.0
758 0.0
759 0.0
760 0.0
761 0.0
762 0.0
763 0.0
764 0.0
765 0.0
766 0.0
767 0.0
768 0.0
769 0.0
770 0.0
771 0.0
772 0.0
773 0.0
774 0.0
775 0.0
776 0.0
777 0.0
778 0.0
779 0.0
780 0.0
781 0.0
782 0.0
783 0.0
784 0.0
785 0.0
786 0.0
787 0.0
788 0.0
789 0.0
790 0.0
791 0.0
792 0.0
793 0.0
794 0.0
795 0.0
796 0.0
797 0.0
798 0.0
799 0.0
800 0.0
801 0.0
802 0.0
803 0.0
804 0.0
805 0.0
806 0.0
807 0.0
808 0.0
809 0.0
810 0.0
811 0.0
812 0.0
813 0.0
814 0.0
815 0.0
816 0.0
817 0.0
818 0.0
819 0.0
820 0.0
821 0.0
822 0.0
823 0.0
824 0.0
825 0.0
826 0.0
827 0.0
828 0.0
829 0.0
830 0.0
831 0.0
832 0.0
833 0.0
834 0.0
835 0.0
836 0.0
837 0.0
838 0.0
839 0.0
840 0.0
841 0.0
842 0.0
843 0.0
844 0.0
845 0.0
846 0.0
847 0.0
848 0.0
849 0.0
850 0.0
851 0.0
852 0.0
853 0.0
854 0.0
855 0.0
856 0.0
857 0.0
858 0.0
859 0.0
860 0.0
861 0.0
862 0.0
863 0.0
864 0.0
865 0.0
866 0.0
867 0.0
868 0.0
869 0.0
870 0.0
871 0.0
872 0.0
873 0.0
874 0.0
875 0.0
876 0.0
877 0.0
878 0.0
879 0.0
880 0.0
881 0.0
882 0.0
883 0.0
884 0.0
885 0.0
886 0.0
887 0.0
888 0.0
889 0.0
890 0.0
891 0.0
892 0.0
893 0.0
894 0.0
895 0.0
896 0.0
897 0.0
898 0.0
899 0.0
900 0.0
901 0.0
902 0.0
903 0.0
904 0.0
905 0.0
906 0.0
907 0.0
908 0.0
909 0.0
910 0.0
911 0.0
912 0.0
913 0.0
914 0.0
915 0.0
916 0.0
917 0.0
918 0.0
919 0.0
920 0.0
921 0.0
922 0.0
923 0.0
924 0.0
925 0.0
926 0.0
927 0.0
928 0.0
929 0.0
930 0.0
931 0.0
932 0.0
933 0.0
934 0.0
935 0.0
936 0.0
937 0.0
938 0.0
939 0.0
940 0.0
941 0.0
942 0.0
943 0.0
944 0.0
945 0.0
946 0.0
947 0.0
948 0.0
949 0.0
950 0.0
951 0.0
952 0.0
953 0.0
954 0.0
955 0.0
956 0.0
957 0.0
958 0.0
959 0.0
960 0.0
961 0.0
962 0.0
963 0.0
964 0.0
965 0.0
966 0.0
967 0.0
968 0.0
969 0.0
970 0.0
971 0.0
972 0.0
973 0.0
974 0.0
975 0.0
976 0.0
977 0.0
978 0.0
979 0.0
980 0.0
981 0.0
982 0.0
983 0.0
984 0.0
985 0.0
986 0.0
987 0.0
988 0.0
989 0.0
990 0.0
991 0.0
992 0.0
993 0.0
994 0.0
995 0.0
996 0.0
997 0.0
998 0.0
999 0.0
1000 0.0
1001 0.0
1002 0.0
1003 0.0
1004 0.0
1005 0.0
1006 0.0
1007 0.0
1008 0.0
1009 0.0
1010 0.0
1011 0.0
1012 0.0
1013 0.0
1014 0.0
1015 0.0
1016 0.0
1017 0.0
1018 0.0
1019 0.0
1020 0.0
1021 0.0
1022 0.0
1023 0.0
