0.0
0 0.0
1 0.0
2 -0.000151824742565
3 -0.000193938521194
4 -0.000334906955866
5 -0.000314440553821
6 -0.000107768407316
7 0.000176930959798
8 7.42954222773e-05
9 -5.03277139e-05
10 -9.94270917046e-05
11 0.000137996955298
12 3.88576703469e-05
13 -2.67115801593e-06
14 -0.00013272336721
15 -0.000177400596048
16 9.62796302605e-05
17 4.48002119218e-05
18 -5.04859892295e-06
19 -9.24305569188e-07
20 -5.97239957685e-05
21 -7.11083194991e-06
22 2.72367499474e-05
23 -5.30904366251e-05
24 -0.000123226168028
25 0.000101569911632
26 -2.48132437566e-05
27 -4.99781477197e-05
28 1.74892394612e-06
29 -1.0420665138e-06
30 5.85580025214e-05
31 6.19314737004e-05
32 -7.28088107638e-05
33 -0.000100444647121
34 0.000124673819624
35 -2.29314060605e-05
36 -6.20687518117e-05
37 -6.31685044728e-05
38 -8.18139862025e-06
39 -5.00243725067e-05
40 6.39278762918e-05
41 1.36614056337e-05
42 -1.49817884944e-07
43 7.29267614621e-06
44 1.01141879745e-05
45 2.22152355945e-06
46 -1.61541511289e-05
47 -7.39570883754e-07
48 1.71067364649e-06
49 -2.47853481288e-06
50 1.37484940209e-05
51 7.82974019578e-06
52 3.53159584824e-06
53 -8.17430332516e-06
54 -5.77717146622e-06
55 1.24791513343e-05
56 5.64501823591e-06
57 2.06922537029e-05
58 3.14915886866e-05
59 1.72141731043e-05
60 4.2666973543e-06
61 -3.53087618284e-06
62 -1.81125972408e-05
63 -3.81660682268e-05
64 1.54444557435e-05
65 3.52747466344e-05
66 -7.94087716263e-06
67 -1.53100684845e-05
68 -1.55034927929e-06
69 -8.6819739251e-06
70 5.14146142108e-06
71 1.0628379182e-05
72 1.01164835993e-06
73 7.2337649041e-06
74 1.30335379473e-05
75 1.1956044019e-05
76 1.38368510327e-05
77 -7.3180784754e-06
78 -1.98480649296e-05
79 3.26436500548e-05
80 1.95516211672e-05
81 -1.76655018309e-05
82 -1.18170540215e-05
83 -6.72338387822e-06
84 -4.09461127031e-05
85 -1.44151752974e-05
86 3.04644199171e-05
87 2.49313163891e-05
88 -1.7123803539e-05
89 -7.99522751344e-06
90 -5.52786943015e-06
91 2.38901582102e-05
92 -3.77876259411e-05
93 -2.84359482631e-05
94 -7.72712263787e-06
95 2.46895188275e-06
96 -8.80483320833e-06
97 2.678291526e-05
98 7.29103733668e-06
99 -2.16321973064e-05
100 -2.37840110627e-05
101 -1.9164522816e-05
102 2.4607141972e-05
103 4.29314100741e-05
104 1.36681014997e-05
105 1.56378877136e-05
106 -1.79483470663e-06
107 1.81776568773e-05
108 -1.69751597288e-05
109 4.27282119013e-05
110 1.9280549982e-05
111 -2.44534162853e-05
112 4.00302755052e-05
113 9.97021001433e-06
114 -1.40371216522e-05
115 -1.32558123269e-05
116 2.67456934517e-05
117 9.12024562522e-06
118 -8.6358800996e-06
119 -4.55565236786e-05
120 -3.94067195327e-05
121 7.43451086417e-05
122 5.98300672436e-05
123 3.71417862413e-06
124 2.39400954319e-05
125 1.31444112146e-05
126 8.74189270363e-05
127 -2.95475457853e-05
128 -9.06441024879e-06
129 9.28894889539e-06
130 -4.95881031761e-06
131 3.20261432983e-05
132 1.0934995997e-05
133 -2.29934201468e-05
134 -1.22718808405e-06
135 -7.97820643462e-06
136 1.48512459645e-05
137 5.25297514e-05
138 1.57313693133e-05
139 9.3167622416e-06
140 -3.9355581049e-05
141 1.06743791298e-05
142 4.00047163443e-05
143 1.78210023243e-05
144 1.32100459925e-06
145 -3.36495458387e-05
146 -2.95869981379e-05
147 2.23482240427e-05
148 -1.69451084128e-05
149 3.90073737633e-05
150 3.13851944034e-05
151 2.96573627626e-05
152 4.14714285221e-06
153 -1.92326110121e-05
154 3.42894156913e-05
155 1.4551799824e-05
156 1.46972384578e-05
157 -2.16074584545e-05
158 -1.57290924581e-05
159 -2.30702069708e-05
160 -1.42285967063e-05
161 3.81589167213e-05
162 2.45386261586e-05
163 2.92570248072e-05
164 -7.51489276048e-05
165 -2.70153816744e-05
166 1.98454150897e-05
167 -2.05351089406e-05
168 8.30181828551e-06
169 4.54326878886e-05
170 2.92313146393e-05
171 1.13647885732e-05
172 -5.15895735779e-05
173 9.53894852886e-06
174 -3.85852159118e-05
175 9.84313542911e-06
176 -3.20146056328e-05
177 -0.000101160903709
178 -0.000120000872485
179 -8.17046791302e-05
180 5.43450241702e-05
181 -1.84932902317e-05
182 2.10594187242e-06
183 7.75598671443e-06
184 -3.489999396e-05
185 -4.78209555517e-05
186 -7.03856595731e-05
187 -1.94516055332e-07
188 1.02747013025e-05
189 7.66252756041e-05
190 2.35989196397e-05
191 -2.2393269228e-05
192 1.01222863835e-06
193 -2.72189152461e-08
194 4.71081405678e-05
195 2.6170142546e-05
196 3.41686045984e-05
197 -3.33007394749e-05
198 -1.31387242867e-05
199 5.94888669996e-05
200 1.12288570546e-05
201 1.42059115548e-06
202 -6.41025315007e-05
203 -2.85087681835e-05
204 -1.67447495516e-05
205 -3.29274868131e-05
206 5.05932877308e-05
207 -4.50998336241e-06
208 -1.8279313048e-06
209 -2.83818229262e-05
210 -4.00579126039e-05
211 3.46169913621e-05
212 -7.5399032653e-06
213 -1.19777341385e-05
214 -3.17476602972e-05
215 3.54773493099e-05
216 2.27480719411e-05
217 -3.42350386249e-05
218 -3.17714318776e-05
219 2.17656700583e-05
220 -1.569595232e-05
221 2.40360036755e-05
222 -4.42864473818e-06
223 1.01890355924e-05
224 1.24126177857e-06
225 -2.01448595768e-05
226 -3.88584649718e-07
227 1.8626544498e-06
228 1.88606345292e-06
229 8.27067315903e-06
230 -1.54266072311e-05
231 -1.27581339328e-05
232 -1.06990599303e-05
233 3.43770454195e-05
234 1.85675725809e-05
235 -1.76638104066e-05
236 1.50147897648e-05
237 -1.14769159729e-05
238 -6.15113174584e-06
239 -3.42100297587e-05
240 -7.09513369013e-06
241 -3.08734513594e-05
242 2.92600124631e-05
243 5.66035277707e-05
244 1.36874294427e-08
245 -3.20587005103e-06
246 6.53185218158e-05
247 -7.88556244049e-07
248 1.06406320286e-05
249 4.79844890118e-05
250 -4.35696217435e-05
251 -4.73643056067e-05
252 5.46915642509e-06
253 4.55196751059e-05
254 1.60103802516e-05
255 4.05411960127e-05
256 -1.19719753294e-05
257 1.85849522006e-06
258 2.85375390283e-05
259 -2.01424015512e-05
260 1.89920172997e-05
261 -2.18787348755e-05
262 -6.16120639137e-06
263 -3.58770190692e-05
264 -3.10676185817e-05
265 -6.12756237392e-06
266 -3.91779212552e-05
267 -1.583847794e-05
268 1.07921914286e-05
269 2.92317091434e-05
270 1.5640378667e-05
271 -4.30222205119e-05
272 2.68008545099e-05
273 2.10384259905e-05
274 2.19030565437e-05
275 -1.5770465323e-06
276 -7.60677084908e-06
277 2.27270549958e-05
278 1.136768274e-05
279 -3.2063141527e-05
280 -1.89938798061e-05
281 -2.06111446412e-05
282 -3.57737184241e-05
283 2.76436048487e-05
284 -3.98740132442e-06
285 -1.17914784691e-05
286 7.44910124696e-05
287 -1.74540466844e-05
288 -1.40123256933e-05
289 7.92020090113e-06
290 2.4368340699e-05
291 -2.40444904104e-07
292 1.48952486768e-06
293 -1.27876201128e-05
294 -3.44530459482e-05
295 1.27974625633e-05
296 -1.01747164172e-05
297 -1.13737063928e-05
298 9.74205904116e-06
299 5.16272356949e-05
300 4.3178949221e-05
301 -1.52319390523e-05
302 -1.2137143274e-05
303 1.23716136894e-05
304 8.48955154435e-06
305 -5.06012941616e-06
306 -3.29410549055e-06
307 -9.96313746235e-06
308 -2.48889928752e-05
309 -7.4207672721e-06
310 7.64077474852e-06
311 -1.6816473862e-05
312 9.4345827436e-06
313 -7.33892432178e-07
314 -7.40175115579e-06
315 -2.77305859025e-05
316 -2.6801001784e-05
317 -7.69867609072e-05
318 -3.41786947644e-05
319 -4.34439623305e-06
320 -1.68843965247e-05
321 -7.71689628049e-05
322 -7.01687798637e-06
323 1.03836456397e-05
324 -2.95174927521e-05
325 0.0
326 0.0
327 0.0
328 0.0
329 0.0
330 0.0
331 0.0
332 0.0
333 0.0
334 0.0
335 0.0
336 0.0
337 0.0
338 0.0
339 0.0
340 0.0
341 0.0
342 0.0
343 0.0
344 0.0
345 0.0
346 0.0
347 0.0
348 0.0
349 0.0
350 0.0
351 0.0
352 0.0
353 0.0
354 0.0
355 0.0
356 0.0
357 0.0
358 0.0
359 0.0
360 0.0
361 0.0
362 0.0
363 0.0
364 0.0
365 0.0
366 0.0
367 0.0
368 0.0
369 0.0
370 0.0
371 0.0
372 0.0
373 0.0
374 0.0
375 0.0
376 0.0
377 0.0
378 0.0
379 0.0
380 0.0
381 0.0
382 0.0
383 0.0
384 0.0
385 0.0
386 0.0
387 0.0
388 0.0
389 0.0
390 0.0
391 0.0
392 0.0
393 0.0
394 0.0
395 0.0
396 0.0
397 0.0
398 0.0
399 0.0
400 0.0
401 0.0
402 0.0
403 0.0
404 0.0
405 0.0
406 0.0
407 0.0
408 0.0
409 0.0
410 0.0
411 0.0
412 0.0
413 0.0
414 0.0
415 0.0
416 0.0
417 0.0
418 0.0
419 0.0
420 0.0
421 0.0
422 0.0
423 0.0
424 0.0
425 0.0
426 0.0
427 0.0
428 0.0
429 0.0
430 0.0
431 0.0
432 0.0
433 0.0
434 0.0
435 0.0
436 0.0
437 0.0
438 0.0
439 0.0
440 0.0
441 0.0
442 0.0
443 0.0
444 0.0
445 0.0
446 0.0
447 0.0
448 0.0
449 0.0
450 0.0
451 0.0
452 0.0
453 0.0
454 0.0
455 0.0
456 0.0
457 0.0
458 0.0
459 0.0
460 0.0
461 0.0
462 0.0
463 0.0
464 0.0
465 0.0
466 0.0
467 0.0
468 0.0
469 0.0
470 0.0
471 0.0
472 0.0
473 0.0
474 0.0
475 0.0
476 0.0
477 0.0
478 0.0
479 0.0
480 0.0
481 0.0
482 0.0
483 0.0
484 0.0
485 0.0
486 0.0
487 0.0
488 0.0
489 0.0
490 0.0
491 0.0
492 0.0
493 0.0
494 0.0
495 0.0
496 0.0
497 0.0
498 0.0
499 0.0
500 0.0
501 0.0
502 0.0
503 0.0
504 0.0
505 0.0
506 0.0
507 0.0
508 0.0
509 0.0
510 0.0
511 0.0
512 0.0
513 0.0
514 0.0
515 0.0
516 0.0
517 0.0
518 0.0
519 0.0
520 0.0
521 0.0
522 0.0
523 0.0
524 0.0
525 0.0
526 0.0
527 0.0
528 0.0
529 0.0
530 0.0
531 0.0
532 0.0
533 0.0
534 0.0
535 0.0
536 0.0
537 0.0
538 0.0
539 0.0
540 0.0
541 0.0
542 0.0
543 0.0
544 0.0
545 0.0
546 0.0
547 0.0
548 0.0
549 0.0
550 0.0
551 0.0
552 0.0
553 0.0
554 0.0
555 0.0
556 0.0
557 0.0
558 0.0
559 0.0
560 0.0
561 0.0
562 0.0
563 0.0
564 0.0
565 0.0
566 0.0
567 0.0
568 0.0
569 0.0
570 0.0
571 0.0
572 0.0
573 0.0
574 0.0
575 0.0
576 0.0
577 0.0
578 0.0
579 0.0
580 0.0
581 0.0
582 0.0
583 0.0
584 0.0
585 0.0
586 0.0
587 0.0
588 0.0
589 0.0
590 0.0
591 0.0
592 0.0
593 0.0
594 0.0
595 0.0
596 0.0
597 0.0
598 0.0
599 0.0
600 0.0
601 0.0
602 0.0
603 0.0
604 0.0
605 0.0
606 0.0
607 0.0
608 0.0
609 0.0
610 0.0
611 0.0
612 0.0
613 0.0
614 0.0
615 0.0
616 0.0
617 0.0
618 0.0
619 0.0
620 0.0
621 0.0
622 0.0
623 0.0
624 0.0
625 0.0
626 0.0
627 0.0
628 0.0
629 0.0
630 0.0
631 0.0
632 0.0
633 0.0
634 0.0
635 0.0
636 0.0
637 0.0
638 0.0
639 0.0
640 0.0
641 0.0
642 0.0
643 0.0
644 0.0
645 0.0
646 0.0
647 0.0
648 0.0
649 0.0
650 0.0
651 0.0
652 0.0
653 0.0
654 0.0
655 0.0
656 0.0
657 0.0
658 0.0
659 0.0
660 0.0
661 0.0
662 0.0
663 0.0
664 0.0
665 0.0
666 0.0
667 0.0
668 0.0
669 0.0
670 0.0
671 0.0
672 0.0
673 0.0
674 0.0
675 0.0
676 0.0
677 0.0
678 0.0
679 0.0
680 0.0
681 0.0
682 0.0
683 0.0
684 0.0
685 0.0
686 0.0
687 0.0
688 0.0
689 0.0
690 0.0
691 0.0
692 0.0
693 0.0
694 0.0
695 0.0
696 0.0
697 0.0
698 0.0
699 0.0
700 0.0
701 0.0
702 0.0
703 0.0
704 0.0
705 0.0
706 0.0
707 0.0
708 0.0
709 0.0
710 0.0
711 0.0
712 0.0
713 0.0
714 0.0
715 0.0
716 0.0
717 0.0
718 0.0
719 0.0
720 0.0
721 0.0
722 0.0
723 0.0
724 0.0
725 0.0
726 0.0
727 0.0
728 0.0
729 0.0
730 0.0
731 0.0
732 0.0
733 0.0
734 0.0
735 0.0
736 0.0
737 0.0
738 0.0
739 0.0
740 0.0
741 0.0
742 0.0
743 0.0
744 0.0
745 0.0
746 0.0
747 0.0
748 0.0
749 0.0
750 0.0
751 0.0
752 0.0
753 0.0
754 0.0
755 0.0
756 0.0
757 0.0
758 0.0
759 0.0
760 0.0
761 0.0
762 0.0
763 0.0
764 0.0
765 0.0
766 0.0
767 0.0
768 0.0
769 0.0
770 0.0
771 0.0
772 0.0
773 0.0
774 0.0
775 0.0
776 0.0
777 0.0
778 0.0
779 0.0
780 0.0
781 0.0
782 0.0
783 0.0
784 0.0
785 0.0
786 0.0
787 0.0
788 0.0
789 0.0
790 0.0
791 0.0
792 0.0
793 0.0
794 0.0
795 0.0
796 0.0
797 0.0
798 0.0
799 0.0
800 0.0
801 0.0
802 0.0
803 0.0
804 0.0
805 0.0
806 0.0
807 0.0
808 0.0
809 0.0
810 0.0
811 0.0
812 0.0
813 0.0
814 0.0
815 0.0
816 0.0
817 0.0
818 0.0
819 0.0
820 0.0
821 0.0
822 0.0
823 0.0
824 0.0
825 0.0
826 0.0
827 0.0
828 0.0
829 0.0
830 0.0
831 0.0
832 0.0
833 0.0
834 0.0
835 0.0
836 0.0
837 0.0
838 0.0
839 0.0
840 0.0
841 0.0
842 0.0
843 0.0
844 0.0
845 0.0
846 0.0
847 0.0
848 0.0
849 0.0
850 0.0
851 0.0
852 0.0
853 0.0
854 0.0
855 0.0
856 0.0
857 0.0
858 0.0
859 0.0
860 0.0
861 0.0
862 0.0
863 0.0
864 0.0
865 0.0
866 0.0
867 0.0
868 0.0
869 0.0
870 0.0
871 0.0
872 0.0
873 0.0
874 0.0
875 0.0
876 0.0
877 0.0
878 0.0
879 0.0
880 0.0
881 0.0
882 0.0
883 0.0
884 0.0
885 0.0
886 0.0
887 0.0
888 0.0
889 0.0
890 0.0
891 0.0
892 0.0
893 0.0
894 0.0
895 0.0
896 0.0
897 0.0
898 0.0
899 0.0
900 0.0
901 0.0
902 0.0
903 0.0
904 0.0
905 0.0
906 0.0
907 0.0
908 0.0
909 0.0
910 0.0
911 0.0
912 0.0
913 0.0
914 0.0
915 0.0
916 0.0
917 0.0
918 0.0
919 0.0
920 0.0
921 0.0
922 0.0
923 0.0
924 0.0
925 0.0
926 0.0
927 0.0
928 0.0
929 0.0
930 0.0
931 0.0
932 0.0
933 0.0
934 0.0
935 0.0
936 0.0
937 0.0
938 0.0
939 0.0
940 0.0
941 0.0
942 0.0
943 0.0
944 0.0
945 0.0
946 0.0
947 0.0
948 0.0
949 0.0
950 0.0
951 0.0
952 0.0
953 0.0
954 0.0
955 0.0
956 0.0
957 0.0
958 0.0
959 0.0
960 0.0
961 0.0
962 0.0
963 0.0
964 0.0
965 0.0
966 0.0
967 0.0
968 0.0
969 0.0
970 0.0
971 0.0
972 0.0
973 0.0
974 0.0
975 0.0
976 0.0
977 0.0
978 0.0
979 0.0
980 0.0
981 0.0
982 0.0
983 0.0
984 0.0
985 0.0
986 0.0
987 0.0
988 0.0
989 0.0
990 0.0
991 0.0
992 0.0
993 0.0
994 0.0
995 0.0
996 0.0
997 0.0
998 0.0
999 0.0
1000 0.0
1001 0.0
1002 0.0
1003 0.0
1004 0.0
1005 0.0
1006 0.0
1007 0.0
1008 0.0
1009 0.0
1010 0.0
1011 0.0
1012 0.0
1013 0.0
1014 0.0
1015 0.0
1016 0.0
1017 0.0
1018 0.0
1019 0.0
1020 0.0
1021 0.0
1022 0.0
1023 0.0
