8.02284559907e-05
0 -3.7835791668e-05
1 2.77539983097e-05
2 -0.000111615648609
3 -7.81265719821e-05
4 -3.37723176935e-05
5 3.91813117885e-05
6 9.99267230342e-06
7 5.40559882625e-05
8 -4.20101438288e-05
9 3.65521427686e-06
10 -2.14426058592e-06
11 3.70288870284e-05
12 2.70915461505e-05
13 1.83580844559e-05
14 4.23307653222e-05
15 3.11533184038e-05
16 1.37108147784e-05
17 4.89025450185e-05
18 2.71544653443e-05
19 1.80082540373e-05
20 -5.09198922729e-06
21 -4.82258334878e-06
22 2.98826800625e-05
23 1.55958088545e-05
24 -8.15220324972e-06
25 3.01083029611e-05
26 5.89603576208e-06
27 7.39580187086e-07
28 1.57078647091e-05
29 6.65741583832e-06
30 -2.95771633439e-05
31 -5.59540864512e-05
32 -2.05988247139e-05
33 -1.70047979417e-05
34 -2.45457915108e-05
35 -3.10290118893e-05
36 1.35292018499e-05
37 -2.68937099372e-07
38 -3.30516331114e-05
39 3.02691000224e-06
40 2.11572859383e-05
41 1.48632319285e-05
42 -9.84729662854e-05
43 -2.85568229065e-06
44 -2.00837355022e-05
45 -7.30133922502e-05
46 -2.82924581793e-05
47 -9.0105809386e-05
48 -9.16050673604e-05
49 -0.000113490513544
50 -3.17357558503e-06
51 5.79094283388e-05
52 9.82431668331e-05
53 2.44055908869e-05
54 1.90613606439e-05
55 0.000109328114156
56 -5.02916339045e-05
57 0.000118871613234
58 0.000123729095493
59 7.48126923468e-05
60 0.000183163387971
61 6.99056018638e-05
62 1.11525233725e-05
63 -2.61970566745e-05
64 -5.30767171034e-05
65 8.90583064287e-05
66 5.72609152325e-05
67 -5.20085560241e-05
68 4.05217199884e-05
69 1.64456785968e-05
70 2.1916133855e-05
71 9.56969638196e-05
72 5.78436826734e-05
73 1.03167525375e-06
74 -0.000194119103522
75 0.000113400146001
76 0.000220368527683
77 4.32437958976e-05
78 -3.65315808823e-06
79 4.76891504365e-05
80 -2.28458356012e-05
81 -4.30653410833e-05
82 -0.000169328415389
83 -0.000212656622925
84 -2.35246726841e-05
85 -8.48711447664e-06
86 5.82502320421e-05
87 3.32785937433e-05
88 -4.83362736375e-06
89 -0.000216783735681
90 -0.00013940402582
91 -0.000150929820335
92 3.81940190386e-05
93 0.000373149196618
94 0.000253734135569
95 0.00028256954279
96 0.000163481540494
97 4.26170492531e-05
98 0.000185562794412
99 0.000248021293856
100 6.94040656046e-05
101 -8.02958484482e-05
102 6.14531607919e-05
103 0.000188027936176
104 0.000287066572826
105 6.1827084881e-05
106 0.000409682529553
107 0.000596766575078
108 0.000145893148714
109 0.000114870119799
110 0.000211625705144
111 0.000172790352469
112 0.000179721194619
113 0.00024476578141
114 0.000290479620357
115 0.000276279769601
116 0.000219310915215
117 0.000443634385799
118 0.000200537595224
119 0.000483530315529
120 0.000284196669898
121 3.37061542842e-06
122 0.000283971889319
123 0.000382960275897
124 0.000334514643058
125 0.000187363894947
126 0.000161769268137
127 0.000132854916896
128 0.000206358548891
129 0.000100096772079
130 0.000132970195777
131 0.000452160095621
132 0.000246876909051
133 0.000101498997114
134 0.000439916635519
135 0.000248500335193
136 0.000320289805281
137 4.61868528951e-05
138 -6.80191391872e-06
139 -0.000133200526637
140 0.000130466770028
141 7.94348726565e-05
142 4.79468734286e-05
143 0.000158426266879
144 -2.50556063785e-05
145 -0.000149195616249
146 0.000336407226817
147 0.000120338427594
148 1.90912579353e-05
149 1.49170358015e-05
150 -1.4053757455e-05
151 5.74042371627e-06
152 5.32270471775e-05
153 0.000187010988431
154 0.000110617563812
155 -5.15811001987e-05
156 -0.000207932336273
157 3.81993360431e-05
158 0.000105060997241
159 -1.79525908568e-05
160 -0.000143308752205
161 -6.24976596603e-05
162 -9.99542457741e-05
163 8.31746871135e-06
164 3.16942408958e-05
165 -1.99968823087e-05
166 -8.00302130769e-05
167 -0.000241155641401
168 0.000100677604777
169 -0.000308983693913
170 -0.000185331775659
171 0.000139005258174
172 -2.25620299674e-05
173 -0.000249373714133
174 -5.69728401643e-05
175 -0.000122484626387
176 -0.00010400987553
177 -0.000138858043889
178 0.000155606201157
179 8.93774135305e-05
180 -0.000134289316606
181 -0.000477257677827
182 -0.000156170513795
183 -0.000388506288759
184 -0.000227292765691
185 -8.74774711699e-05
186 -9.80979959201e-05
187 -0.000334018855236
188 -0.000128597756958
189 -7.4720876857e-06
190 9.73298089125e-05
191 -6.15993932763e-05
192 -7.44774743135e-05
193 0.000118881391132
194 -6.27939487302e-05
195 -0.000438931407429
196 -7.72934814671e-06
197 5.91057815386e-05
198 0.000197845982922
199 -4.22681581002e-06
200 -3.1758408131e-05
201 6.299005009e-07
202 -3.93171540535e-05
203 -0.00026008328674
204 -0.000106881774864
205 1.83125696321e-05
206 0.000162428927516
207 -9.43836573076e-05
208 -0.000161107423995
209 -0.000133267101912
210 2.33156178647e-05
211 -0.000111586119637
212 -4.66186263157e-05
213 -9.14739134688e-06
214 -0.000356969397389
215 -0.000262523096344
216 -1.08367616004e-05
217 6.99766716007e-05
218 -2.88061531248e-05
219 1.76887448499e-05
220 1.9723731713e-05
221 -0.000196779960738
222 -1.8278303506e-05
223 -8.97652374303e-06
224 -4.47147000282e-05
225 -7.3719761529e-05
226 0.000341081995878
227 0.000210347831635
228 -0.000133357382335
229 -0.000543047726356
230 3.52589945798e-05
231 -0.000567299849802
232 -0.000249572839477
233 0.000413550393813
234 -2.25313379519e-05
235 -0.000107313960265
236 -0.000201357824043
237 0.000391606646507
238 3.13360268681e-05
239 0.000138619829058
240 0.000211208070348
241 0.000238460885755
242 0.000104340690617
243 -0.000169659544212
244 -9.70703340993e-05
245 4.15281683363e-05
246 -3.78231115758e-05
247 -8.523638763e-05
248 -5.16354679806e-05
249 -5.25233419112e-05
250 1.05792039828e-05
251 -6.76378619815e-05
252 -7.87735392498e-05
253 -0.000120127447652
254 -4.78684064484e-05
255 7.78240579013e-05
256 -8.05494419016e-05
257 3.07197354151e-05
258 -9.96420425974e-05
259 -6.30163944396e-05
260 -1.10335601618e-05
261 -9.07389300915e-05
262 -3.44570443407e-05
263 -2.85985237254e-05
264 -5.37452047943e-05
265 -6.61405222182e-05
266 -9.48585829754e-05
267 7.99541498322e-05
268 -5.93320061177e-05
269 -6.50477324881e-05
270 1.1814461512e-05
271 0.000185141462718
272 0.000128403535315
273 0.000222425077032
274 1.94171592733e-05
275 0.000254629570083
276 -0.000221486374467
277 8.64514600682e-05
278 -8.64971639485e-06
279 0.0002460785558
280 0.000202146268974
281 -0.000260145501962
282 2.5618584518e-05
283 -0.000210784316148
284 -1.18937013447e-05
285 0.000107905446378
286 8.37083748083e-05
287 -3.35355404448e-05
288 -4.39262303261e-05
289 -0.000156090473764
290 -4.77983794367e-05
291 -0.000129835224822
292 4.21526032363e-06
293 -9.82794635478e-05
294 -8.61942277752e-05
295 -0.000101635785781
296 -8.93693395079e-05
297 -0.000234675274838
298 -0.000205200569084
299 9.76504259482e-05
300 -5.10889853243e-05
301 -0.000116509141304
302 -9.41592320881e-05
303 -0.000147793744345
304 -0.000185200737811
305 -1.01934140757e-05
306 1.07928193856e-05
307 -9.01954142372e-05
308 -0.000116737986856
309 -0.000108095448818
310 0.000125308191656
311 2.40085351967e-05
312 -5.94029457586e-05
313 -2.22597993903e-05
314 0.000125102935367
315 0.000100800116633
316 -9.70722027252e-05
317 -0.000119360318146
318 4.60566856904e-06
319 1.99823624146e-05
320 -3.55992814977e-05
321 -0.000106409679966
322 -6.35470103223e-06
323 2.4428053986e-05
324 2.19411179958e-05
325 -6.64514730399e-05
326 -0.000283546650424
327 -1.99288283535e-05
328 -0.000169228475984
329 -0.000164136933562
330 -0.000193677586716
331 -0.000105241920381
332 -0.000151910605497
333 4.84881667006e-05
334 -7.22276661044e-05
335 -0.000130923090066
336 -9.13416377353e-05
337 -0.000100444599107
338 1.44391804074e-05
339 -0.00020285200467
340 -6.40918558982e-05
341 -0.000105349589636
342 -7.94895092438e-05
343 -5.32056620591e-05
344 -6.20744423186e-05
345 -7.29646551353e-05
346 -9.83730662242e-06
347 -4.56867153189e-05
348 4.19461316797e-05
349 -9.02488125728e-06
350 -2.95863566707e-05
351 2.47720499145e-05
352 -0.000144280877171
353 -4.96505359276e-05
354 0.000101813648194
355 -0.000127108180735
356 -0.000191090208893
357 -0.000108403178325
358 3.18215223173e-05
359 -1.21288199075e-05
360 -5.2973633108e-05
361 -0.000106981140483
362 -7.90114324402e-05
363 -5.16419310574e-05
364 -7.30065168516e-05
365 1.70527459052e-05
366 -1.96281074417e-05
367 -0.000128773184225
368 -6.14002807934e-05
369 -3.39355110841e-05
370 -1.61814488986e-05
371 3.23186931575e-05
372 1.3613902802e-05
373 -7.25944136529e-05
374 -6.28666203744e-05
375 -1.31761750013e-05
376 1.06233115342e-05
377 6.90690030607e-05
378 7.98594261564e-05
379 2.8051063022e-06
380 1.48735570498e-05
381 0.000138630828155
382 8.00585426051e-05
383 1.13340911587e-05
384 8.979901889e-05
385 4.29737216539e-05
386 -1.84644683172e-05
387 2.84653196115e-05
388 9.34981767728e-05
389 8.01205035607e-05
390 6.83135125924e-05
391 -4.76176268545e-05
392 6.80396787531e-05
393 4.38594540593e-05
394 4.00504554566e-05
395 8.17065528921e-05
396 7.32505366599e-05
397 -1.41436699204e-05
398 3.52982123516e-05
399 5.43412351724e-05
400 3.10185707722e-05
401 3.81506822416e-05
402 3.23959394973e-05
403 3.34233344776e-05
404 -1.3837777553e-05
405 8.63955318245e-05
406 9.95217947985e-05
407 -6.85285180817e-06
408 3.72009717822e-05
409 4.29302492145e-05
410 2.72199070731e-06
411 -3.98512892754e-05
412 -1.0728953723e-05
413 -1.18148470074e-05
414 3.18072799043e-05
415 -1.13978501045e-05
416 5.39066191687e-06
417 5.30495387772e-05
418 2.46026774317e-05
419 8.91586427043e-05
420 -2.52609613984e-05
421 -4.5038230166e-05
422 -2.86115360695e-05
423 -1.77356508732e-05
424 -7.01324874789e-06
425 -4.00936332073e-05
426 2.07903780273e-05
427 1.59918008032e-05
428 -6.09755326691e-06
429 -4.16669877471e-05
430 -4.39626401904e-05
431 1.6631333789e-06
432 1.10793557144e-05
433 8.40242819299e-07
434 -3.30218732055e-06
435 2.82843760784e-05
436 5.88650968088e-05
437 -3.78532545215e-06
438 -3.31913168409e-05
439 -2.17232537653e-05
440 3.93187910545e-07
441 2.59083716815e-06
442 1.0087619391e-05
443 4.06892391473e-07
444 1.0951614769e-06
445 -6.26407399337e-06
446 -8.48301443428e-06
447 2.92297902505e-05
448 2.33771869981e-06
449 -1.44314622486e-05
450 3.46154718559e-06
451 1.01608359327e-05
452 2.04645604842e-05
453 1.71471531233e-05
454 1.38572688376e-05
455 1.67175040295e-05
456 -7.77052874424e-06
457 1.14909608232e-05
458 7.9313002537e-06
459 7.50687323457e-06
460 -8.30367486575e-07
461 1.45673864677e-06
462 -1.94107244858e-06
463 -5.95852459268e-06
464 -1.46096460349e-05
465 -7.76936225488e-06
466 -1.17136010452e-07
467 -7.87499660835e-07
468 3.14238149598e-06
469 4.89985514283e-07
470 -8.79069501473e-06
471 1.7738121187e-06
472 7.82334360928e-07
473 -1.77237176111e-06
474 -3.61152923602e-06
475 -7.72526298543e-07
476 -8.43267346217e-08
477 -1.1316921164e-06
478 -2.46996032236e-06
479 -1.6638554954e-06
480 -2.91880978271e-06
481 -4.68097178913e-06
482 -2.22667395212e-06
483 1.21500013833e-06
484 1.89276893721e-06
485 7.90284438447e-07
486 1.25408655727e-06
487 2.23645447683e-06
488 -5.4965029935e-07
489 1.37690210763e-06
490 2.38783499408e-06
491 2.44522713556e-08
492 3.75299522935e-07
493 1.33502598792e-06
494 6.6261524216e-07
495 2.15398711058e-06
496 1.14289456331e-07
497 5.27244778757e-07
498 1.59474976291e-06
499 8.24126504409e-07
500 9.78183412981e-07
501 7.0366512233e-07
502 4.37226973935e-07
503 -6.74886764466e-08
504 -8.75360668431e-07
505 1.26581512066e-06
506 6.51405856243e-08
507 5.32356450249e-07
508 -2.92485319807e-07
509 -1.10343532544e-06
510 -6.26443223079e-07
511 1.46373781987e-07
512 0.0
513 8.51496260502e-08
514 -6.84875380668e-07
515 -7.19089644267e-07
516 -4.14467381398e-07
517 6.01085453138e-07
518 1.83961998568e-07
519 1.16106967439e-06
520 -1.03129054606e-06
521 1.0095225972e-07
522 -6.58079854709e-08
523 1.25011260705e-06
524 9.97841456274e-07
525 7.32575880488e-07
526 1.81929236286e-06
527 1.43466691898e-06
528 6.73572279322e-07
529 2.55284444307e-06
530 1.50108463893e-06
531 1.05091268458e-06
532 -3.12832800759e-07
533 -3.11133257586e-07
534 2.02000845291e-06
535 1.10231447184e-06
536 -6.01346319729e-07
537 2.31381666102e-06
538 4.7130556993e-07
539 6.14019130347e-08
540 1.35268314374e-06
541 5.93886507998e-07
542 -2.7299586074e-06
543 -5.33771480436e-06
544 -2.02880405714e-06
545 -1.72752147519e-06
546 -2.56971200228e-06
547 -3.34471814722e-06
548 1.50035595701e-06
549 -3.06585834567e-08
550 -3.87078930502e-06
551 3.63913378683e-07
552 2.60950454133e-06
553 1.87951434435e-06
554 -1.27593688273e-05
555 -3.7892967423e-07
556 -2.7277000011e-06
557 -1.01446394589e-05
558 -4.01953530084e-06
559 -1.30835413125e-05
560 -1.35883264696e-05
561 -1.71907361216e-05
562 -4.90674228626e-07
563 9.13553393981e-06
564 1.58074596214e-05
565 4.00374349122e-06
566 3.18711001149e-06
567 1.8624900773e-05
568 -8.72642695313e-06
569 2.1002053472e-05
570 2.22519292325e-05
571 1.36916853481e-05
572 3.41023501664e-05
573 1.32374333531e-05
574 2.14732526437e-06
575 -5.12741530041e-06
576 -1.05576144231e-05
577 1.79990087601e-05
578 1.17555987333e-05
579 -1.08436871657e-05
580 8.57851512141e-06
581 3.53432985192e-06
582 4.78037336775e-06
583 2.11812806926e-05
584 1.29892369028e-05
585 2.34996620295e-07
586 -4.48438020505e-05
587 2.6563507888e-05
588 5.23341019888e-05
589 1.04099864485e-05
590 -8.91282406743e-07
591 1.17901412264e-05
592 -5.72258063775e-06
593 -1.09278268979e-05
594 -4.35204499275e-05
595 -5.53526492731e-05
596 -6.20039124799e-06
597 -2.2648072783e-06
598 1.57358652591e-05
599 9.09959745412e-06
600 -1.33764420775e-06
601 -6.07087722868e-05
602 -3.95007445759e-05
603 -4.32672950862e-05
604 1.1076061368e-05
605 0.000109453453065
606 7.52723850611e-05
607 8.47707232757e-05
608 4.95915791523e-05
609 1.30706497008e-05
610 5.75355636759e-05
611 7.77363068452e-05
612 2.19871034855e-05
613 -2.5708938645e-05
614 1.9883999492e-05
615 6.14768676217e-05
616 9.48339893609e-05
617 2.06355070594e-05
618 0.000138134640385
619 0.000203255798966
620 5.01905370852e-05
621 3.99124572543e-05
622 7.4259318122e-05
623 6.12280492215e-05
624 6.43052702389e-05
625 8.84266014167e-05
626 0.000105950262122
627 0.000101732435075
628 8.15201523883e-05
629 0.000166454407972
630 7.59456333937e-05
631 0.000184816050633
632 0.000109626753301
633 1.31208415838e-06
634 0.000111546517058
635 0.000151787816923
636 0.000133775143981
637 7.55959333078e-05
638 6.58470484546e-05
639 5.45533872728e-05
640 8.5476508765e-05
641 4.18216823943e-05
642 5.60363939801e-05
643 0.000192185293169
644 0.000105827518872
645 4.38781792519e-05
646 0.000191780675096
647 0.000109241667258
648 0.000141974704827
649 2.06429973922e-05
650 -3.06515686426e-06
651 -6.05166297869e-05
652 5.97581809605e-05
653 3.66790970563e-05
654 2.23182103337e-05
655 7.43361289252e-05
656 -1.18504154219e-05
657 -7.11252049842e-05
658 0.000161642064705
659 5.82771452527e-05
660 9.31787656559e-06
661 7.33731117292e-06
662 -6.96632006031e-06
663 2.86745127523e-06
664 2.67922432582e-05
665 9.48536477404e-05
666 5.65335595894e-05
667 -2.65615621558e-05
668 -0.000107882621363
669 1.9968139109e-05
670 5.53301518856e-05
671 -9.52516632172e-06
672 -7.66001222435e-05
673 -3.36526225293e-05
674 -5.42177999803e-05
675 4.54469357767e-06
676 1.7444324163e-05
677 -1.10862349226e-05
678 -4.4690148285e-05
679 -0.000135637394256
680 5.7033158944e-05
681 -0.000176291448032
682 -0.000106496535609
683 8.04443697673e-05
684 -1.31495371775e-05
685 -0.000146366115043
686 -3.36747739687e-05
687 -7.29046178018e-05
688 -6.23411194592e-05
689 -8.38084364753e-05
690 9.45693754555e-05
691 5.46951435778e-05
692 -8.27466491205e-05
693 -0.00029610153182
694 -9.75565557378e-05
695 -0.000244352243696
696 -0.000143931559656
697 -5.5771224173e-05
698 -6.29664626714e-05
699 -0.00021584752347
700 -8.36620157448e-05
701 -4.89382050125e-06
702 6.41733775269e-05
703 -4.08865985547e-05
704 -4.97642525877e-05
705 7.99626489061e-05
706 -4.2517199773e-05
707 -0.000299164442067
708 -5.3029330221e-06
709 4.0818371804e-05
710 0.000137530547878
711 -2.95750119511e-06
712 -2.23667905922e-05
713 4.46519153981e-07
714 -2.80527359587e-05
715 -0.000186775896543
716 -7.72540667606e-05
717 1.3322033746e-05
718 0.000118927627395
719 -6.95518663522e-05
720 -0.00011948542128
721 -9.94728131806e-05
722 1.75148111575e-05
723 -8.43608260182e-05
724 -3.54696917891e-05
725 -7.00419329875e-06
726 -0.000275074073598
727 -0.000203582187893
728 -8.45709100837e-06
729 5.49566024983e-05
730 -2.27663180635e-05
731 1.40682972303e-05
732 1.57857962626e-05
733 -0.000158484806105
734 -1.48138575863e-05
735 -7.32087261527e-06
736 -3.66964046635e-05
737 -6.0879697831e-05
738 0.000283438944626
739 0.000175892711897
740 -0.000112210353358
741 -0.000459787396525
742 3.00392767719e-05
743 -0.000486328713741
744 -0.000215283013238
745 0.000358949725447
746 -1.96780726057e-05
747 -9.43061454083e-05
748 -0.000178048482198
749 0.000348420595852
750 2.80530273254e-05
751 0.000124865200296
752 0.000191427838493
753 0.00021746462892
754 9.57415743979e-05
755 -0.00015663872222
756 -9.01737297885e-05
757 3.88157275873e-05
758 -3.55707106588e-05
759 -8.06546969562e-05
760 -4.91610515334e-05
761 -5.03144760489e-05
762 1.01967208228e-05
763 -6.55939603543e-05
764 -7.6863482843e-05
765 -0.000117936273426
766 -4.72845475963e-05
767 7.73479900236e-05
768 -8.05494419016e-05
769 3.09088051005e-05
770 -0.000100872395223
771 -6.41871890003e-05
772 -1.13077494118e-05
773 -9.35663547934e-05
774 -3.57495317501e-05
775 -2.98540254712e-05
776 -5.64503544794e-05
777 -6.98977275614e-05
778 -0.000100865200733
779 8.55413440965e-05
780 -6.38698008435e-05
781 -7.04549218375e-05
782 1.28755865455e-05
783 0.00020301690999
784 0.000141671469459
785 0.000246926495652
786 2.16895160322e-05
787 0.000286190404568
788 -0.000250482412921
789 9.83758651111e-05
790 -9.90390269785e-06
791 0.000283510133631
792 0.000234343703715
793 -0.000303458338149
794 3.00701516828e-05
795 -0.000248954067918
796 -1.41351830614e-05
797 0.000129042734616
798 0.000100732168446
799 -4.06084755381e-05
800 -5.35242653375e-05
801 -0.000191391154941
802 -5.89767336308e-05
803 -0.000161207696074
804 5.26680003562e-06
805 -0.000123571509698
806 -0.0001090612936
807 -0.000129413661495
808 -0.000114516226892
809 -0.0003026182175
810 -0.000266293077614
811 0.000127530341333
812 -6.71474182075e-05
813 -0.00015410947147
814 -0.000125344236686
815 -0.000198004293219
816 -0.000249714291126
817 -1.38327237407e-05
818 1.47406067883e-05
819 -0.000123983295461
820 -0.000161508175149
821 -0.000150521677815
822 0.000175624951684
823 3.38683038277e-05
824 -8.43456979742e-05
825 -3.18133501671e-05
826 0.000179968114382
827 0.000145960485142
828 -0.000141488770883
829 -0.000175124401351
830 6.80215065273e-06
831 2.9708007401e-05
832 -5.32780903321e-05
833 -0.000160315890784
834 -9.63798251039e-06
835 3.7297774576e-05
836 3.37259170218e-05
837 -0.000102832059675
838 -0.000441748790445
839 -3.1258470453e-05
840 -0.00026724097639
841 -0.000260968469226
842 -0.000310042986641
843 -0.000169629372933
844 -0.000246535308419
845 7.92345889487e-05
846 -0.000118844743862
847 -0.00021691999026
848 -0.000152394308503
849 -0.000168753640457
850 2.44290034924e-05
851 -0.000345612497535
852 -0.000109969022141
853 -0.000182040655071
854 -0.000138332493738
855 -9.32528706668e-05
856 -0.000109576714319
857 -0.000129727051256
858 -1.76164545365e-05
859 -8.24077674061e-05
860 7.62110792184e-05
861 -1.65168859994e-05
862 -5.45444872839e-05
863 4.60051909205e-05
864 -0.000269930548884
865 -9.3579069991e-05
866 0.000193323955529
867 -0.000243159743496
868 -0.000368306158003
869 -0.000210513027927
870 6.22642372861e-05
871 -2.39128589385e-05
872 -0.000105240532948
873 -0.000214168603905
874 -0.000159396651305
875 -0.000104990007865
876 -0.000149581986264
877 3.52127981919e-05
878 -4.08497399916e-05
879 -0.000270120769738
880 -0.000129819984649
881 -7.2323870074e-05
882 -3.47630915187e-05
883 6.99916845092e-05
884 2.97224960999e-05
885 -0.000159784402741
886 -0.000139507925872
887 -2.94805029872e-05
888 2.39657985544e-05
889 0.000157116519929
890 0.000183185764988
891 6.48876237468e-06
892 3.46973719176e-05
893 0.000326160898766
894 0.00018997298211
895 2.71272279743e-05
896 0.000216793999059
897 0.000104654721701
898 -4.53624355998e-05
899 7.05510581651e-05
900 0.000233799089445
901 0.000202143813023
902 0.000173910557658
903 -0.000122325078928
904 0.000176386234577
905 0.000114748564033
906 0.000105754883241
907 0.000217764353975
908 0.000197063440328
909 -3.84106567259e-05
910 9.67756865816e-05
911 0.000150417120008
912 8.66911044117e-05
913 0.000107664229821
914 9.23225999158e-05
915 9.61940781639e-05
916 -4.02234657871e-05
917 0.000253660474693
918 0.000295163754153
919 -2.05321747438e-05
920 0.000112608944448
921 0.000131302826084
922 8.41252117201e-06
923 -0.000124466166575
924 -3.38668088192e-05
925 -3.76958216481e-05
926 0.000102584326828
927 -3.71628546379e-05
928 1.77706224061e-05
929 0.00017683208499
930 8.29326465046e-05
931 0.000303960033137
932 -8.71083520932e-05
933 -0.00015710739207
934 -0.000100974369419
935 -6.3331874878e-05
936 -2.53426094299e-05
937 -0.000146628321825
938 7.69607624251e-05
939 5.99272925874e-05
940 -2.31345128671e-05
941 -0.000160078318178
942 -0.000171048904571
943 6.55421588001e-06
944 4.42312573634e-05
945 3.3986475427e-06
946 -1.35348788803e-05
947 0.000117495235906
948 0.000247869282929
949 -1.61596536409e-05
950 -0.00014367801148
951 -9.53684503836e-05
952 1.75092003861e-06
953 1.17053817884e-05
954 4.62478176059e-05
955 1.89332216142e-06
956 5.1731325721e-06
957 -3.00437776401e-05
958 -4.13203080855e-05
959 0.000144627718947
960 1.17525151446e-05
961 -7.37333833191e-05
962 1.79781978278e-05
963 5.36583851667e-05
964 0.000109914934084
965 9.36936960148e-05
966 7.70516282875e-05
967 9.46210424415e-05
968 -4.47826498188e-05
969 6.74518997392e-05
970 4.74353049105e-05
971 4.57595804334e-05
972 -5.16072247028e-06
973 9.23413281077e-06
974 -1.25543970027e-05
975 -3.9337187965e-05
976 -9.84902361394e-05
977 -5.35072919805e-05
978 -8.24467237138e-07
979 -5.66782871028e-06
980 2.31370109571e-05
981 3.69261665998e-06
982 -6.78439683114e-05
983 1.40273207481e-05
984 6.34298190392e-06
985 -1.47421837901e-05
986 -3.08377975175e-05
987 -6.77624293698e-06
988 -7.60386106556e-07
989 -1.04987128845e-05
990 -2.35929013574e-05
991 -1.63781303589e-05
992 -2.96352281918e-05
993 -4.90695789914e-05
994 -2.41244090488e-05
995 1.36200945684e-05
996 2.1979579643e-05
997 9.51862954809e-06
998 1.56885258352e-05
999 2.91015864352e-05
1000 -7.45152205125e-06
1001 1.94805331192e-05
1002 3.53241618277e-05
1003 3.79029580154e-07
1004 6.10879172081e-06
1005 2.28766431966e-05
1006 1.19866987808e-05
1007 4.12620563486e-05
1008 2.32645659278e-06
1009 1.14488618498e-05
1010 3.71063056198e-05
1011 2.0652340934e-05
1012 2.65578535594e-05
1013 2.08429677249e-05
1014 1.42469741592e-05
1015 -2.44364357478e-06
1016 -3.56582769658e-05
1017 5.89325841132e-05
1018 3.5384882286e-06
1019 3.47015408123e-05
1020 -2.3833093274e-05
1021 -0.000119884814006
1022 -0.000102093349615
1023 4.77093446963e-05
