-0.0181543928298
0 1.92276600919e-05
1 1.47255557472e-05
2 3.15002743983e-05
3 1.1165375873e-05
4 1.49056766293e-05
5 2.69494723486e-05
6 1.07843339033e-05
7 1.92807661362e-05
8 9.85101368238e-06
9 -8.33379529059e-06
10 -4.3165591549e-05
11 -3.37320802583e-05
12 -1.89218704188e-05
13 -5.89509455915e-06
14 2.5493831515e-06
15 4.32356182126e-06
16 6.40198638201e-06
17 -3.64552219363e-06
18 -5.62098017606e-06
19 2.90598885904e-05
20 2.28856300262e-05
21 -2.66468906089e-05
22 -3.64192609461e-05
23 5.70488023621e-06
24 1.766492808e-05
25 6.85320322322e-05
26 4.70187587437e-06
27 -0.00026148961457
28 -0.000282369187685
29 -0.000142416279946
30 -7.34530968922e-05
31 -8.50278241197e-05
32 -5.96131919299e-06
33 1.81590289672e-05
34 1.52978220918e-05
35 -2.47791126076e-05
36 7.40328812985e-05
37 7.17118766571e-05
38 4.68148830527e-05
39 0.000117361610014
40 0.00021834555791
41 4.24605169179e-05
42 -5.37813831298e-05
43 -0.000187548519089
44 -0.000143869947687
45 8.19082971008e-05
46 -7.52054768241e-05
47 -0.000281044544808
48 -0.000411430976989
49 -0.000329525212426
50 -7.42180928224e-05
51 0.000102605920947
52 6.75984926106e-05
53 -0.000377679820185
54 -0.000498933842379
55 4.84219259973e-05
56 0.000215720622554
57 4.1869514365e-05
58 -8.39885563966e-05
59 -8.63377342891e-05
