0.000691366837893
0 -1.98251235135e-05
1 1.38538362584e-05
2 -7.27718073166e-06
3 -4.68734577419e-05
4 5.45779230465e-06
5 2.29155643218e-05
6 -1.71230898957e-05
7 8.03423492356e-05
8 2.19528647178e-05
9 -1.24172868236e-05
10 1.39506928467e-05
11 4.48171383276e-05
12 4.01594533454e-05
13 -2.03631863149e-05
14 4.40841834753e-05
15 2.02026023887e-05
16 4.74464592928e-06
17 7.10973172467e-05
18 -1.24328828971e-05
19 -3.5269054765e-05
20 7.86181111447e-06
21 3.53883870453e-05
22 4.23626352733e-05
23 6.66535099718e-06
24 3.1688245912e-05
25 2.92597282357e-06
26 -1.31753682529e-05
27 3.81660201746e-05
28 2.00326477835e-05
29 -4.98506513883e-06
30 -2.51322810922e-05
31 8.27065720327e-07
32 -3.2979698456e-05
33 8.20190208606e-06
34 4.10348999929e-05
35 2.3619407391e-05
36 2.15607197769e-05
37 1.5746183802e-05
38 6.34561931596e-06
39 5.96307973668e-05
40 4.82198107679e-05
41 3.33610445773e-05
42 -4.38037152314e-05
43 2.42518756329e-05
44 -1.08869993257e-05
45 -9.00171384235e-06
46 -7.12002126731e-05
47 -0.000101715439287
48 -4.05497183006e-05
49 -6.39798635432e-05
50 -2.62637964534e-05
51 -1.94449954098e-05
52 4.51720985e-05
53 3.35926797514e-05
54 2.98125067164e-05
55 1.30160036298e-05
56 3.79559733408e-05
57 7.73370638148e-05
58 9.17154262733e-05
59 0.000116308778618
60 9.59779282181e-05
61 7.96851817341e-05
62 -1.97261481726e-05
63 2.70157825134e-05
64 -5.27792789062e-06
65 7.70070217404e-05
66 5.17769703961e-05
67 0.000100693048541
68 3.38693093557e-05
69 7.31286269836e-05
70 1.51370100068e-05
71 4.62001517355e-05
72 2.74211825601e-05
73 -4.43072449086e-05
74 3.33464528766e-06
75 0.000105084642029
76 0.000226586622103
77 -8.86326829957e-06
78 2.61138407463e-05
79 0.000105321102054
80 7.14091072775e-05
81 3.25189410859e-05
82 -2.78637177825e-05
83 4.69936792789e-06
84 8.02653780965e-05
85 6.61659732468e-05
86 5.1603716423e-05
87 4.17295343722e-05
88 8.86824047435e-05
89 5.45618549029e-05
90 -2.68824159626e-05
91 -3.32064352595e-05
92 -2.45210092247e-05
93 6.84461809423e-05
94 9.94138373631e-05
95 5.17221967972e-05
96 3.11042289472e-05
97 -1.43675128201e-05
98 8.54630156583e-05
99 4.39680994145e-05
100 4.35847682304e-05
101 -4.86134892145e-05
102 2.72065243828e-07
103 8.88175955022e-05
104 5.28208269962e-05
105 0.000120086418956
106 0.000232026024236
107 0.000143069311391
108 0.000128081771852
109 7.56562859167e-05
110 5.62224098232e-05
111 3.73282235486e-05
112 0.000165339167929
113 0.000113765594849
114 -1.78529653673e-05
115 7.42073290084e-05
116 4.22663222341e-05
117 0.000133688292734
118 7.72452555475e-05
119 0.000136273685828
120 9.4729261699e-05
121 6.8258748803e-05
122 0.000161957880013
123 0.00012975380559
124 0.000108191861428
125 7.17464810629e-05
126 9.55141389449e-05
127 6.02822610497e-05
128 -1.63016944435e-05
129 6.22356549861e-05
130 5.08456025644e-05
131 0.00022026940948
132 -4.80586043384e-05
133 5.82321873658e-06
134 3.25255040966e-05
135 7.84262970089e-05
136 5.05875188914e-05
137 5.38583578967e-05
138 4.42970193572e-06
139 -0.000174142539522
140 8.89041236651e-05
141 9.47469510639e-06
142 -5.99940432328e-05
143 6.35525152501e-05
144 -7.79925651566e-05
145 -0.000103430009446
146 1.99938930445e-05
147 7.26155955765e-05
148 -0.000181818827723
149 -7.13259146669e-05
150 -6.61038003842e-05
151 3.62954615963e-05
152 -6.99061598877e-05
153 -0.000114667084395
154 -9.1384701409e-05
155 -0.000139765093946
156 -0.000118051946128
157 -0.000122723746601
158 -2.56817481951e-05
159 -8.07792419943e-05
160 -7.79077370891e-05
161 -0.000166600832338
162 -9.07683481895e-05
163 -5.13856088645e-05
164 -6.65148258268e-05
165 7.2474154033e-05
166 -0.000187673823416
167 -0.000196395122538
168 -8.82140974891e-05
169 -0.000120763297426
170 -0.000155317392546
171 -3.29821727496e-05
172 8.91539735202e-05
173 -0.000299633617772
174 -0.000172198116882
175 -0.000122430483046
176 -0.000146238596524
177 -3.35803828559e-05
178 -8.45052435063e-06
179 -0.000124232093795
180 -0.000111479378076
181 -0.000168346982828
182 -8.21573626831e-05
183 -4.9166013512e-05
184 -5.47897334606e-05
185 -0.000133686751164
186 -5.86158925796e-05
187 -0.000102630730222
188 -0.000124584129005
189 -5.02141674914e-05
190 -8.9105094084e-05
191 -0.000193252049101
192 -0.000202493746164
193 -0.00015209494837
194 -0.000322612187301
195 -0.000343758104283
196 -0.000255842537637
197 -7.54753138127e-05
198 -0.000111529321569
199 -0.000225860039652
200 -0.000122923020963
201 -9.5603453808e-05
202 -0.000104717420834
203 -0.000245861919985
204 -0.000291311431801
205 -0.000163403264057
206 -0.000133121406967
207 -0.000145463829726
208 -0.000145322284069
209 -0.000120997907922
210 -0.000132604600878
211 -9.77138529195e-05
212 -0.000220532376805
213 -0.000145052645435
214 -0.00032816620934
215 -0.000186215454578
216 -6.18679675531e-05
217 -1.14258870801e-06
218 1.22064598522e-05
219 -0.000119198567375
220 -5.43311616945e-05
221 -0.00017426928765
222 -2.09167834009e-05
223 -0.000101442089811
224 -2.22668517604e-05
225 -3.64460529689e-05
226 -6.74289793406e-05
227 -6.41743732682e-05
228 -5.11670734102e-05
229 -0.000137694936661
230 2.24529403108e-05
231 -0.000192577082146
232 0.000144711203967
233 0.000374240670796
234 -1.23569895218e-05
235 -0.000149644386492
236 -0.000254487225773
237 -5.73197450319e-05
238 -3.13449592504e-05
239 -3.34382983625e-05
240 0.000120121999829
241 5.19970883629e-05
242 -2.13883302296e-06
243 -9.96914758674e-05
244 -0.000193795548721
245 -8.38020382841e-05
246 -0.00016633658063
247 -2.9178553059e-05
248 -0.000203939279075
249 -2.25758553027e-06
250 -5.25800987303e-05
251 1.48838793434e-05
252 -2.86396334357e-05
253 -1.52335558175e-05
254 5.68152503557e-06
255 -1.61196205783e-05
256 -0.000110431822209
257 -2.53096438713e-05
258 -8.4096827805e-05
259 -4.57155333338e-05
260 -0.000100289783769
261 1.16855739562e-05
262 -5.72073094728e-05
263 -2.12783366547e-05
264 -0.000240929721243
265 -4.62534347872e-05
266 -0.000150079061121
267 -5.26584952927e-05
268 -0.000210132602406
269 -3.82666021904e-05
270 -5.12551440269e-05
271 4.65206941633e-05
272 0.000157409700943
273 1.77152665292e-05
274 -2.13773313944e-05
275 -0.000164199134618
276 -0.000206805724713
277 -1.20688141859e-05
278 -1.9961837581e-05
279 0.000328588373784
280 0.000164347981595
281 -9.83703214383e-05
282 3.71171339824e-05
283 -8.87693762374e-05
284 -9.00691876795e-05
285 -1.11269180513e-05
286 -0.000129460587009
287 -5.27784793838e-05
288 2.0565105722e-06
289 -0.000139927654813
290 9.0159295062e-06
291 -4.46002343017e-05
292 -5.53219483914e-05
293 -3.5184512046e-05
294 -1.59180247575e-05
295 1.00506755694e-06
296 -4.46101480797e-05
297 -0.000169908697143
298 -0.000222759278837
299 -9.28437563709e-05
300 -0.000164551554258
301 -0.00013628954447
302 -0.000197364617305
303 -0.000125214557266
304 -0.000208714932325
305 -7.21879038828e-05
306 -9.97937779161e-05
307 -0.000138042315701
308 -0.000215677578541
309 -0.000142718145205
310 9.31701326397e-06
311 -6.17943098337e-05
312 -0.000106074290603
313 -0.000162021313325
314 -7.6380013385e-05
315 -4.09590727104e-05
316 -0.000208940619027
317 -0.000211946001747
318 -0.000157879091598
319 -8.34812426992e-05
320 -0.000132787375364
321 -0.000126071839645
322 -0.000118431786345
323 -4.40983462585e-05
324 -3.52474316597e-05
325 -0.000100758864361
326 -9.64724814111e-05
327 -6.40176232299e-05
328 -0.000105339129402
329 -8.70760258162e-05
330 -9.46435059023e-05
331 -7.03898891936e-05
332 -3.08742062168e-05
333 -2.75346662027e-05
334 -5.0652336855e-05
335 -4.52330377519e-05
336 -0.000143529509511
337 -7.03509083149e-05
338 -0.000141257201756
339 -0.000165353447621
340 2.48062960534e-05
341 -8.39635443118e-05
342 -9.36529880926e-05
343 -8.79400918971e-05
344 -7.99513032537e-06
345 -0.000138601351846
346 -5.68006096515e-05
347 1.52456370124e-05
348 -2.9734165527e-05
349 -2.64139121156e-05
350 -3.98349079585e-05
351 -6.67295552198e-05
352 -7.23172494311e-05
353 -6.50972068699e-05
354 -6.65163730719e-05
355 -9.71639070195e-05
356 -0.000109921448568
357 -6.41303842394e-05
358 -2.43690078345e-05
359 -1.91235803201e-05
360 -4.45530120984e-05
361 -2.26386582043e-05
362 -4.98282886562e-05
363 -2.92852315923e-05
364 -9.42619080805e-05
365 4.3017376564e-05
366 -3.89915646116e-05
367 -1.56629478218e-06
368 -4.29310033822e-05
369 -2.06749630656e-05
370 -3.20820376422e-06
371 1.54323024725e-05
372 4.00092236174e-05
373 -7.9918839678e-05
374 -1.75137883453e-05
375 -9.10745303417e-06
376 -1.31221439201e-05
377 4.63518671874e-05
378 -1.36702865263e-05
379 1.63797082319e-06
380 -3.44768269234e-05
381 9.50791816128e-05
382 2.34291617752e-05
383 5.40008524922e-06
384 -8.33715875126e-06
385 1.83906054498e-05
386 3.75824806568e-05
387 2.8986015288e-05
388 3.94479339045e-05
389 3.18796118057e-05
390 4.48469699679e-05
391 2.43688451868e-05
392 3.71544902051e-05
393 1.97173799895e-05
394 3.03061775568e-05
395 3.88329238577e-05
396 7.83434196108e-06
397 1.604265832e-05
398 -1.15573492649e-05
399 4.13496714278e-05
400 4.71798616257e-05
401 2.16484232111e-05
402 1.68791683227e-05
403 3.13707816482e-05
404 3.42394080954e-05
405 4.90259608646e-05
406 6.82412756454e-05
407 2.66502361004e-05
408 2.49383789682e-05
409 2.44017105732e-05
410 5.89122118049e-06
411 -1.02102833814e-05
412 6.21811204118e-06
413 4.1245287207e-07
414 4.55964121516e-06
415 7.81778356171e-06
416 1.65316209821e-06
417 2.21468429347e-05
418 6.33701946998e-06
419 2.1816516728e-05
420 1.22927415446e-05
421 -1.13303648087e-06
422 1.50170862417e-06
423 2.18484782782e-05
424 9.47355132474e-06
425 9.61757412866e-06
426 1.60283675513e-05
427 2.67427426517e-05
428 1.3263634519e-05
429 -3.4224562388e-06
430 1.00979777755e-05
431 3.06941977081e-05
432 2.48833811705e-05
433 8.62644460268e-06
434 6.13981876469e-06
435 1.98016365621e-05
436 3.38956796851e-05
437 1.9005507714e-05
438 4.72208382761e-07
439 4.92070199845e-06
440 4.39290678885e-06
441 9.20976096622e-06
442 1.34432229565e-05
443 1.58506262571e-05
444 8.47515647053e-06
445 7.38497215271e-06
446 7.25582334627e-06
447 2.32416783075e-05
448 9.83979043557e-07
449 1.43323910156e-06
450 -1.4189093572e-06
451 6.59294572652e-06
452 1.96170617414e-05
453 1.56786018307e-05
454 1.13375259326e-05
455 1.27665401734e-05
456 5.92883507772e-07
457 9.80983138066e-06
458 7.36029815486e-07
459 8.3281019198e-06
460 8.31921346495e-06
461 2.25993796204e-06
462 -6.81873217159e-06
463 5.82288296454e-07
464 -1.04631355096e-05
465 -6.79329766685e-06
466 -3.47195046893e-06
467 2.02263985204e-06
468 3.67515703593e-06
469 4.72785482566e-06
470 -3.68988799923e-06
471 2.67039259768e-06
472 3.08636734136e-06
473 6.29624645917e-06
474 1.31400575712e-07
475 2.54852868084e-06
476 3.60593794358e-06
477 3.54889732455e-06
478 4.73699227357e-07
479 -7.788282468e-07
480 -2.31191144822e-06
481 1.89818658947e-06
482 -1.86022859144e-06
483 4.70027323673e-06
484 4.94042774383e-06
485 1.49951058749e-06
486 1.40223139351e-06
487 2.80802619011e-06
488 5.03733014067e-07
489 4.88992799627e-07
490 3.19743906713e-06
491 5.82442583723e-07
492 1.89447861936e-06
493 6.26576974269e-07
494 2.37383698394e-06
495 1.72652662979e-06
496 -1.3060460947e-06
497 -3.80919833707e-07
498 2.8193573139e-06
499 1.29790272409e-06
500 1.46235991988e-06
501 1.19533024753e-06
502 3.29760872202e-07
503 -2.26069065989e-07
504 -1.00286446589e-07
505 2.68063690507e-06
506 1.56037810453e-08
507 -9.4865668836e-08
508 5.15012666741e-08
509 -3.89443503374e-07
510 -4.55817311245e-08
511 9.59784439725e-08
512 0.0
513 4.24690354806e-08
514 -4.46841709733e-08
515 -4.3144763989e-07
516 6.71410655616e-08
517 3.51707768796e-07
518 -3.15214510148e-07
519 1.72564713094e-06
520 5.38878950564e-07
521 -3.42907563846e-07
522 4.28097316434e-07
523 1.51308798675e-06
524 1.47908974735e-06
525 -8.12507604326e-07
526 1.89469807255e-06
527 9.30335278392e-07
528 2.33265408365e-07
529 3.71152681517e-06
530 -6.87301250102e-07
531 -2.05823526352e-06
532 4.82948801072e-07
533 2.28317845336e-06
534 2.86375278255e-06
535 4.70984258789e-07
536 2.33758859425e-06
537 2.24880527694e-07
538 -1.05327116144e-06
539 3.16870760683e-06
540 1.725203177e-06
541 -4.44631989181e-07
542 -2.31966228513e-06
543 7.89962261662e-08
544 -3.24809831258e-06
545 8.33348845877e-07
546 4.29603085041e-06
547 2.54606532495e-06
548 2.39092700044e-06
549 1.79519679936e-06
550 7.43289236875e-07
551 7.16926073205e-06
552 5.94740784587e-06
553 4.21855284865e-06
554 -5.6758025853e-06
555 3.21807927166e-06
556 -1.47864993923e-06
557 -1.25075964578e-06
558 -1.0115536427e-05
559 -1.47693924859e-05
560 -6.01493677488e-06
561 -9.69121906114e-06
562 -4.06071525431e-06
563 -3.06752838378e-06
564 7.26825269549e-06
565 5.51083177851e-06
566 4.98482175934e-06
567 2.2174501881e-06
568 6.58588586086e-06
569 1.3663679458e-05
570 1.64944323284e-05
571 2.1285958085e-05
572 1.78697269784e-05
573 1.50893585414e-05
574 -3.79807521996e-06
575 5.28763197611e-06
576 -1.04985239127e-06
577 1.55633411903e-05
578 1.06296388175e-05
579 2.09944281156e-05
580 7.1703307338e-06
581 1.57160311952e-05
582 3.30179506734e-06
583 1.02256977629e-05
584 6.15764423498e-06
585 -1.00923713019e-05
586 7.70431355437e-07
587 2.46156216462e-05
588 5.381091745e-05
589 -2.13357032359e-06
590 6.3712372258e-06
591 2.60383909389e-05
592 1.78872048612e-05
593 8.25170440779e-06
594 -7.16138985504e-06
595 1.22320282103e-06
596 2.11555725722e-05
597 1.76567933697e-05
598 1.39403095976e-05
599 1.14103147152e-05
600 2.45416511909e-05
601 1.5279657828e-05
602 -7.6172539315e-06
603 -9.5193574599e-06
604 -7.1109513165e-06
605 2.00768019645e-05
606 2.94918634547e-05
607 1.55166287515e-05
608 9.43531826642e-06
609 -4.40657718536e-06
610 2.64986424659e-05
611 1.37806612372e-05
612 1.38075879709e-05
613 -1.55649821841e-05
614 8.800543293e-08
615 2.90393330748e-05
616 1.74497064596e-05
617 4.00802216085e-05
618 7.82332278898e-05
619 4.87287657829e-05
620 4.40630712373e-05
621 2.6287322236e-05
622 1.97283283613e-05
623 1.32271958973e-05
624 5.9159251434e-05
625 4.11001952753e-05
626 -6.51172792103e-06
627 2.73247319278e-05
628 1.57108363577e-05
629 5.01607213112e-05
630 2.92536512214e-05
631 5.20869092951e-05
632 3.65411483975e-05
633 2.65711062351e-05
634 6.36183402151e-05
635 5.14284487106e-05
636 4.32667142834e-05
637 2.89476683631e-05
638 3.88783722171e-05
639 2.47533513078e-05
640 -6.75249724984e-06
641 2.60028125797e-05
642 2.14274271355e-05
643 9.3622842704e-05
644 -2.06009698643e-05
645 2.51734435587e-06
646 1.41793064569e-05
647 3.4476475012e-05
648 2.24238255626e-05
649 2.40717957097e-05
650 1.99615983665e-06
651 -7.91175923972e-05
652 4.07212092926e-05
653 4.37500535262e-06
654 -2.79258975268e-05
655 2.98197345433e-05
656 -3.6887614121e-05
657 -4.93075954749e-05
658 9.60700054017e-06
659 3.51660857011e-05
660 -8.87403063541e-05
661 -3.50834450504e-05
662 -3.27671518391e-05
663 1.81304064231e-05
664 -3.5187832501e-05
665 -5.81600634511e-05
666 -4.67042449578e-05
667 -7.19716375103e-05
668 -6.12494927596e-05
669 -6.41520185905e-05
670 -1.3525164742e-05
671 -4.28593735107e-05
672 -4.16424804547e-05
673 -8.97082277124e-05
674 -4.92350891188e-05
675 -2.80773528137e-05
676 -3.66093616684e-05
677 4.01795172994e-05
678 -0.000104800162834
679 -0.000110462126692
680 -4.99727586791e-05
681 -6.89018705485e-05
682 -8.92495583641e-05
683 -1.90873564793e-05
684 5.19605749977e-05
685 -0.00017586552292
686 -0.000101780625023
687 -7.2872346995e-05
688 -8.76520509641e-05
689 -2.0267672432e-05
690 -5.13571932637e-06
691 -7.602469637e-05
692 -6.8691449671e-05
693 -0.000104446484039
694 -5.13218886457e-05
695 -3.09231472307e-05
696 -3.4695266374e-05
697 -8.52319151713e-05
698 -3.76240164615e-05
699 -6.63213236791e-05
700 -8.10507900873e-05
701 -3.28876598575e-05
702 -5.87505009354e-05
703 -0.00012827103847
704 -0.000135301904305
705 -0.000102302915795
706 -0.000218437600308
707 -0.000234296782964
708 -0.000175527783989
709 -5.21231830207e-05
710 -7.75283700734e-05
711 -0.000158034191177
712 -8.65721475262e-05
713 -6.77714533029e-05
714 -7.47155330144e-05
715 -0.000176562995345
716 -0.000210559677748
717 -0.000118872684104
718 -9.7469209155e-05
719 -0.000107193040697
720 -0.000107778577152
721 -9.03149083729e-05
722 -9.96131865596e-05
723 -7.38731300372e-05
724 -0.000167791661571
725 -0.000111067446332
726 -0.000252878901865
727 -0.000144406786896
728 -4.82821609901e-05
729 -8.97221183025e-07
730 9.64714641629e-06
731 -9.48015562961e-05
732 -4.34836662764e-05
733 -0.000140354844039
734 -1.69520808971e-05
735 -8.27318683543e-05
736 -1.82739181932e-05
737 -3.00981452763e-05
738 -5.60335631193e-05
739 -5.36623525626e-05
740 -4.3053318432e-05
741 -0.000116583421498
742 1.91290625388e-05
743 -0.000165090416336
744 0.000124828741852
745 0.000324829979489
746 -1.0791953092e-05
747 -0.000131505724973
748 -0.000225027654116
749 -5.09984953104e-05
750 -2.80610318344e-05
751 -3.01204990656e-05
752 0.000108872345657
753 4.7418663638e-05
754 -1.96258457072e-06
755 -9.20405215746e-05
756 -0.000180026853182
757 -7.83284457768e-05
758 -0.000156431177207
759 -2.76101928731e-05
760 -0.000194166249897
761 -2.16236085311e-06
762 -5.06790970062e-05
763 1.44339315146e-05
764 -2.79451591373e-05
765 -1.49557251828e-05
766 5.61225268305e-06
767 -1.60211759113e-05
768 -0.000110431822209
769 -2.54655443602e-05
770 -8.51351793103e-05
771 -4.6564872068e-05
772 -0.000102782095468
773 1.204978745e-05
774 -5.93530371595e-05
775 -2.22124353311e-05
776 -0.000253056417059
777 -4.88811238728e-05
778 -0.000159582308427
779 -5.63382628265e-05
780 -0.000226203925081
781 -4.1447600665e-05
782 -5.58586802096e-05
783 5.10123421312e-05
784 0.000173674812194
785 1.96668149153e-05
786 -2.38790407027e-05
787 -0.000184551330421
788 -0.000233879719545
789 -1.37336022048e-05
790 -2.28562869185e-05
791 0.000378570652967
792 0.000190524988584
793 -0.000114748456363
794 4.35665273463e-05
795 -0.000104844000201
796 -0.000107043624791
797 -1.33066646162e-05
798 -0.000155788951591
799 -6.39097973351e-05
800 2.50581443687e-06
801 -0.000171572986023
802 1.11244695297e-05
803 -5.53771850128e-05
804 -6.91227302734e-05
805 -4.42391226419e-05
806 -2.01408052868e-05
807 1.27964322231e-06
808 -5.7162617534e-05
809 -0.000219100524882
810 -0.000289079299735
811 -0.000121252923277
812 -0.000216273946552
813 -0.000180273532494
814 -0.00026273064438
815 -0.000167754212221
816 -0.000281419297676
817 -9.79607716078e-05
818 -0.000136296505986
819 -0.000189754138058
820 -0.000298391998408
821 -0.00019873351841
822 1.30583354426e-05
823 -8.71718852017e-05
824 -0.000150613843475
825 -0.000231558053216
826 -0.000109877168652
827 -5.93094625761e-05
828 -0.000304543861367
829 -0.000310965463959
830 -0.000233172607452
831 -0.000124112415357
832 -0.000198730204249
833 -0.000189938472182
834 -0.00017962182942
835 -6.73314526743e-05
836 -5.41792166288e-05
837 -0.000155922020885
838 -0.000150298633526
839 -0.000100411966619
840 -0.000166348863952
841 -0.000138445901755
842 -0.000151507110392
843 -0.000113454775979
844 -5.0105541401e-05
845 -4.49944471993e-05
846 -8.3344377312e-05
847 -7.4944470945e-05
848 -0.000239464345396
849 -0.000118194496059
850 -0.000238986834174
851 -0.000281723807798
852 4.25628248107e-05
853 -0.000145086186153
854 -0.000162980452592
855 -0.000154131485378
856 -1.41134543781e-05
857 -0.000246425544727
858 -0.000101717347533
859 2.74994154457e-05
860 -5.4023992989e-05
861 -4.83414307332e-05
862 -7.34385036677e-05
863 -0.000123926048258
864 -0.000135296343747
865 -0.000122692452481
866 -0.000126301473021
867 -0.000185875811876
868 -0.000211861845396
869 -0.000124537596174
870 -4.76822482789e-05
871 -3.7703416028e-05
872 -8.85115112397e-05
873 -4.53208080162e-05
874 -0.000100523092326
875 -5.95379716192e-05
876 -0.000193131613846
877 8.88280512475e-05
878 -8.11485544958e-05
879 -3.28551685009e-06
880 -9.07698943439e-05
881 -4.40629785519e-05
882 -6.89212945084e-06
883 3.34214355291e-05
884 8.73499649963e-05
885 -0.000175905775395
886 -3.88650570574e-05
887 -2.03771232608e-05
888 -2.9603454042e-05
889 0.000105440193699
890 -3.13576428423e-05
891 3.78876647149e-06
892 -8.04284084408e-05
893 0.000223695498305
894 5.55953991011e-05
895 1.29248973859e-05
896 -2.01278946887e-05
897 4.47869531948e-05
898 9.23306423678e-05
899 7.18417319228e-05
900 9.86419522235e-05
901 8.04317725588e-05
902 0.000114170281051
903 6.26008622104e-05
904 9.63196228096e-05
905 5.15864074222e-05
906 8.00246271061e-05
907 0.00010349733627
908 2.10763773962e-05
909 4.35678652972e-05
910 -3.16864713213e-05
911 0.000114456403571
912 0.000131859066292
913 6.1094029376e-05
914 4.81025547222e-05
915 9.02867684539e-05
916 9.95263060899e-05
917 0.000143942026502
918 0.000202391229414
919 7.98482268599e-05
920 7.54897173456e-05
921 7.46332612621e-05
922 1.8206864482e-05
923 -3.18895250463e-05
924 1.96278238602e-05
925 1.3158078113e-06
926 1.47055783217e-05
927 2.54897642285e-05
928 5.44971694883e-06
929 7.38227737659e-05
930 2.13612368836e-05
931 7.4376497645e-05
932 4.23898509495e-05
933 -3.95207807945e-06
934 5.29986384755e-06
935 7.80186001419e-05
936 3.42330537184e-05
937 3.5173056327e-05
938 5.93332246987e-05
939 0.000100215020924
940 5.03229723671e-05
941 -1.31480227277e-05
942 3.92885158619e-05
943 0.000120962494297
944 9.93399890129e-05
945 3.48929147834e-05
946 2.5165758364e-05
947 8.22572274098e-05
948 0.000142728758747
949 8.11345155111e-05
950 2.04355892805e-06
951 2.16026925796e-05
952 1.95622840331e-05
953 4.16092009269e-05
954 6.16312262785e-05
955 7.3754872734e-05
956 4.00333800917e-05
957 3.54193611443e-05
958 3.53425646762e-05
959 0.000114998994464
960 4.94710169556e-06
961 7.32280444986e-06
962 -7.36876514562e-06
963 3.48168424547e-05
964 0.000105362746647
965 8.56695305014e-05
966 6.30408569654e-05
967 7.22589120527e-05
968 3.41716989521e-06
969 5.75833108119e-05
970 4.40225601085e-06
971 5.07657173145e-05
972 5.17033741287e-05
973 1.43254332614e-05
974 -4.41015295988e-05
975 3.84474967361e-06
976 -7.053648611e-05
977 -4.67857116623e-05
978 -2.44383121794e-05
979 1.45570003621e-05
980 2.70600134093e-05
981 3.56297123542e-05
982 -2.84777089498e-05
983 2.11180316096e-05
984 2.50234093139e-05
985 5.23697904621e-05
986 1.1228676814e-06
987 2.23550215901e-05
988 3.25164464438e-05
989 3.29230527227e-05
990 4.52560063678e-06
991 -7.66607544123e-06
992 -2.34749123974e-05
993 1.98976337111e-05
994 -2.01550277859e-05
995 5.2690956125e-05
996 5.73709436275e-05
997 1.80603623473e-05
998 1.75412611985e-05
999 3.65383052087e-05
1000 6.827214909e-06
1001 6.91688066452e-06
1002 4.73016902654e-05
1003 9.02783371176e-06
1004 3.08367378402e-05
1005 1.07341773914e-05
1006 4.2943351283e-05
1007 3.30757081994e-05
1008 -2.65839691486e-05
1009 -8.2726988029e-06
1010 6.56017745012e-05
1011 3.25209894669e-05
1012 3.97040939484e-05
1013 3.54067122662e-05
1014 1.0744617863e-05
1015 -8.18786902925e-06
1016 -4.08476418702e-06
1017 0.000124805763499
1018 8.45268513285e-07
1019 -6.17833699668e-06
1020 4.19736302304e-06
1021 -4.23170632432e-05
1022 -7.44134474779e-06
1023 3.12611181021e-05
