1.09163197115
0 -3.26718946376e-05
1 2.10644851026e-05
2 -4.93333183104e-05
3 -3.887168103e-05
4 -1.98201784025e-05
5 3.62906876805e-05
6 2.60892687527e-05
7 2.95113099406e-05
8 -2.68143327261e-05
9 9.96754811388e-06
10 1.06750713475e-05
11 3.86300223745e-05
12 1.25245446093e-05
13 2.4577935618e-06
14 2.29472127253e-05
15 2.01684743852e-05
16 2.26359117074e-05
17 3.24560569705e-05
18 1.16158678803e-05
19 1.10547354843e-05
20 -2.65590612444e-08
21 4.92460313954e-07
22 1.86336413884e-05
23 9.66313779109e-06
24 -8.67297462522e-06
25 1.75920734832e-05
26 5.17894848439e-06
27 1.16417849073e-06
28 3.24807869963e-06
29 8.55643053001e-06
30 -5.22242790172e-06
31 -2.58691217895e-05
32 -8.4427662029e-06
33 -2.28050376889e-05
34 -1.32352728617e-05
35 -1.58058405584e-05
36 6.31017648221e-06
37 3.03534526158e-07
38 -2.12265673904e-05
39 -3.61171949426e-06
40 7.63081901821e-06
41 1.40015642113e-05
42 -6.09493061593e-05
43 5.29639984826e-06
44 -4.33831328034e-05
45 -8.72592832034e-05
46 -3.14205048523e-05
47 -7.17214114375e-05
48 -5.60439205761e-05
49 -3.95999395175e-05
50 -1.8401422807e-05
51 4.53165037059e-06
52 6.70540114484e-05
53 1.46421201293e-05
54 -3.28233982159e-06
55 6.09697872835e-05
56 -1.0765416848e-05
57 7.8707899782e-05
58 6.59517977673e-05
59 1.8522250478e-05
60 0.00010929196866
61 4.66868346218e-05
62 3.46213810897e-06
63 -4.71522369199e-05
64 -8.01900778193e-05
65 3.3662609112e-05
66 4.66784692166e-05
67 7.34863372175e-06
68 1.37323075263e-05
69 -2.39912445179e-05
70 -5.73493564283e-05
71 3.63747161176e-05
72 1.87574041352e-05
73 1.45105452415e-05
74 -0.00012665506034
75 4.51948159682e-05
76 0.000146025241668
77 1.42482141425e-06
78 -2.00928459735e-05
79 5.7209783486e-05
80 6.31072173562e-06
81 1.05098490717e-05
82 -0.000159283418879
83 -0.000110163384324
84 -1.1497832895e-05
85 9.45402778881e-06
86 -7.91621827078e-05
87 1.82827914638e-05
88 -6.74335661155e-06
89 -9.07711425064e-05
90 -4.61859311981e-05
91 -4.34928368683e-05
92 7.12122534356e-05
93 0.000105077968578
94 7.57368854809e-05
95 0.000137766518936
96 -1.04607719604e-05
97 4.1167076119e-05
98 0.000125442330231
99 3.35519841868e-06
100 -0.000188646405706
101 -0.000152462269579
102 -0.000104600131377
103 -0.000125619510869
104 4.64799399825e-06
105 -6.01315403286e-05
106 0.000316550698212
107 0.000214050512635
108 -2.25985471871e-05
109 -0.000116238812855
110 5.87888021173e-05
111 0.000178070953799
112 2.05738149338e-05
113 -0.000187483803272
114 -0.000111140007969
115 0.000196427995988
116 -1.51109764967e-05
117 0.000167208415227
118 6.51578554657e-05
119 0.000167443965026
120 3.11311191862e-05
121 -7.20104443945e-05
122 0.000287144941327
123 -0.000139319248219
124 8.46965399214e-05
125 -0.000352666405942
126 9.63646208273e-05
127 -0.000184300673063
128 -1.66415259317e-05
129 0.00056333846694
130 -1.80053468613e-05
131 3.22047488745e-06
132 -0.000105812091297
133 -7.65644013779e-06
134 -0.00013293572647
135 -0.000183118084677
136 -1.84268874146e-05
137 7.50329717018e-05
138 -7.88186746816e-05
139 -0.000108038823159
140 1.64112424115e-05
141 -0.000142743259366
142 -3.37081602558e-05
143 -8.36407400709e-05
144 -0.000103644675392
145 -5.08185318338e-05
146 0.000115672313928
147 0.00039933566542
148 1.55381318899e-05
149 -0.000356450631898
150 -0.000197315969806
151 -0.000209450771871
152 -4.49251845097e-05
153 -6.86992563096e-05
154 -0.000137245110783
155 -0.000182622486609
156 -0.000208443195852
157 -0.000350339418859
158 -0.000151390827972
159 6.558223678e-05
160 -0.000580814323489
161 -0.000282767053545
162 -0.000413751032384
163 -7.60665285829e-05
164 -2.23529252893e-05
165 -0.000450566052997
166 -0.000269141770657
167 -0.000336909186926
168 -0.00012772451089
169 -4.00680213686e-05
170 -0.000202852639706
171 4.02197132385e-05
172 -6.77088295256e-05
173 -0.00047073919503
174 -7.10279822504e-05
175 -5.93139698166e-05
176 -0.000164352559409
177 -9.23202937653e-05
178 0.000143305944777
179 3.62772551352e-05
180 -0.000322687922865
181 -0.000264402387758
182 -0.000180497400801
183 -0.00012722941273
184 -4.82104793124e-05
185 -0.000171137094853
186 3.8267686041e-05
187 -0.000139749419481
188 -7.49204026309e-05
189 -0.000155546653892
190 0.000305275100106
191 -3.00689321955e-05
192 -0.000430336178085
193 -6.79643613007e-05
194 -0.000129680650122
195 -0.000302316429803
196 2.08346311442e-06
197 -5.14235430827e-05
198 0.000131123956382
199 -2.01844435332e-05
200 -6.76575389998e-05
201 2.68615262285e-05
202 -7.86455752529e-05
203 -0.000201715778106
204 -0.000308122299974
205 -8.12643336678e-05
206 0.000173948203999
207 -3.7455260148e-05
208 -0.000179081061724
209 -0.000176637706646
210 -1.7665115794e-05
211 -0.000277666053733
212 -7.980604724e-05
213 0.000144997181433
214 -0.000321280723098
215 -0.000247603499549
216 -0.000208678960267
217 0.000172755889119
218 -6.53281482584e-05
219 -0.000106756556328
220 -3.8911070239e-05
221 -0.000371463134955
222 0.000227743068665
223 0.000156811558338
224 -0.000139638434532
225 6.91057540246e-05
226 0.000445402782373
227 0.000593087444181
228 6.15031134709e-06
229 -0.000483894411222
230 0.000175949390219
231 -0.000101286101296
232 -0.000501324595943
233 0.000643355635661
234 0.0001644325687
235 -2.00445900526e-06
236 -0.000254557555623
237 0.000542469446225
238 4.14030210405e-05
239 0.000315526577019
240 0.000258905368014
241 0.000250081902446
242 0.000129547055025
243 -7.94605585701e-05
244 -8.59128498462e-05
245 2.68198312833e-05
246 8.38980752095e-05
247 -3.88662167874e-05
248 3.31643682492e-05
249 -0.000206581615274
250 7.33677674865e-05
251 -1.19693111175e-05
252 1.98673141317e-05
253 -9.59625794048e-05
254 -4.67912300242e-06
255 3.54479202531e-06
256 -3.62275213179e-05
257 -0.000115645291268
258 -8.81758867243e-05
259 -2.49182508455e-05
260 2.86432551218e-05
261 -2.33758292961e-05
262 1.51078642154e-05
263 1.28541847274e-05
264 -5.0357355754e-05
265 -3.83464420522e-05
266 -0.000129412742249
267 0.000196138513244
268 -9.04925536464e-05
269 -0.000116917813975
270 -5.22897171548e-05
271 0.000263951126136
272 0.00022717450555
273 0.000313844643247
274 0.000212061625876
275 0.000103078351424
276 -0.000420744871261
277 0.000226795399735
278 4.13770215725e-05
279 0.000441162472109
280 0.000558153970796
281 3.12682201464e-06
282 1.58475394071e-05
283 -0.000372235653241
284 0.000101666368672
285 0.000177688017873
286 0.000233756500705
287 9.22810230428e-05
288 8.29135910824e-05
289 -0.000157918005331
290 -0.000148251028989
291 -0.000199620319852
292 -2.78198511655e-05
293 -5.74802201603e-05
294 0.000142307305106
295 2.40826746054e-05
296 -8.47038831463e-05
297 1.07141307152e-05
298 -0.000473251187109
299 0.000188078601322
300 -0.00015900508821
301 -0.000125214272325
302 -0.000149324055307
303 -0.000202209763939
304 -0.000368648274931
305 -1.75117114928e-05
306 -0.000100294887429
307 -9.79600092203e-05
308 -0.000140390045183
309 -0.000197555463747
310 0.000228679942408
311 1.66147058558e-05
312 -9.69373580962e-05
313 -0.000129531077062
314 0.000185203138537
315 0.000185833590803
316 -6.52780033039e-05
317 -0.000143485812442
318 -0.00021488122813
319 8.82932014176e-05
320 -3.48972051528e-05
321 -1.61933817802e-06
322 0.000102409166502
323 0.00028632967805
324 4.41294544376e-07
325 -0.000151191080036
326 -0.000646319765526
327 0.000120753889006
328 -0.000348975534431
329 -2.56016403859e-05
330 -0.000455535558296
331 -0.000325579780851
332 -0.000438105621754
333 0.000114018452892
334 -0.000314084575274
335 6.91558479503e-06
336 6.57683810862e-05
337 -0.000159495666764
338 -0.000143503095573
339 -0.000739587890365
340 0.000244227126476
341 -0.000214510437237
342 0.000481053694145
343 -0.000154384474577
344 0.000498810779515
345 -0.000357240520924
346 -0.000178062065732
347 0.000225310610559
348 0.000169380424619
349 1.97385236477e-05
350 -0.000252211415401
351 3.8553811585e-06
352 -0.000288056347533
353 -0.000316381937633
354 0.000130589989493
355 -0.0005109428177
356 -0.000259840112302
357 -0.000424441212712
358 -0.000225754529285
359 -0.000268944987119
360 -0.000191516377992
361 -0.000143350840217
362 0.00011241366554
363 1.56569734337e-05
364 -0.000533490049564
365 -9.46952054831e-06
366 0.000196010520739
367 -0.000486464441477
368 -0.000137761632448
369 -0.000139841856093
370 -0.00022937483892
371 3.19560635663e-05
372 -1.62072624713e-05
373 -0.000626929371337
374 -9.15026418267e-05
375 0.00103831958769
376 -0.000293463222541
377 -0.000114365701512
378 0.000350595336826
379 0.000263826134315
380 -0.000141213644239
381 0.000610544882451
382 3.79700880866e-05
383 -0.000211363452827
384 0.000156295804713
385 0.000161489646256
386 0.000230233299078
387 0.000135768905162
388 0.000415413402393
389 -7.43729415483e-05
390 0.000333528127517
391 -0.000393872892258
392 0.000387752924817
393 0.000133609449265
394 0.000659197655863
395 0.000196444383359
396 -0.000138273892773
397 0.00045742520265
398 0.000125650643669
399 0.00023526077813
400 0.000147440751145
401 0.000246111998535
402 0.000378510123936
403 0.000341246803707
404 -0.000175863287812
405 0.000107758209588
406 0.000871057325454
407 0.000168397468516
408 0.00025860632357
409 0.000496755519038
410 -0.00112539823989
411 -0.000350835560018
412 0.00224754979166
413 -9.79851778078e-05
414 -0.00020830713705
415 1.48489874397e-05
416 0.000406862692895
417 0.00040521056036
418 0.000306060456256
419 0.000397385710082
420 8.32520103164e-05
421 -0.00022851599598
422 -4.44880213402e-05
423 2.58826601892e-05
424 -2.06510550475e-05
425 -0.000186526267656
426 0.000273470655585
427 0.000216163529689
428 -2.0899468827e-05
429 -0.000184956827215
430 -0.000477357489511
431 0.000161265874233
432 0.000313641505954
433 9.80446561103e-05
434 7.64868130026e-05
435 0.000351964300048
436 0.000774216990335
437 0.000152047410763
438 -0.000255746179948
439 -0.000150310940779
440 6.82764796017e-05
441 -5.21391292975e-05
442 0.000162653780566
443 0.000150227389455
444 0.000375967552396
445 0.000192261074865
446 -6.43396100033e-05
447 0.000447267510808
448 9.95978448155e-05
449 -0.000156982820448
450 0.00014375366182
451 0.000339142884966
452 0.000341943291802
453 0.000210866879816
454 0.000208415653709
455 0.000338793917633
456 -0.000365576306819
457 0.000341798520957
458 8.4482448826e-05
459 3.92767963797e-05
460 6.53808677431e-05
461 -0.000293239092808
462 -3.91477838149e-05
463 -9.7484719389e-05
464 -0.000393490145577
465 -0.000250789662874
466 -0.000228152529463
467 -0.000168528975066
468 -6.47290524051e-05
469 0.000226757723423
470 -0.000252985073072
471 -3.64807466115e-05
472 3.74286089545e-07
473 -0.000119606912862
474 -8.56253018865e-05
475 -1.2697882122e-05
476 1.30987447768e-05
477 -2.11133856741e-05
478 -0.000144175938511
479 -4.47340337912e-05
480 -0.000122991948565
481 -0.000455805826126
482 -8.16195209667e-05
483 0.000201514720832
484 0.000116901561057
485 5.12008323846e-05
486 0.000104733334814
487 0.000258495014436
488 -0.000105302625607
489 7.46472942625e-05
490 9.03576870842e-05
491 1.72989872896e-05
492 -8.59564439665e-05
493 0.000277133890537
494 4.13225548851e-05
495 4.61179535147e-05
496 0.00035987455057
497 0.000191891072709
498 0.000666673910113
499 0.000985714980018
500 0.000215418967415
501 0.000593104971124
502 0.000308405484382
503 -0.000242544616341
504 -0.000505441663378
505 0.00161417609543
506 -0.000423935698815
507 0.00148498901359
508 -0.00785104194694
509 -0.00552868916717
510 -0.0093875024831
511 0.0051389469522
512 0.0
513 0.00644447055305
514 -0.0103225931146
515 -0.00387624575536
516 -0.000583865118041
517 0.000702249089645
518 -0.000841975998454
519 0.00161741802862
520 -0.000935501280444
521 -0.000370388498368
522 -0.000402186309351
523 -7.00203159024e-05
524 0.000499103016558
525 0.000351038837915
526 0.000549800348815
527 0.000232998469118
528 -0.000216736016289
529 0.000447874946556
530 0.000287506245016
531 0.000122618820143
532 -7.29107525319e-05
533 -8.67344422164e-05
534 9.70211591269e-05
535 0.000135917743195
536 5.02527375888e-05
537 0.000173322319765
538 5.59915592597e-05
539 3.16015502615e-05
540 0.000136329792048
541 3.74306578968e-05
542 -0.000247038107171
543 -0.000451740350625
544 -0.000105883735405
545 -3.11541478447e-05
546 -0.000160792750699
547 -0.000112561970643
548 1.44045920985e-05
549 -2.88703811522e-05
550 -0.000132763708263
551 -1.19251906278e-05
552 3.47143362846e-05
553 -1.87585651707e-05
554 -0.000360203515648
555 -9.70500448368e-05
556 -4.17967135025e-05
557 -0.000124397512166
558 -0.000322859700791
559 -0.000408028039758
560 -0.000742724163834
561 -0.000571199327319
562 -0.000190099786088
563 -0.000105114494512
564 3.07174257852e-05
565 -2.39225889007e-05
566 -7.65508491192e-05
567 0.000297014298816
568 -0.000277510316581
569 0.000336561015848
570 0.000378454896226
571 0.000312813387253
572 0.000392445225615
573 9.00234819833e-05
574 2.73366383601e-05
575 -3.57621106801e-05
576 -0.000175238271853
577 0.000290521660212
578 -5.72431350965e-05
579 -0.000173620489777
580 -7.86948927004e-05
581 0.000112674053546
582 8.09752399091e-05
583 0.000330774892775
584 0.000150224130979
585 0.000107677422266
586 -0.000599169427533
587 5.20894246302e-05
588 0.000509701619231
589 0.000161582106643
590 0.000114873271622
591 6.67814359294e-05
592 1.80590216846e-05
593 -0.000131741741216
594 4.63846737435e-05
595 -0.000396456816039
596 -0.000106025907321
597 -0.000125753868451
598 0.000489908330569
599 2.53563207066e-06
600 6.18389991846e-05
601 -0.000262344548475
602 -0.000473445347024
603 -0.000489672433935
604 -8.52876495688e-05
605 0.00047487034263
606 0.000594444228402
607 1.67734885712e-05
608 0.000326271063796
609 -0.000349814888783
610 -6.53230380647e-05
611 0.000276461388522
612 0.000201186638668
613 -0.000276095919991
614 -0.000216743752619
615 0.000474831494909
616 7.53224632672e-05
617 9.52523140441e-05
618 0.00068060949705
619 0.000757182412718
620 -0.000150773908361
621 0.000310114382369
622 -5.50218550071e-05
623 -0.000501665859012
624 0.000202176411573
625 0.000769003010295
626 0.000493980146717
627 -0.000459065746339
628 0.000114532940202
629 0.000289569936783
630 -0.000113395217768
631 0.000409596379337
632 0.000168861810413
633 -0.000326739577062
634 -0.000342115674828
635 0.000889595626464
636 0.000161473123836
637 0.000962576556164
638 -0.000182345310204
639 0.000387033734179
640 9.39969556313e-05
641 -0.00151617532574
642 5.73740222114e-06
643 0.00132521080149
644 0.000204224566448
645 -0.000176261723979
646 0.000872022507531
647 0.000803678405689
648 0.000197792265335
649 -0.000288652262483
650 -0.000313946269776
651 -0.000615663178703
652 -0.000122579075559
653 -2.92622919223e-05
654 -0.000370021197795
655 7.67510014684e-05
656 -0.000366442373952
657 -0.000851784613573
658 -4.54219745871e-05
659 -0.000560670023728
660 -0.000942419059906
661 0.000113731958673
662 -0.000101324825587
663 -5.93911325866e-06
664 -0.000288973480405
665 -0.000168392414727
666 -6.30736722056e-05
667 -0.000237026947592
668 -0.000299839757271
669 0.000238573681288
670 0.000229952869181
671 -0.000585825713442
672 -7.68973638258e-05
673 -0.000181306207417
674 -0.000167438760253
675 -0.000263371186735
676 -0.000307899235714
677 0.000422996211979
678 -0.000245550297053
679 -0.000524910361914
680 -5.5212222337e-05
681 -0.000666003847948
682 -0.000400609680544
683 0.000186191601446
684 0.000961797123173
685 -0.000480613351548
686 -0.000533627892677
687 -0.000219836332588
688 -0.000398646252852
689 -0.00015178150057
690 -0.000208309159391
691 -0.000432650075717
692 -0.000124571475905
693 -0.000737688676184
694 -0.000274514632205
695 -0.000295009716064
696 -0.000399436311122
697 6.76854344681e-05
698 0.000179870216789
699 -9.89637336209e-05
700 -7.85446209598e-05
701 0.000133613846892
702 5.1322437541e-05
703 -0.000233918799494
704 0.000298634346333
705 0.00011782051665
706 -4.10640622277e-05
707 -0.000670113768651
708 -0.000112112459416
709 0.000206404278467
710 7.15646375463e-05
711 -3.68061143898e-05
712 4.02316551191e-05
713 -0.000135510028443
714 0.000208128026397
715 -0.000436361692389
716 3.24943541035e-05
717 0.000143452333613
718 9.53935748922e-05
719 -0.000152900392783
720 -0.000150735322828
721 -4.65063156263e-05
722 -3.1613449679e-05
723 0.000225058163112
724 -0.000199397587359
725 -0.000175757429028
726 -0.000535622373171
727 -0.000195953161066
728 0.000240945222151
729 0.000141752230935
730 6.78840467283e-05
731 0.00022726399684
732 0.00021233510393
733 -3.20251110984e-06
734 -0.000191884413584
735 -0.000106110765398
736 0.000318966457159
737 -5.90259242336e-05
738 0.000359299822156
739 -0.000209478281313
740 -0.000145985957272
741 -0.000407942150716
742 0.000183175183573
743 -0.000890026175941
744 0.000584546405432
745 0.000681426526537
746 -6.23537870924e-05
747 0.000201427444052
748 -0.000178673433962
749 0.000340506593513
750 0.000202162384589
751 1.82965962619e-05
752 0.000283807731972
753 0.000282742492056
754 0.000185833161524
755 -0.000192091858619
756 -3.94012948999e-05
757 0.000163541047892
758 -6.30116199429e-05
759 -5.4054269304e-05
760 1.43316021241e-05
761 0.000152780041443
762 -6.58967236628e-05
763 -5.22010749986e-05
764 -0.000111340477567
765 -6.04424376215e-05
766 7.03609030255e-06
767 0.000163977261504
768 -7.07293580965e-05
769 0.000187672951877
770 -6.9871328775e-05
771 -3.50684237778e-05
772 2.42468082352e-05
773 -0.000108230059328
774 -0.000121349062748
775 -6.59067839327e-05
776 7.90255705697e-05
777 -7.31787757111e-05
778 5.61033981755e-06
779 6.5817264163e-05
780 -4.15669439223e-05
781 9.98732135728e-05
782 7.12836365094e-05
783 0.000228037125074
784 0.000216442168011
785 0.000263679435603
786 -0.000168812293429
787 0.000492934817406
788 -0.000198046017717
789 9.50153574141e-05
790 -1.42785671151e-05
791 0.000338046293267
792 3.54686047484e-05
793 -0.000305422639839
794 6.72184942186e-05
795 -7.69263155465e-05
796 2.74562944753e-05
797 0.000156624829728
798 0.000330770241013
799 1.43274547231e-05
800 -3.84066761071e-05
801 -5.53495461135e-05
802 0.000172823872509
803 -4.45482834074e-06
804 2.4697766716e-05
805 -9.45423004403e-05
806 -0.000378379463954
807 -0.000149295969787
808 -3.05077609084e-05
809 -0.00051290421353
810 -0.000252944315037
811 6.25712783889e-05
812 1.3931708509e-06
813 -0.000116570954481
814 -9.58223940112e-05
815 -8.20047483583e-05
816 -0.000143009865197
817 -1.78195740966e-05
818 1.82464520025e-06
819 -0.000127742936954
820 -0.000205446316957
821 -0.000185623923672
822 5.49877735562e-06
823 -2.65156500263e-05
824 -6.07873639304e-05
825 -2.5534913928e-05
826 0.000151272486246
827 9.4415783406e-05
828 -0.000164289604473
829 -0.000257693211422
830 9.73765945019e-05
831 -6.08154730517e-05
832 -0.000135230734824
833 -0.000110119586993
834 9.43184821497e-06
835 -3.32209162456e-05
836 0.000146569443792
837 -2.67370434056e-05
838 0.000170038671271
839 -4.17791697382e-06
840 -4.61400163723e-05
841 -0.00026892483766
842 -5.6549419256e-05
843 -7.5004506069e-05
844 -0.000148953585742
845 9.2303085977e-05
846 -2.13880080747e-05
847 -0.000210182460955
848 -0.000346825142003
849 -0.000138195025748
850 -4.57115579748e-05
851 -0.000339460943985
852 0.000215272833822
853 -6.91706665946e-05
854 -0.000488029906711
855 -0.000131405287826
856 -0.000392192403866
857 -0.000106538335246
858 -4.33697279388e-05
859 -0.00020726256129
860 -0.000141206060793
861 -0.000113521767412
862 -0.000181897898186
863 -0.000148685990291
864 -0.000345650248474
865 -3.05474858404e-05
866 0.000121409058133
867 -0.000184135066693
868 -0.000327001961704
869 -0.00011567926393
870 -3.57749149833e-05
871 0.000135314334074
872 -0.000190588145519
873 -0.000198263700902
874 -0.000250632533996
875 -0.00014396847805
876 -0.000160673801225
877 8.01757382974e-05
878 -0.000159481982309
879 -5.95428045826e-05
880 -0.000132032384819
881 -6.9702844937e-05
882 -9.28319870378e-05
883 2.98067731068e-05
884 -0.000106939688978
885 -0.000107466309085
886 -0.000161179770241
887 -0.000508168757646
888 3.00052737122e-05
889 0.000132488400644
890 -2.70086094109e-05
891 -0.000186358784031
892 -5.39016290051e-05
893 0.000286183486004
894 0.000183060199219
895 0.000128333700966
896 -6.93414159733e-06
897 -2.04201044162e-05
898 -7.30290090602e-05
899 1.0062416017e-05
900 4.3738960213e-05
901 0.000133261068195
902 3.87128536085e-05
903 -2.73679244191e-05
904 4.38283070362e-05
905 0.000115011584069
906 -0.000178796442132
907 0.000185027845054
908 0.000148604855364
909 -0.000184714545735
910 -2.42868892528e-05
911 6.36145958045e-05
912 4.94373971417e-05
913 -9.97103935945e-06
914 -9.37697076578e-05
915 -2.50258544961e-05
916 6.5346968438e-05
917 0.000297177396584
918 0.000243330864501
919 -1.85297546739e-05
920 -3.76583757456e-05
921 -6.1325423743e-05
922 0.000281513945884
923 -3.56835713736e-05
924 -0.000725654688523
925 -1.50042190789e-05
926 0.000128648746316
927 2.63724961191e-06
928 -0.000134309119807
929 7.11182706233e-05
930 -2.81294785368e-05
931 0.000132720007393
932 -3.83379091252e-05
933 -5.66655177194e-05
934 -8.40402358437e-06
935 -5.98252285802e-05
936 -4.83716220517e-06
937 -1.19272633735e-05
938 1.30629728641e-05
939 3.29876669298e-05
940 2.71458998975e-05
941 -5.37104400211e-05
942 -1.29252057399e-05
943 -9.7206873964e-06
944 1.47062732689e-05
945 2.81567099728e-06
946 1.80252960235e-05
947 9.61411097863e-05
948 0.000141474586519
949 -1.78577696961e-06
950 -9.50890615617e-05
951 -3.19885871741e-05
952 2.18699404998e-05
953 6.08428202422e-05
954 5.5811923691e-05
955 9.76774215741e-06
956 -4.443240039e-05
957 -4.00985778606e-05
958 2.54813655376e-05
959 0.000128643504861
960 1.36469305294e-05
961 -3.09406964391e-05
962 -3.98482794679e-06
963 4.50790578264e-06
964 8.10661583543e-05
965 7.18266315222e-05
966 5.55100096453e-05
967 5.97344366128e-05
968 -7.60558634156e-06
969 5.02749809757e-05
970 3.85429040241e-05
971 2.9911644481e-06
972 1.52587275811e-05
973 5.19557817648e-05
974 2.26947078374e-05
975 -1.95160457476e-05
976 -3.57236157522e-05
977 -4.45541276863e-05
978 -1.15977761954e-05
979 1.33839351396e-05
980 -5.94037738614e-06
981 -7.66728865847e-06
982 -4.15482193583e-05
983 2.7626737536e-05
984 1.584300308e-05
985 -7.58621208942e-06
986 -1.77393813876e-05
987 -9.54468957978e-06
988 -4.97337396513e-06
989 8.64801409231e-07
990 -1.07288074734e-05
991 -1.48426410887e-05
992 -1.29066683008e-05
993 -2.21247124318e-05
994 -1.08513336158e-05
995 -1.67596581103e-08
996 1.54556632213e-05
997 1.98153438812e-06
998 8.78827191502e-06
999 1.14680809548e-05
1000 -9.46261881758e-07
1001 1.31809051514e-05
1002 3.33826247721e-05
1003 3.10022185686e-06
1004 6.73306390305e-06
1005 1.22517731198e-05
1006 5.16429341539e-06
1007 4.10926053398e-05
1008 -1.46234494225e-05
1009 7.24489626012e-07
1010 1.68803113804e-05
1011 -1.42834611053e-05
1012 2.27402954797e-05
1013 2.32607385451e-06
1014 2.30789278219e-06
1015 9.25234083576e-07
1016 -3.24130629228e-05
1017 3.4309242641e-05
1018 1.49134114299e-05
1019 1.68566231276e-05
1020 8.52154462615e-05
1021 -5.26213706123e-05
1022 -2.74699938936e-05
1023 2.21883847407e-05
