-1.00683835301
0 3.30680587602e-06
1 6.20814641395e-06
2 1.82628855291e-05
3 8.20326226967e-06
4 8.37517214653e-06
5 8.80774610121e-06
6 -5.40970943131e-07
7 1.32652909238e-06
8 8.72081824917e-06
9 -6.25760499661e-06
10 -1.25628826139e-05
11 -2.15489316506e-06
12 -6.68341593971e-06
13 -3.03750322404e-06
14 5.81685153997e-06
15 4.0319926004e-06
16 -4.65271813428e-06
17 -8.23306632249e-06
18 -8.73204568253e-06
19 1.03079572371e-06
20 6.54782209168e-06
21 -1.45597370859e-05
22 -3.56437769183e-05
23 -2.35619243054e-05
24 -1.39383078531e-05
25 1.76444945487e-05
26 4.97135590974e-06
27 -3.13765184575e-05
28 -1.23543078432e-05
29 -3.59353594304e-05
30 -2.80197761436e-05
31 1.7188514535e-05
32 1.63583994131e-05
33 1.95506732151e-06
34 2.17517654766e-06
35 -1.47897015839e-05
36 -4.73024275048e-06
37 7.11708241926e-06
38 1.07665008984e-05
39 2.90653078724e-05
40 2.97205367187e-05
41 3.53031018652e-06
42 2.95442173742e-06
43 1.71933038257e-05
44 2.53171793285e-05
45 4.0265434853e-05
46 1.50425613673e-05
47 2.00038316512e-05
48 1.10917597254e-05
49 1.96568341582e-05
50 -4.99936817251e-06
51 1.88181961472e-05
52 -4.55047030554e-06
53 -0.000116388061941
54 -0.000123811667166
55 -2.78648153577e-05
56 7.18595302006e-05
57 -5.16262450007e-05
58 -8.99291810889e-05
59 -7.8146230451e-06
