-1.01043548469e-06
0 0.0
1 0.0
2 -0.00011116405151
3 -0.000508145002643
4 -0.000476972180194
5 -0.000156763612285
6 5.35713951064e-05
7 0.000222451997323
8 0.000151404435117
9 8.07731388597e-05
10 0.000102828703424
11 0.000213051234195
12 0.000104355206188
13 4.07219453105e-05
14 -0.000190909722977
15 -0.000264679708223
16 1.62641925392e-06
17 0.000106522980099
18 8.75693184345e-05
19 -3.92437005029e-05
20 -0.000181592268571
21 -0.000162593314819
22 2.93407288011e-05
23 -7.07568909841e-05
24 -0.000182476759704
25 2.08652347029e-05
26 -6.11428582546e-05
27 -4.14655073984e-05
28 3.78977661008e-05
29 0.000157406562297
30 1.71488034171e-05
31 -0.000252322760906
32 -0.000270804136267
33 -0.000470442445084
34 5.63330646344e-05
35 1.6730590355e-05
36 -7.13934700102e-05
37 -7.0860875348e-05
38 -9.36206033611e-05
39 -0.000119190629109
40 6.70892901941e-05
41 4.7599355741e-05
42 1.40184512729e-05
43 -2.3422767131e-05
44 1.82508135584e-05
45 4.11472030041e-05
46 -9.88368514011e-06
47 -4.7534028149e-06
48 4.34027738437e-06
49 -1.07207367823e-05
50 3.44488423561e-05
51 6.27234593784e-06
52 1.02962581309e-05
53 -1.26954702832e-05
54 1.55054919264e-05
55 1.7817294845e-05
56 -4.0002244918e-06
57 4.01206102651e-05
58 5.76484851108e-05
59 1.98958460146e-05
60 1.78916029958e-06
61 -3.70946104913e-05
62 2.65967206981e-06
63 -2.01135543051e-05
64 1.17141447547e-05
65 5.76011729645e-05
66 -4.55843918518e-05
67 -1.71591151798e-05
68 6.7082264045e-06
69 -2.44338012817e-05
70 1.71001994553e-05
71 1.94149713507e-05
72 -1.35119252273e-05
73 -3.16942124949e-07
74 5.11061076407e-05
75 2.82089647036e-05
76 4.89027249321e-06
77 -1.33831864572e-05
78 -9.27298976181e-06
79 5.2803066603e-05
80 2.77095396099e-06
81 3.11438536858e-06
82 2.37773086993e-05
83 -5.02007967294e-05
84 -2.98020618593e-05
85 -0.000120402589141
86 -3.2076484937e-05
87 3.75652071146e-05
88 7.34039246503e-05
89 7.29159446656e-05
90 4.81653966923e-05
91 -7.59396873169e-05
92 -0.000184086057734
93 -2.4656311248e-05
94 6.17463000182e-05
95 4.72339749258e-05
96 -5.68188519948e-06
97 6.7252676254e-05
98 -2.0432224985e-05
99 -1.82023957013e-05
100 5.28537681364e-05
101 -7.75240142738e-05
102 3.79041964831e-05
103 6.27518569016e-05
104 1.69987803936e-05
105 2.2519206116e-05
106 -4.07298635815e-05
107 1.30906136067e-05
108 -4.70499892842e-05
109 2.85104764998e-05
110 0.000127678919649
111 7.21748853968e-05
112 4.12933616348e-05
113 -4.51392354007e-05
114 -5.41849196499e-05
115 7.07645250913e-06
116 8.92879887985e-05
117 2.84759910238e-05
118 -3.23360307594e-05
119 -4.19666694118e-05
120 -0.000111835029043
121 4.77313991186e-05
122 0.000244683023113
123 0.000109502223605
124 1.84687430842e-05
125 -8.32095264223e-05
126 0.000113691729144
127 -3.44669298435e-05
128 1.42122225883e-05
129 6.83961634731e-06
130 -1.77589014817e-05
131 7.37407185165e-06
132 3.55733376132e-05
133 -2.76626785703e-05
134 3.15062366037e-05
135 -2.28198810236e-05
136 6.11268612729e-05
137 7.78324019373e-05
138 3.20629723644e-05
139 5.51485602246e-05
140 -0.000105533138123
141 5.90122068969e-05
142 6.88351820488e-05
143 5.20763957284e-05
144 1.10075576611e-05
145 -6.18616421212e-05
146 -8.03124001614e-05
147 -4.53246122555e-06
148 -2.77679402753e-05
149 0.000101224969253
150 4.21788180074e-05
151 6.48475236943e-05
152 -4.48144360916e-05
153 -9.02155166444e-06
154 6.71026890989e-05
155 2.26157636035e-05
156 -1.51033425025e-05
157 8.13783207633e-06
158 1.31224349538e-05
159 -2.1821910141e-05
160 -5.66316112799e-05
161 -7.72946777656e-05
162 2.09019449102e-05
163 -1.28925921872e-05
164 -2.47412477337e-05
165 -4.02989230298e-05
166 -9.61786036129e-06
167 7.98449063446e-05
168 -7.72288882383e-05
169 3.01765524873e-05
170 3.86124540687e-05
171 -4.93388411315e-05
172 6.32334236259e-05
173 -5.22135246918e-05
174 -0.000111335927162
175 0.000135322220898
176 -5.36750268619e-05
177 -0.000229894107477
178 -0.000233621676815
179 -0.000214403992461
180 -0.000121476047614
181 4.7572033206e-05
182 7.76558032371e-05
183 0.000166486912891
184 -2.24221713354e-05
185 3.74479903771e-05
186 -0.000149556060987
187 2.57923405189e-05
188 3.12169448162e-05
189 9.90079612648e-05
190 9.2898491089e-05
191 -4.54334189973e-05
192 -6.8010878365e-05
193 3.05436474449e-05
194 -3.86838524023e-05
195 -0.000118707110742
196 8.06370788721e-05
197 5.24968331891e-05
198 -5.98037796119e-05
199 0.000176134538306
200 6.29589378836e-05
201 -1.54249761461e-05
202 -6.67347969117e-05
203 -3.50897417084e-05
204 6.03527887107e-05
205 -4.26063106783e-05
206 -0.000111233093853
207 3.37634301764e-05
208 -6.57523358439e-06
209 -1.60583372681e-06
210 -6.81899379095e-05
211 0.000180245953983
212 -0.000108689195216
213 1.90564610885e-05
214 -3.92962982474e-05
215 -2.32099718852e-05
216 4.95300325109e-05
217 -8.21705160425e-05
218 -5.06805703971e-05
219 6.91168655553e-05
220 -2.47475419109e-05
221 6.23975651484e-05
222 -9.51794211999e-06
223 -0.00014772040213
224 1.4208823984e-05
225 -4.12267768789e-05
226 3.54751411542e-05
227 -1.14470647077e-05
228 1.23013906232e-05
229 3.92622637303e-05
230 -5.77356130792e-05
231 -5.76255451821e-05
232 8.23241012879e-06
233 7.57719243907e-05
234 3.69343353287e-06
235 -5.08891789811e-05
236 8.69905167538e-06
237 -2.53253536836e-05
238 2.21478012373e-05
239 -7.00338841697e-05
240 3.62031481823e-06
241 -1.85871333032e-05
242 8.25740033439e-05
243 8.2058409462e-05
244 1.90516937259e-05
245 1.13969153963e-05
246 6.12540418611e-05
247 -1.07368807779e-05
248 -7.04553500406e-05
249 0.000110608331581
250 1.92161078826e-05
251 -0.000193472487587
252 9.61582333378e-05
253 -2.34706155773e-05
254 1.24441704177e-05
255 3.67628655662e-05
256 -1.95470995349e-05
257 1.77710817607e-05
258 3.91772722922e-05
259 4.30277685471e-05
260 0.000116564539243
261 -3.35961187006e-05
262 6.92949506286e-06
263 -3.3598365477e-05
264 -2.25877063273e-05
265 -4.21549024185e-05
266 -6.74050862288e-05
267 -3.40823804056e-05
268 1.6156807224e-05
269 -6.71952427675e-05
270 2.97839964946e-05
271 7.75994858089e-05
272 5.68418025405e-05
273 0.000103196101626
274 0.000100212541646
275 3.22722798427e-05
276 -0.000101029549396
277 4.65278865542e-05
278 7.26100492319e-05
279 -2.62860731435e-05
280 -8.91503339375e-05
281 1.66216971842e-06
282 -0.000102785833243
283 0.000150824099392
284 -3.52959406415e-06
285 2.72378795735e-05
286 8.46094123215e-05
287 -2.76982305129e-05
288 1.9285688651e-05
289 4.93531062876e-05
290 0.00012363500053
291 -0.000130610351886
292 8.6092787562e-05
293 4.86362518682e-05
294 -0.000142305944291
295 -6.08718249495e-05
296 1.4636842406e-05
297 -2.18854272016e-05
298 0.000191649195335
299 0.00010608521682
300 -4.18599647479e-06
301 -5.71150514457e-05
302 4.51139073128e-06
303 3.3937972327e-05
304 9.70427934455e-05
305 2.78847113213e-05
306 1.83009018327e-05
307 2.9840976119e-05
308 -7.55703791445e-05
309 -3.84056679611e-05
310 6.70892294177e-07
311 6.98659789657e-06
312 2.36868117773e-05
313 7.32597766948e-05
314 -2.73089097822e-05
315 5.20562157762e-06
316 -3.21202701766e-05
317 -0.000144816954716
318 -0.000110572230232
319 9.28198780025e-05
320 7.09633371988e-05
321 -0.000142857509111
322 4.71040125245e-05
323 8.70771754286e-05
324 7.18276298941e-08
325 -1.48874976971e-05
326 -3.46561292303e-05
327 -9.00397730913e-05
328 6.99057874808e-05
329 -6.00462811199e-05
330 6.90447425127e-06
331 -4.42514138529e-05
332 9.4022720244e-06
333 4.39267126617e-05
334 -2.01942417091e-05
335 7.58964087545e-05
336 -0.00011553532292
337 -7.67556643548e-05
338 -2.09650000178e-05
339 -0.000130452872468
340 7.90009336389e-05
341 5.33992152122e-05
342 2.52024733026e-05
343 -1.52786926714e-07
344 0.000111040429059
345 0.000112432917675
346 -1.36074593477e-05
347 1.94395536121e-05
348 4.55993257498e-05
349 -4.21943798825e-05
350 -2.66358174975e-05
351 4.0065885955e-05
352 -0.00011864402945
353 1.92392449373e-05
354 3.23223211086e-05
355 2.93397247685e-05
356 -2.67509487221e-05
357 -0.000139472745025
358 9.67298543689e-05
359 4.09406511653e-05
360 -8.39858546215e-05
361 4.06962340368e-05
362 4.63699338788e-06
363 -4.45104374419e-05
364 -8.16670349743e-06
365 2.89479034111e-05
366 3.17023734286e-05
367 -2.53780103524e-05
368 -3.31256636125e-05
369 5.12580688265e-06
370 1.32439232042e-05
371 -2.99313819892e-05
372 2.60886541269e-06
373 -4.21321215591e-05
374 2.25574814846e-05
375 1.89192658337e-05
376 -2.75924923609e-05
377 -2.82255495704e-05
378 -3.7119283284e-05
379 3.60694194507e-05
380 -4.7322871252e-06
381 2.6206227566e-05
382 5.32875400096e-05
383 5.84416475012e-05
384 5.08533063471e-06
385 -2.68654007884e-05
386 1.23043979328e-06
387 -4.49217250359e-05
388 4.88937378172e-05
389 0.000170336359911
390 -4.78672081519e-05
391 5.89298219991e-05
392 -6.75352372866e-05
393 -7.2137318778e-05
394 8.21597280232e-05
395 -2.71662978798e-05
396 -1.02279725275e-05
397 -3.35957264979e-05
398 0.000237998868782
399 0.00014085662658
400 -5.00588261716e-05
401 -4.58130035533e-05
402 3.59278152222e-05
403 7.60156653959e-05
404 -0.000134066920061
405 -4.66382157865e-05
406 -0.000141838123167
407 -1.35628814377e-05
408 1.58672524955e-05
409 0.000241027152417
410 -0.00018151297999
411 -0.000173468267315
412 -0.000129776372946
413 6.05624343513e-05
414 3.17688217127e-05
415 -8.09702428388e-05
416 0.000104409617965
417 5.30485043689e-05
418 -7.41481983222e-05
419 0.000107781595261
420 -6.50910562379e-05
421 -2.34185815358e-05
422 -3.58303081563e-05
423 3.17431227562e-05
424 -0.000171725908348
425 -0.000126696577078
426 -8.91003952528e-05
427 5.70149551503e-05
428 3.53040487043e-06
429 7.8997031703e-05
430 8.23295388132e-05
431 -3.3311446513e-05
432 -0.000102542123786
433 7.1010253711e-05
434 5.2030542839e-05
435 -2.88094475029e-05
436 -4.56787457755e-05
437 -0.000152178905477
438 -5.54230918073e-05
439 2.59349850383e-05
440 -7.1928007767e-05
441 -1.57639986362e-05
442 5.25160050639e-05
443 -8.26998068368e-06
444 1.971143976e-05
445 0.00019353741664
446 -0.0001059972281
447 9.43972261698e-05
448 -4.7079437973e-05
449 0.0001836349822
450 -6.61877182356e-06
451 -0.000172660875713
452 -0.000202331185275
453 -0.000134017629245
454 -8.95989404349e-05
455 1.87435131569e-05
456 0.000315611894745
457 0.000108380064438
458 -0.000317602442097
459 -0.000297446729605
460 -3.07587183604e-05
461 6.6627213229e-05
462 -3.95666932731e-05
463 -0.000109604230117
464 -6.79455835396e-05
465 0.000242859634599
466 -4.27511123129e-05
467 -0.000393861302684
468 -0.00022906502612
469 -9.59491458978e-06
470 -9.83093240739e-05
471 7.00397060705e-05
472 -0.000332581528186
473 0.000156278971402
474 -0.000368152969354
475 -6.97755229255e-06
476 3.63056968083e-05
477 -3.84215766317e-05
478 -1.81557532426e-05
479 8.00105149206e-05
480 -0.000271298224703
481 -0.000251128967438
482 -0.000264862278445
483 4.55067682915e-05
484 -0.000318645935653
485 0.000197954179756
486 0.000216645577926
487 0.000369327622744
488 1.28088473784e-05
489 -0.000258346650791
490 0.000129250952701
491 -0.000168208033147
492 0.000202771033589
493 8.09247865183e-05
494 -8.71224271685e-06
495 9.21529350073e-05
496 -3.81012437531e-06
497 -0.000398745449456
498 -0.000352434433707
499 5.04623285338e-06
500 -0.00019968517066
501 0.000257577816698
502 0.000240813590697
503 -7.31997716046e-05
504 0.000290815615454
505 -0.000614566353295
506 -0.000589338609264
507 2.34523196847e-05
508 0.000420139410736
509 5.86213317278e-05
510 -5.12142259684e-06
511 2.30468140685e-05
512 2.26606348918e-05
513 0.0
514 0.0
515 0.0
516 0.0
517 0.0
518 0.0
519 0.0
520 0.0
521 0.0
522 0.0
523 0.0
524 0.0
525 0.0
526 0.0
527 0.0
528 0.0
529 0.0
530 0.0
531 0.0
532 0.0
533 0.0
534 0.0
535 0.0
536 0.0
537 0.0
538 0.0
539 0.0
540 0.0
541 0.0
542 0.0
543 0.0
544 0.0
545 0.0
546 0.0
547 0.0
548 0.0
549 0.0
550 0.0
551 0.0
552 0.0
553 0.0
554 0.0
555 0.0
556 0.0
557 0.0
558 0.0
559 0.0
560 0.0
561 0.0
562 0.0
563 0.0
564 0.0
565 0.0
566 0.0
567 0.0
568 0.0
569 0.0
570 0.0
571 0.0
572 0.0
573 0.0
574 0.0
575 0.0
576 0.0
577 0.0
578 0.0
579 0.0
580 0.0
581 0.0
582 0.0
583 0.0
584 0.0
585 0.0
586 0.0
587 0.0
588 0.0
589 0.0
590 0.0
591 0.0
592 0.0
593 0.0
594 0.0
595 0.0
596 0.0
597 0.0
598 0.0
599 0.0
600 0.0
601 0.0
602 0.0
603 0.0
604 0.0
605 0.0
606 0.0
607 0.0
608 0.0
609 0.0
610 0.0
611 0.0
612 0.0
613 0.0
614 0.0
615 0.0
616 0.0
617 0.0
618 0.0
619 0.0
620 0.0
621 0.0
622 0.0
623 0.0
624 0.0
625 0.0
626 0.0
627 0.0
628 0.0
629 0.0
630 0.0
631 0.0
632 0.0
633 0.0
634 0.0
635 0.0
636 0.0
637 0.0
638 0.0
639 0.0
640 0.0
641 0.0
642 0.0
643 0.0
644 0.0
645 0.0
646 0.0
647 0.0
648 0.0
649 0.0
650 0.0
651 0.0
652 0.0
653 0.0
654 0.0
655 0.0
656 0.0
657 0.0
658 0.0
659 0.0
660 0.0
661 0.0
662 0.0
663 0.0
664 0.0
665 0.0
666 0.0
667 0.0
668 0.0
669 0.0
670 0.0
671 0.0
672 0.0
673 0.0
674 0.0
675 0.0
676 0.0
677 0.0
678 0.0
679 0.0
680 0.0
681 0.0
682 0.0
683 0.0
684 0.0
685 0.0
686 0.0
687 0.0
688 0.0
689 0.0
690 0.0
691 0.0
692 0.0
693 0.0
694 0.0
695 0.0
696 0.0
697 0.0
698 0.0
699 0.0
700 0.0
701 0.0
702 0.0
703 0.0
704 0.0
705 0.0
706 0.0
707 0.0
708 0.0
709 0.0
710 0.0
711 0.0
712 0.0
713 0.0
714 0.0
715 0.0
716 0.0
717 0.0
718 0.0
719 0.0
720 0.0
721 0.0
722 0.0
723 0.0
724 0.0
725 0.0
726 0.0
727 0.0
728 0.0
729 0.0
730 0.0
731 0.0
732 0.0
733 0.0
734 0.0
735 0.0
736 0.0
737 0.0
738 0.0
739 0.0
740 0.0
741 0.0
742 0.0
743 0.0
744 0.0
745 0.0
746 0.0
747 0.0
748 0.0
749 0.0
750 0.0
751 0.0
752 0.0
753 0.0
754 0.0
755 0.0
756 0.0
757 0.0
758 0.0
759 0.0
760 0.0
761 0.0
762 0.0
763 0.0
764 0.0
765 0.0
766 0.0
767 0.0
768 0.0
769 0.0
770 0.0
771 0.0
772 0.0
773 0.0
774 0.0
775 0.0
776 0.0
777 0.0
778 0.0
779 0.0
780 0.0
781 0.0
782 0.0
783 0.0
784 0.0
785 0.0
786 0.0
787 0.0
788 0.0
789 0.0
790 0.0
791 0.0
792 0.0
793 0.0
794 0.0
795 0.0
796 0.0
797 0.0
798 0.0
799 0.0
800 0.0
801 0.0
802 0.0
803 0.0
804 0.0
805 0.0
806 0.0
807 0.0
808 0.0
809 0.0
810 0.0
811 0.0
812 0.0
813 0.0
814 0.0
815 0.0
816 0.0
817 0.0
818 0.0
819 0.0
820 0.0
821 0.0
822 0.0
823 0.0
824 0.0
825 0.0
826 0.0
827 0.0
828 0.0
829 0.0
830 0.0
831 0.0
832 0.0
833 0.0
834 0.0
835 0.0
836 0.0
837 0.0
838 0.0
839 0.0
840 0.0
841 0.0
842 0.0
843 0.0
844 0.0
845 0.0
846 0.0
847 0.0
848 0.0
849 0.0
850 0.0
851 0.0
852 0.0
853 0.0
854 0.0
855 0.0
856 0.0
857 0.0
858 0.0
859 0.0
860 0.0
861 0.0
862 0.0
863 0.0
864 0.0
865 0.0
866 0.0
867 0.0
868 0.0
869 0.0
870 0.0
871 0.0
872 0.0
873 0.0
874 0.0
875 0.0
876 0.0
877 0.0
878 0.0
879 0.0
880 0.0
881 0.0
882 0.0
883 0.0
884 0.0
885 0.0
886 0.0
887 0.0
888 0.0
889 0.0
890 0.0
891 0.0
892 0.0
893 0.0
894 0.0
895 0.0
896 0.0
897 0.0
898 0.0
899 0.0
900 0.0
901 0.0
902 0.0
903 0.0
904 0.0
905 0.0
906 0.0
907 0.0
908 0.0
909 0.0
910 0.0
911 0.0
912 0.0
913 0.0
914 0.0
915 0.0
916 0.0
917 0.0
918 0.0
919 0.0
920 0.0
921 0.0
922 0.0
923 0.0
924 0.0
925 0.0
926 0.0
927 0.0
928 0.0
929 0.0
930 0.0
931 0.0
932 0.0
933 0.0
934 0.0
935 0.0
936 0.0
937 0.0
938 0.0
939 0.0
940 0.0
941 0.0
942 0.0
943 0.0
944 0.0
945 0.0
946 0.0
947 0.0
948 0.0
949 0.0
950 0.0
951 0.0
952 0.0
953 0.0
954 0.0
955 0.0
956 0.0
957 0.0
958 0.0
959 0.0
960 0.0
961 0.0
962 0.0
963 0.0
964 0.0
965 0.0
966 0.0
967 0.0
968 0.0
969 0.0
970 0.0
971 0.0
972 0.0
973 0.0
974 0.0
975 0.0
976 0.0
977 0.0
978 0.0
979 0.0
980 0.0
981 0.0
982 0.0
983 0.0
984 0.0
985 0.0
986 0.0
987 0.0
988 0.0
989 0.0
990 0.0
991 0.0
992 0.0
993 0.0
994 0.0
995 0.0
996 0.0
997 0.0
998 0.0
999 0.0
1000 0.0
1001 0.0
1002 0.0
1003 0.0
1004 0.0
1005 0.0
1006 0.0
1007 0.0
1008 0.0
1009 0.0
1010 0.0
1011 0.0
1012 0.0
1013 0.0
1014 0.0
1015 0.0
1016 0.0
1017 0.0
1018 0.0
1019 0.0
1020 0.0
1021 0.0
1022 0.0
1023 0.0
