-6.9491766412e-07
0 0.0
1 0.0
2 -0.000152034257016
3 -0.000194648019412
4 -0.000334248436791
5 -0.000314440241832
6 -0.000107892793132
7 0.00017704491411
8 7.44166197058e-05
9 -5.04737024838e-05
10 -9.96961821661e-05
11 0.00013809864425
12 3.89489331563e-05
13 -2.77435858747e-06
14 -0.000132726129283
15 -0.000177502764648
16 9.62897243869e-05
17 4.49072504316e-05
18 -5.04897095973e-06
19 -8.8077301559e-07
20 -5.98056357072e-05
21 -7.2388161118e-06
22 2.73962338522e-05
23 -5.31370979525e-05
24 -0.000123422385321
25 0.000101673734976
26 -2.49022463843e-05
27 -4.99910412008e-05
28 1.7942355935e-06
29 -1.07530205874e-06
30 5.87206261395e-05
31 6.20064932057e-05
32 -7.29435933032e-05
33 -0.000100586463568
34 0.000124875177582
35 -2.30064770468e-05
36 -6.20985867912e-05
37 -6.32332540708e-05
38 -8.23416721232e-06
39 -5.01781895412e-05
40 6.40511083508e-05
41 1.37512224605e-05
42 -1.78567779631e-07
43 7.3052456006e-06
44 1.01271863995e-05
45 2.21657288602e-06
46 -1.6197053146e-05
47 -7.23822313366e-07
48 1.71049592128e-06
49 -2.4876312275e-06
50 1.37695502205e-05
51 7.83678194818e-06
52 3.53550636942e-06
53 -8.18352079274e-06
54 -5.78259341422e-06
55 1.24898346982e-05
56 5.6378232743e-06
57 2.071836313e-05
58 3.14996313886e-05
59 1.72232673439e-05
60 4.27907222069e-06
61 -3.53016583063e-06
62 -1.8131131704e-05
63 -3.82073153215e-05
64 1.54642124742e-05
65 3.53234866368e-05
66 -7.96076423734e-06
67 -1.53334894597e-05
68 -1.53783437318e-06
69 -8.70257590671e-06
70 5.14225966253e-06
71 1.06512339785e-05
72 1.00490557349e-06
73 7.25295205906e-06
74 1.30487193588e-05
75 1.19478355057e-05
76 1.38612556885e-05
77 -7.31288684525e-06
78 -1.98760113201e-05
79 3.26813083338e-05
80 1.95485201524e-05
81 -1.76904158455e-05
82 -1.17940295888e-05
83 -6.72746103771e-06
84 -4.10078225343e-05
85 -1.44266317529e-05
86 3.05532687656e-05
87 2.497248944e-05
88 -1.71733821397e-05
89 -7.99832144414e-06
90 -5.58544923983e-06
91 2.39069695915e-05
92 -3.79024776012e-05
93 -2.84260493232e-05
94 -7.67799837369e-06
95 2.50743593921e-06
96 -8.8654201743e-06
97 2.68194153676e-05
98 7.30768641695e-06
99 -2.16399953226e-05
100 -2.38323153379e-05
101 -1.92009237541e-05
102 2.46477658402e-05
103 4.29674610189e-05
104 1.36857967215e-05
105 1.56870432269e-05
106 -1.85639478251e-06
107 1.82443952303e-05
108 -1.70240682797e-05
109 4.27537182982e-05
110 1.93383387862e-05
111 -2.45086204752e-05
112 4.01055165396e-05
113 9.96645140835e-06
114 -1.41119452861e-05
115 -1.32626185232e-05
116 2.67914542488e-05
117 9.16611994556e-06
118 -8.67005106464e-06
119 -4.56238595573e-05
120 -3.94703187457e-05
121 7.4475236809e-05
122 5.98776880064e-05
123 3.73077429398e-06
124 2.40322774153e-05
125 1.30862578144e-05
126 8.75101612379e-05
127 -2.96142428023e-05
128 -9.11499313159e-06
129 9.2937971293e-06
130 -4.99857575185e-06
131 3.21127254526e-05
132 1.1022672567e-05
133 -2.30317550454e-05
134 -1.22917297401e-06
135 -8.00744942606e-06
136 1.48473699695e-05
137 5.2601602023e-05
138 1.57620411329e-05
139 9.33027390314e-06
140 -3.94546860986e-05
141 1.07462739043e-05
142 4.00279961968e-05
143 1.78375080006e-05
144 1.28706387811e-06
145 -3.36753059554e-05
146 -2.96306363072e-05
147 2.23321262478e-05
148 -1.69592689441e-05
149 3.9098357133e-05
150 3.13918682342e-05
151 2.96763326178e-05
152 4.19934517442e-06
153 -1.93072756461e-05
154 3.43662392791e-05
155 1.45198551474e-05
156 1.47227241348e-05
157 -2.16672661533e-05
158 -1.56826559839e-05
159 -2.31421680805e-05
160 -1.4310505002e-05
161 3.82555858307e-05
162 2.4600838913e-05
163 2.9389661578e-05
164 -7.5439811405e-05
165 -2.70052296028e-05
166 1.99951191031e-05
167 -2.06582577649e-05
168 8.33709306347e-06
169 4.55002525948e-05
170 2.92471714293e-05
171 1.14792203277e-05
172 -5.17708704094e-05
173 9.57312540628e-06
174 -3.85255417072e-05
175 9.91868770443e-06
176 -3.20733570028e-05
177 -0.000101279120349
178 -0.000120111570491
179 -8.19810229407e-05
180 5.46602415282e-05
181 -1.86124070648e-05
182 2.13916321387e-06
183 7.98175983018e-06
184 -3.50004813943e-05
185 -4.79349715834e-05
186 -7.05701685372e-05
187 -2.52060064982e-07
188 1.03678979458e-05
189 7.67873810734e-05
190 2.35117088231e-05
191 -2.23415383498e-05
192 9.766558268e-07
193 -1.14545290864e-08
194 4.71972322169e-05
195 2.61200348735e-05
196 3.41770522281e-05
197 -3.33345262812e-05
198 -1.32918390811e-05
199 5.96786274263e-05
200 1.13161155658e-05
201 1.35924015474e-06
202 -6.41844131054e-05
203 -2.85681451678e-05
204 -1.67878527175e-05
205 -3.29747963213e-05
206 5.07831160701e-05
207 -4.57884313308e-06
208 -1.81445548482e-06
209 -2.83654755166e-05
210 -4.0218939595e-05
211 3.46856635307e-05
212 -7.51917587882e-06
213 -1.19939550156e-05
214 -3.1843249183e-05
215 3.56177186013e-05
216 2.27871551408e-05
217 -3.43106731308e-05
218 -3.1866670311e-05
219 2.1890184855e-05
220 -1.57443091964e-05
221 2.40826826486e-05
222 -4.47389200297e-06
223 1.02283640552e-05
224 1.24993482637e-06
225 -2.01908300206e-05
226 -3.6906292938e-07
227 1.89173887266e-06
228 1.83634640777e-06
229 8.30548245582e-06
230 -1.54421413354e-05
231 -1.28189023505e-05
232 -1.07416011608e-05
233 3.448828147e-05
234 1.87099789316e-05
235 -1.77410210122e-05
236 1.51642476807e-05
237 -1.15497591457e-05
238 -6.29809864891e-06
239 -3.42696971761e-05
240 -7.06583584624e-06
241 -3.09813558185e-05
242 2.93285285216e-05
243 5.67929393402e-05
244 1.4460551444e-08
245 -3.46201899948e-06
246 6.55020438149e-05
247 -8.21997528839e-07
248 1.0632133566e-05
249 4.82186139188e-05
250 -4.3621352923e-05
251 -4.75852689216e-05
252 5.46689068835e-06
253 4.56027427251e-05
254 1.6054463717e-05
255 4.07096053294e-05
256 -1.2057796568e-05
257 1.8389610404e-06
258 2.85822418187e-05
259 -2.02652256875e-05
260 1.90519302157e-05
261 -2.18795232756e-05
262 -6.19512986869e-06
263 -3.59758655353e-05
264 -3.1090033478e-05
265 -6.14730254891e-06
266 -3.91942087281e-05
267 -1.58547995227e-05
268 1.08611202273e-05
269 2.92454209849e-05
270 1.55004030197e-05
271 -4.31520379161e-05
272 2.69514952767e-05
273 2.10939261466e-05
274 2.19553940008e-05
275 -1.57473592678e-06
276 -7.68240567595e-06
277 2.28726951089e-05
278 1.1369193275e-05
279 -3.21020755252e-05
280 -1.9039950104e-05
281 -2.06849329385e-05
282 -3.57840356452e-05
283 2.77132848934e-05
284 -4.01408483271e-06
285 -1.18333693555e-05
286 7.46699075138e-05
287 -1.75247126579e-05
288 -1.40753209112e-05
289 7.94993496552e-06
290 2.44397157073e-05
291 -2.8846445294e-07
292 1.57624873032e-06
293 -1.28020989837e-05
294 -3.45627592528e-05
295 1.28080451857e-05
296 -1.01263756483e-05
297 -1.13671929938e-05
298 9.77533936467e-06
299 5.17228725661e-05
300 4.32474092872e-05
301 -1.52516061589e-05
302 -1.22344854014e-05
303 1.2392152653e-05
304 8.51036305124e-06
305 -5.08458636092e-06
306 -3.30153385734e-06
307 -9.99175770722e-06
308 -2.49300544647e-05
309 -7.44760385931e-06
310 7.67834447736e-06
311 -1.68482705307e-05
312 9.46697361173e-06
313 -7.01552060987e-07
314 -7.41718260008e-06
315 -2.78578018199e-05
316 -2.67994071942e-05
317 -7.70301247632e-05
318 -3.41329625967e-05
319 -4.34222113015e-06
320 -1.68839859131e-05
321 -7.72616826089e-05
322 -7.06022504415e-06
323 1.03818229927e-05
324 -2.95187059589e-05
325 0.0
326 0.0
327 0.0
328 0.0
329 0.0
330 0.0
331 0.0
332 0.0
333 0.0
334 0.0
335 0.0
336 0.0
337 0.0
338 0.0
339 0.0
340 0.0
341 0.0
342 0.0
343 0.0
344 0.0
345 0.0
346 0.0
347 0.0
348 0.0
349 0.0
350 0.0
351 0.0
352 0.0
353 0.0
354 0.0
355 0.0
356 0.0
357 0.0
358 0.0
359 0.0
360 0.0
361 0.0
362 0.0
363 0.0
364 0.0
365 0.0
366 0.0
367 0.0
368 0.0
369 0.0
370 0.0
371 0.0
372 0.0
373 0.0
374 0.0
375 0.0
376 0.0
377 0.0
378 0.0
379 0.0
380 0.0
381 0.0
382 0.0
383 0.0
384 0.0
385 0.0
386 0.0
387 0.0
388 0.0
389 0.0
390 0.0
391 0.0
392 0.0
393 0.0
394 0.0
395 0.0
396 0.0
397 0.0
398 0.0
399 0.0
400 0.0
401 0.0
402 0.0
403 0.0
404 0.0
405 0.0
406 0.0
407 0.0
408 0.0
409 0.0
410 0.0
411 0.0
412 0.0
413 0.0
414 0.0
415 0.0
416 0.0
417 0.0
418 0.0
419 0.0
420 0.0
421 0.0
422 0.0
423 0.0
424 0.0
425 0.0
426 0.0
427 0.0
428 0.0
429 0.0
430 0.0
431 0.0
432 0.0
433 0.0
434 0.0
435 0.0
436 0.0
437 0.0
438 0.0
439 0.0
440 0.0
441 0.0
442 0.0
443 0.0
444 0.0
445 0.0
446 0.0
447 0.0
448 0.0
449 0.0
450 0.0
451 0.0
452 0.0
453 0.0
454 0.0
455 0.0
456 0.0
457 0.0
458 0.0
459 0.0
460 0.0
461 0.0
462 0.0
463 0.0
464 0.0
465 0.0
466 0.0
467 0.0
468 0.0
469 0.0
470 0.0
471 0.0
472 0.0
473 0.0
474 0.0
475 0.0
476 0.0
477 0.0
478 0.0
479 0.0
480 0.0
481 0.0
482 0.0
483 0.0
484 0.0
485 0.0
486 0.0
487 0.0
488 0.0
489 0.0
490 0.0
491 0.0
492 0.0
493 0.0
494 0.0
495 0.0
496 0.0
497 0.0
498 0.0
499 0.0
500 0.0
501 0.0
502 0.0
503 0.0
504 0.0
505 0.0
506 0.0
507 0.0
508 0.0
509 0.0
510 0.0
511 0.0
512 0.0
513 0.0
514 0.0
515 0.0
516 0.0
517 0.0
518 0.0
519 0.0
520 0.0
521 0.0
522 0.0
523 0.0
524 0.0
525 0.0
526 0.0
527 0.0
528 0.0
529 0.0
530 0.0
531 0.0
532 0.0
533 0.0
534 0.0
535 0.0
536 0.0
537 0.0
538 0.0
539 0.0
540 0.0
541 0.0
542 0.0
543 0.0
544 0.0
545 0.0
546 0.0
547 0.0
548 0.0
549 0.0
550 0.0
551 0.0
552 0.0
553 0.0
554 0.0
555 0.0
556 0.0
557 0.0
558 0.0
559 0.0
560 0.0
561 0.0
562 0.0
563 0.0
564 0.0
565 0.0
566 0.0
567 0.0
568 0.0
569 0.0
570 0.0
571 0.0
572 0.0
573 0.0
574 0.0
575 0.0
576 0.0
577 0.0
578 0.0
579 0.0
580 0.0
581 0.0
582 0.0
583 0.0
584 0.0
585 0.0
586 0.0
587 0.0
588 0.0
589 0.0
590 0.0
591 0.0
592 0.0
593 0.0
594 0.0
595 0.0
596 0.0
597 0.0
598 0.0
599 0.0
600 0.0
601 0.0
602 0.0
603 0.0
604 0.0
605 0.0
606 0.0
607 0.0
608 0.0
609 0.0
610 0.0
611 0.0
612 0.0
613 0.0
614 0.0
615 0.0
616 0.0
617 0.0
618 0.0
619 0.0
620 0.0
621 0.0
622 0.0
623 0.0
624 0.0
625 0.0
626 0.0
627 0.0
628 0.0
629 0.0
630 0.0
631 0.0
632 0.0
633 0.0
634 0.0
635 0.0
636 0.0
637 0.0
638 0.0
639 0.0
640 0.0
641 0.0
642 0.0
643 0.0
644 0.0
645 0.0
646 0.0
647 0.0
648 0.0
649 0.0
650 0.0
651 0.0
652 0.0
653 0.0
654 0.0
655 0.0
656 0.0
657 0.0
658 0.0
659 0.0
660 0.0
661 0.0
662 0.0
663 0.0
664 0.0
665 0.0
666 0.0
667 0.0
668 0.0
669 0.0
670 0.0
671 0.0
672 0.0
673 0.0
674 0.0
675 0.0
676 0.0
677 0.0
678 0.0
679 0.0
680 0.0
681 0.0
682 0.0
683 0.0
684 0.0
685 0.0
686 0.0
687 0.0
688 0.0
689 0.0
690 0.0
691 0.0
692 0.0
693 0.0
694 0.0
695 0.0
696 0.0
697 0.0
698 0.0
699 0.0
700 0.0
701 0.0
702 0.0
703 0.0
704 0.0
705 0.0
706 0.0
707 0.0
708 0.0
709 0.0
710 0.0
711 0.0
712 0.0
713 0.0
714 0.0
715 0.0
716 0.0
717 0.0
718 0.0
719 0.0
720 0.0
721 0.0
722 0.0
723 0.0
724 0.0
725 0.0
726 0.0
727 0.0
728 0.0
729 0.0
730 0.0
731 0.0
732 0.0
733 0.0
734 0.0
735 0.0
736 0.0
737 0.0
738 0.0
739 0.0
740 0.0
741 0.0
742 0.0
743 0.0
744 0.0
745 0.0
746 0.0
747 0.0
748 0.0
749 0.0
750 0.0
751 0.0
752 0.0
753 0.0
754 0.0
755 0.0
756 0.0
757 0.0
758 0.0
759 0.0
760 0.0
761 0.0
762 0.0
763 0.0
764 0.0
765 0.0
766 0.0
767 0.0
768 0.0
769 0.0
770 0.0
771 0.0
772 0.0
773 0.0
774 0.0
775 0.0
776 0.0
777 0.0
778 0.0
779 0.0
780 0.0
781 0.0
782 0.0
783 0.0
784 0.0
785 0.0
786 0.0
787 0.0
788 0.0
789 0.0
790 0.0
791 0.0
792 0.0
793 0.0
794 0.0
795 0.0
796 0.0
797 0.0
798 0.0
799 0.0
800 0.0
801 0.0
802 0.0
803 0.0
804 0.0
805 0.0
806 0.0
807 0.0
808 0.0
809 0.0
810 0.0
811 0.0
812 0.0
813 0.0
814 0.0
815 0.0
816 0.0
817 0.0
818 0.0
819 0.0
820 0.0
821 0.0
822 0.0
823 0.0
824 0.0
825 0.0
826 0.0
827 0.0
828 0.0
829 0.0
830 0.0
831 0.0
832 0.0
833 0.0
834 0.0
835 0.0
836 0.0
837 0.0
838 0.0
839 0.0
840 0.0
841 0.0
842 0.0
843 0.0
844 0.0
845 0.0
846 0.0
847 0.0
848 0.0
849 0.0
850 0.0
851 0.0
852 0.0
853 0.0
854 0.0
855 0.0
856 0.0
857 0.0
858 0.0
859 0.0
860 0.0
861 0.0
862 0.0
863 0.0
864 0.0
865 0.0
866 0.0
867 0.0
868 0.0
869 0.0
870 0.0
871 0.0
872 0.0
873 0.0
874 0.0
875 0.0
876 0.0
877 0.0
878 0.0
879 0.0
880 0.0
881 0.0
882 0.0
883 0.0
884 0.0
885 0.0
886 0.0
887 0.0
888 0.0
889 0.0
890 0.0
891 0.0
892 0.0
893 0.0
894 0.0
895 0.0
896 0.0
897 0.0
898 0.0
899 0.0
900 0.0
901 0.0
902 0.0
903 0.0
904 0.0
905 0.0
906 0.0
907 0.0
908 0.0
909 0.0
910 0.0
911 0.0
912 0.0
913 0.0
914 0.0
915 0.0
916 0.0
917 0.0
918 0.0
919 0.0
920 0.0
921 0.0
922 0.0
923 0.0
924 0.0
925 0.0
926 0.0
927 0.0
928 0.0
929 0.0
930 0.0
931 0.0
932 0.0
933 0.0
934 0.0
935 0.0
936 0.0
937 0.0
938 0.0
939 0.0
940 0.0
941 0.0
942 0.0
943 0.0
944 0.0
945 0.0
946 0.0
947 0.0
948 0.0
949 0.0
950 0.0
951 0.0
952 0.0
953 0.0
954 0.0
955 0.0
956 0.0
957 0.0
958 0.0
959 0.0
960 0.0
961 0.0
962 0.0
963 0.0
964 0.0
965 0.0
966 0.0
967 0.0
968 0.0
969 0.0
970 0.0
971 0.0
972 0.0
973 0.0
974 0.0
975 0.0
976 0.0
977 0.0
978 0.0
979 0.0
980 0.0
981 0.0
982 0.0
983 0.0
984 0.0
985 0.0
986 0.0
987 0.0
988 0.0
989 0.0
990 0.0
991 0.0
992 0.0
993 0.0
994 0.0
995 0.0
996 0.0
997 0.0
998 0.0
999 0.0
1000 0.0
1001 0.0
1002 0.0
1003 0.0
1004 0.0
1005 0.0
1006 0.0
1007 0.0
1008 0.0
1009 0.0
1010 0.0
1011 0.0
1012 0.0
1013 0.0
1014 0.0
1015 0.0
1016 0.0
1017 0.0
1018 0.0
1019 0.0
1020 0.0
1021 0.0
1022 0.0
1023 0.0
