2.2315490248
0 0.0
1 0.0
2 0.0
3 0.000564259501019
4 0.000985523965006
5 -9.74032147388e-06
6 -0.000230569886059
7 9.77280026379e-05
8 0.000328210452803
9 8.85844237224e-05
10 4.22347578981e-05
11 0.00017348203467
12 0.000275924037408
13 0.000299704521029
14 0.000208631480472
15 -0.000170711510593
16 0.000252090068384
17 0.000122971742857
18 7.57688527644e-05
19 -3.37602461343e-05
20 -4.40166422232e-05
21 4.4439352702e-05
22 -5.38044700483e-05
23 8.21218327785e-05
24 -0.000105548700105
25 2.0174472409e-05
26 0.000144388601866
27 -3.47442678278e-05
28 -5.76040765062e-05
29 3.62347602852e-05
30 0.00014465019787
31 3.27626511751e-05
32 -3.54726770038e-05
33 -0.000150945441689
34 0.000130065956457
35 8.58645893069e-05
36 5.49056929699e-05
37 -2.32165483462e-05
38 -1.61063184437e-05
39 -5.05192048731e-05
40 9.88941114111e-05
41 -9.50118318199e-06
42 1.50563582816e-05
43 2.45055682438e-06
44 -2.77038205513e-06
45 7.59053133478e-06
46 1.44450370651e-05
47 -3.72858724448e-05
48 -2.05511724979e-05
49 -6.16704079909e-06
50 3.17220954955e-05
51 -2.85640148593e-06
52 -7.64060554861e-08
53 6.74822974357e-06
54 -1.49078615631e-06
55 -5.05315710252e-06
56 -1.13672934007e-05
57 3.29103726652e-05
58 5.2808582492e-05
59 1.29550114827e-05
60 1.3230441945e-05
61 -1.06821455551e-05
62 -8.46930756087e-06
63 -3.4809162223e-05
64 -1.25631887501e-05
65 5.19332493702e-05
66 -3.65308457738e-05
67 -1.16484130732e-05
68 1.83453906971e-05
69 -3.44950370699e-05
70 1.43777224248e-06
71 9.26026785983e-06
72 -4.47878893427e-06
73 3.42714346431e-05
74 -1.5552403886e-05
75 2.07140951401e-05
76 1.75064319424e-07
77 -3.41953104359e-05
78 2.86492200308e-05
79 2.63379693121e-05
80 2.58993205466e-05
81 -2.82624451675e-05
82 1.2784322128e-05
83 -5.8729301977e-05
84 2.09511495698e-06
85 -5.94669383605e-05
86 -5.72080335181e-05
87 4.12168658127e-05
88 6.45964492214e-05
89 8.41049517562e-07
90 1.58837558447e-06
91 -0.000134210655193
92 2.73996455394e-05
93 4.89593346838e-06
94 9.32310732057e-05
95 -3.31108125757e-05
96 -8.95873280791e-05
97 9.40818285885e-05
98 -5.93725584606e-05
99 -9.40634426169e-06
100 -5.40532235991e-05
101 -2.48296461236e-05
102 5.23706779395e-05
103 4.28877411056e-05
104 8.45879219003e-06
105 1.50259367356e-05
106 -1.92843318699e-05
107 1.54262579594e-05
108 1.21735812772e-05
109 2.1234536697e-05
110 0.00014086272751
111 -2.93203678327e-05
112 9.55943574939e-05
113 6.33116219531e-06
114 -2.32292344114e-05
115 -2.71274008009e-05
116 -4.574522742e-05
117 8.91136591665e-05
118 -5.0412115451e-06
119 -6.97700070919e-05
120 -7.81917515586e-05
121 3.55560937631e-06
122 0.000210094528616
123 4.94196007776e-05
124 0.000132877134473
125 -1.38119046551e-05
126 0.000112779012007
127 -4.50429129461e-05
128 3.17298551901e-05
129 -2.72390419722e-05
130 -3.84629049014e-05
131 -5.84226889932e-05
132 9.23155359367e-05
133 -2.76566537007e-05
134 6.47177931425e-05
135 -1.33915461889e-06
136 3.87802585911e-05
137 8.00075874156e-05
138 5.66125142854e-05
139 1.52205094357e-05
140 -8.0111642869e-05
141 -2.11892428077e-06
142 4.01516546731e-05
143 7.80005327283e-05
144 3.93110661253e-05
145 -7.579501671e-05
146 1.22179314538e-05
147 5.56838895395e-05
148 -3.59194338645e-05
149 0.000113254941793
150 -1.06674063013e-05
151 2.01091696104e-05
152 -2.21732309826e-05
153 2.25074882336e-05
154 8.44768343771e-05
155 -5.37068665129e-05
156 -2.06296710008e-05
157 4.48670015603e-05
158 1.03758543569e-05
159 -3.72956370485e-05
160 -0.000103158146295
161 -0.000134730620036
162 8.82344048141e-05
163 4.9941054983e-05
164 -9.7530333111e-05
165 7.18303838453e-05
166 5.27312578736e-05
167 1.48498645986e-05
168 -3.31876239275e-05
169 8.39888326029e-06
170 0.000100160691029
171 -4.73154946475e-05
172 -9.14875258179e-06
173 -6.81844109859e-05
174 -8.73266435007e-06
175 0.000119842399015
176 -8.1915109196e-05
177 -2.38052444499e-06
178 -0.000141980101218
179 -5.35617216183e-05
180 -0.000120205989574
181 5.50162712806e-05
182 2.04345443654e-05
183 1.21730396032e-05
184 3.70186001744e-05
185 0.000110422426231
186 -0.00011234299858
187 -5.93440495735e-05
188 -4.08379694218e-05
189 3.29753498815e-05
190 0.000139119089427
191 -2.60941637047e-05
192 -3.96253193007e-06
193 4.46377421419e-05
194 -0.000103134956775
195 -6.9551232383e-05
196 0.000127209780178
197 1.18917725556e-05
198 -5.52911961796e-05
199 9.09562634743e-05
200 5.75628447719e-05
201 5.08734662785e-06
202 -8.70613931685e-05
203 -1.36772935913e-05
204 9.74197662741e-05
205 -0.000102077221891
206 -9.01264532995e-05
207 2.65180481696e-05
208 5.31786005253e-05
209 -1.5747695199e-05
210 -0.000125545714534
211 9.46727069102e-05
212 6.01204354789e-05
213 -2.02032018836e-05
214 -0.000140644313023
215 5.4783868361e-05
216 5.49860888726e-05
217 -6.09340418477e-05
218 -2.85574712923e-05
219 0.000113496775741
220 -0.000112597879498
221 3.71206592631e-06
222 -1.25110132075e-06
223 -3.42024500836e-05
224 9.18008473155e-05
225 -3.63515379485e-05
226 1.65719587494e-05
227 1.4216795327e-05
228 2.00010288747e-05
229 1.3066447619e-05
230 -4.4415426508e-05
231 9.8361242617e-07
232 -6.47949105243e-05
233 5.66350305956e-05
234 -9.38733912309e-06
235 1.03084856144e-05
236 1.99583966144e-05
237 -8.59872569128e-06
238 3.87057687155e-05
239 -0.000147368129887
240 -3.77471815754e-06
241 -4.76056069414e-05
242 7.04982193013e-06
243 3.59809315854e-05
244 8.13394279382e-06
245 1.99662525214e-05
246 6.60704984964e-05
247 -5.92646873152e-05
248 -4.98043412107e-05
249 5.20508872557e-05
250 -3.96301543802e-05
251 4.42802695073e-05
252 4.11289602002e-05
253 -8.1544305021e-05
254 3.03746487853e-05
255 2.23354910012e-05
256 -6.33236112922e-05
257 2.06944578718e-05
258 -7.35722058274e-05
259 2.87256089134e-05
260 4.22852959298e-05
261 -6.63991685521e-06
262 6.16335044278e-05
263 -6.41733301215e-05
264 9.26740631946e-06
265 4.00221487916e-05
266 -2.08708532864e-05
267 -7.19302927757e-05
268 -4.64378008008e-05
269 1.80664781116e-05
270 2.65099841176e-05
271 5.35365541724e-05
272 7.75299939262e-05
273 5.50170110346e-05
274 7.93814852077e-05
275 4.54269477676e-05
276 -7.28470416367e-05
277 -7.62046094398e-05
278 -0.00011136035134
279 -1.58242070004e-05
280 -2.22001074916e-05
281 7.61172980867e-05
282 3.15016935506e-06
283 2.47396964041e-05
284 -6.74165230869e-05
285 7.01116069307e-05
286 9.00726096147e-05
287 3.60888771015e-05
288 -2.37094922006e-05
289 2.03536767799e-05
290 6.24788431179e-05
291 -7.67329439379e-05
292 6.46266841894e-05
293 4.306115033e-05
294 -0.000140496420806
295 2.7486036849e-05
296 -3.87359382018e-06
297 -7.41402960944e-05
298 5.43507559222e-06
299 0.000141846098802
300 0.000102395226527
301 -2.02750678258e-05
302 -4.61363789089e-05
303 -8.98883572566e-05
304 -3.83110759675e-05
305 5.2619350564e-05
306 3.93851463456e-05
307 2.34913633545e-05
308 -2.99205778327e-05
309 -4.4933996859e-05
310 -3.61150177383e-05
311 -3.08409196386e-06
312 2.82985495053e-05
313 -1.367658299e-05
314 3.29872664277e-06
315 2.8837530593e-05
316 2.58941087088e-05
317 -0.000114702880946
318 -5.98455126942e-05
319 -4.3786878393e-05
320 5.53368722725e-05
321 -0.000106516226886
322 9.77707560558e-05
323 5.37529203616e-05
324 1.32477785768e-05
325 1.06726393438e-05
326 -5.63618188826e-05
327 -6.98765413261e-05
328 2.5647001351e-05
329 3.48457640714e-05
330 -9.79164158164e-06
331 -5.01323617217e-05
332 3.75975833173e-05
333 2.82528904855e-05
334 1.90940801741e-05
335 1.18014303892e-05
336 -0.000138329268434
337 -7.09911892175e-05
338 -0.000118784266157
339 3.14729777225e-07
340 7.91786829291e-05
341 -9.55240710196e-05
342 -3.72587196513e-05
343 -6.13779650957e-05
344 9.89719248731e-05
345 -2.61549262528e-05
346 -3.7291371069e-05
347 0.000162654883791
348 8.19098366024e-06
349 -4.84248908148e-05
350 1.59879887145e-05
351 0.000121921743057
352 -8.30520466547e-05
353 -1.40600836879e-05
354 2.32459140041e-05
355 2.86473709833e-05
356 -7.90891135905e-05
357 -5.32965678831e-05
358 0.000107499793333
359 1.66262211947e-05
360 -9.9697341814e-05
361 5.71720228918e-05
362 -5.17915369768e-06
363 -3.73112014325e-05
364 -6.31173528256e-06
365 -3.65332945702e-05
366 6.39130867039e-05
367 -9.96614857282e-07
368 -5.4965084812e-05
369 -2.17428985123e-06
370 3.36387259315e-05
371 -1.28879275729e-05
372 5.16461717727e-06
373 2.93756392306e-05
374 -1.74581018022e-06
375 2.73537735994e-05
376 -5.39565292366e-05
377 -1.23717503476e-05
378 -1.34929744125e-05
379 1.04313555157e-05
380 -7.26530005443e-05
381 4.62330840362e-05
382 6.64311799397e-05
383 2.05058813933e-05
384 7.25607931488e-05
385 -2.4757804213e-05
386 -9.01869191034e-05
387 -0.00018904825746
388 0.000108826955973
389 0.000149930534454
390 -5.10625321224e-05
391 0.00011161904999
392 -2.84431144433e-05
393 -0.000137453732418
394 4.09105382926e-05
395 -1.0065644164e-05
396 3.69803940575e-05
397 -7.75590566562e-06
398 0.000126201474173
399 -5.41061989314e-05
400 8.87041644495e-05
401 1.42437598818e-05
402 7.35429184151e-05
403 1.07864439053e-05
404 -2.23097759935e-06
405 -2.36205892834e-06
406 -0.000197717908948
407 0.000106324426676
408 -9.6797322466e-05
409 0.000101521206026
410 -3.30328235633e-05
411 -8.05394074338e-05
412 -7.49052406112e-05
413 0.000172163226645
414 1.51329070285e-05
415 -2.74210233586e-05
416 -1.27398927043e-06
417 3.41936464258e-05
418 -0.000127984522169
419 1.12819250818e-05
420 -8.99932671455e-06
421 -2.01993001816e-05
422 -6.70170576069e-05
423 -5.27345347468e-05
424 -6.58034900273e-05
425 -5.68741785342e-05
426 -6.49326070121e-05
427 1.35984356384e-06
428 -5.93711273406e-05
429 6.72090264157e-05
430 4.51054785326e-05
431 5.52904667744e-05
432 -0.000253868014532
433 -6.01837252445e-05
434 5.69369152625e-05
435 5.45823316703e-05
436 3.57167729335e-05
437 -0.000138995842089
438 -0.00018864550549
439 -3.70548995284e-05
440 -8.02673653073e-05
441 4.41421851658e-05
442 0.000213254962318
443 -1.50150848959e-05
444 2.03869966554e-05
445 8.27708251346e-05
446 -0.000114580334573
447 -9.04574572975e-06
448 3.97411218539e-05
449 0.000281087036472
450 -5.17753784791e-05
451 -6.83631811289e-05
452 -0.000180989782637
453 -5.5105180899e-05
454 -1.21592026669e-05
455 6.11801227335e-05
456 0.000206128012831
457 6.62107876068e-05
458 -9.23487085224e-05
459 -0.000340596114956
460 -4.21466492371e-05
461 0.00027829398544
462 -1.58098153296e-05
463 -6.47210668741e-05
464 -5.39512081568e-05
465 2.67419914882e-05
466 -4.63332821477e-05
467 -0.000282073890084
468 -0.000236720347081
469 0.00014100366039
470 -0.0001234918617
471 -0.000100123411075
472 -0.000175229878138
473 3.47481069382e-06
474 -0.000137112177878
475 0.0001648438378
476 9.47504092782e-05
477 -0.000175310791233
478 -0.000302613759242
479 -2.71309429834e-05
480 -0.00030925498182
481 -1.68406169091e-05
482 -0.000107106516249
483 8.84070025615e-05
484 -1.31128665266e-05
485 0.000133166334248
486 -0.000113822592798
487 0.000180438554591
488 -8.15203869239e-05
489 -5.12528859519e-05
490 6.60609286142e-05
491 1.87645708417e-05
492 0.000307822687979
493 0.000139324866496
494 5.70257599775e-05
495 7.73927703046e-05
496 0.000107998831873
497 -0.000232567882844
498 -0.000188251863608
499 0.000160855454111
500 -8.65612805881e-05
501 0.00020995357424
502 0.000220541101286
503 -5.09039899266e-05
504 0.000233647216943
505 -0.0012787210487
506 -0.00118481804541
507 0.000245265118958
508 0.000449808324868
509 -2.70201253695e-05
510 0.000188466699643
511 -0.00017301846839
512 -0.00023183292395
513 0.000214893728704
514 6.95975785838e-05
515 0.00038140954126
516 0.000247432253882
517 -0.00121979272592
518 -0.00126812551309
519 0.000260419405269
520 -3.73395968999e-06
521 0.000221815818069
522 0.000211065385941
523 -5.00655039071e-05
524 0.000136858941979
525 -0.000174527257825
526 -0.000207807935309
527 6.2462081582e-05
528 0.000122420517454
529 5.14199023155e-05
530 0.000180768792152
531 0.00032664602228
532 -3.32671639823e-06
533 0.000111820060579
534 -1.89651252518e-05
535 -6.76676851539e-05
536 0.000191309126005
537 -0.000136482228052
538 0.00013097257019
539 -8.24429311132e-05
540 -8.38208657137e-06
541 -0.00016016872621
542 1.14229320795e-05
543 -0.000365492517694
544 -0.000124668466726
545 -0.000384257457057
546 -0.000185223884255
547 0.000112540143755
548 0.000143014852942
549 -0.000103984682716
550 -2.64099706289e-05
551 -0.000171114851947
552 -9.0274746782e-05
553 -7.69173520896e-05
554 0.000139971804664
555 -0.000232661270471
556 -0.00030851249106
557 -8.06456941653e-05
558 9.9334315135e-05
559 -6.98961067039e-05
560 -0.000105910406433
561 7.20120800698e-07
562 0.000307999390607
563 -7.14846376313e-05
564 -0.000427404634019
565 -7.23640899967e-05
566 0.000114423191813
567 0.000229106671673
568 0.000126481456094
569 -3.8872090688e-06
570 -0.000100997892993
571 -0.000182136783797
572 -8.00165428929e-05
573 -4.96913462274e-05
574 0.000331819287353
575 0.000108598201101
576 -2.62526467387e-05
577 -0.000115172985651
578 8.01310427102e-05
579 4.54464856811e-05
580 -6.5272607291e-06
581 0.000293524458291
582 7.06972643951e-05
583 -6.35767126756e-05
584 -4.96381901921e-05
585 -0.000259253704349
586 -0.000197054912945
587 3.32121534895e-06
588 7.14802393614e-05
589 5.88580195762e-05
590 -7.80995463287e-05
591 -0.000329361779017
592 9.21458309467e-05
593 8.33355410649e-05
594 8.49540246394e-05
595 -7.87117874389e-05
596 -1.33579205614e-05
597 -0.000110318505889
598 -7.04132606988e-05
599 -6.90914108608e-05
600 -7.60939529773e-05
601 -9.31363524566e-05
602 -4.18453124406e-05
603 -3.19065659464e-05
604 4.64788942055e-05
605 -0.000177596859589
606 6.43022935955e-05
607 1.24981999539e-05
608 -4.41541923909e-05
609 -6.1003934966e-08
610 0.000230162607442
611 -0.000103210812769
612 -0.00013691947667
613 -1.73610046855e-05
614 0.000118392045506
615 -0.000152803200444
616 0.000131791414069
617 -0.000322355461768
618 -1.01797793167e-05
619 1.67493443206e-05
620 1.85150202069e-05
621 0.000111398048243
622 1.91599216902e-05
623 0.00010139495078
624 -0.000143694061516
625 0.000215217168607
626 9.78261336051e-06
627 5.04978096512e-05
628 7.25433876466e-06
629 3.97327685339e-05
630 -0.000171332795623
631 -1.00440403568e-05
632 0.000179785878115
633 -7.70376235655e-05
634 0.000229127668739
635 0.000169815149985
636 -0.000271820899234
637 -9.5282894214e-05
638 -2.81985054653e-05
639 0.000102859778118
640 4.39183942422e-05
641 0.000113173945349
642 7.79370051031e-05
643 -5.67623486515e-05
644 1.31816514576e-05
645 -3.86513260931e-05
646 -4.00155757003e-05
647 -8.49212701795e-05
648 3.58635255054e-05
649 1.43678651069e-05
650 4.01542305767e-05
651 1.34675610535e-05
652 -1.75511327633e-05
653 5.3178811682e-05
654 -7.61738529235e-06
655 -0.000121882190633
656 -3.40779142202e-06
657 0.000105264314104
658 -5.65997344876e-05
659 -1.74207941029e-05
660 -6.37840010878e-05
661 -2.60483506733e-05
662 6.80719577162e-05
663 -0.000173330344408
664 1.67930145857e-05
665 0.000162550682797
666 -8.24079769572e-05
667 -0.000146986384996
668 5.65751021581e-05
669 2.66908213191e-05
670 -3.67025371919e-05
671 -0.000157262548181
672 0.000226708405283
673 5.38560272486e-05
674 -8.24571338556e-05
675 1.04052947569e-05
676 0.000275819050205
677 -3.63808445817e-05
678 -3.10391894708e-05
679 0.000186735684909
680 -6.53597664098e-05
681 -0.000137692272361
682 -9.93856634608e-05
683 0.000129060221385
684 2.91944338992e-05
685 -0.000206667128286
686 -0.000105013444123
687 -0.000228798853603
688 4.10190423679e-06
689 4.47558756814e-05
690 5.75649025941e-05
691 9.37040755302e-05
692 -5.88827988754e-05
693 -3.42881079646e-05
694 6.14063035184e-05
695 5.08109914205e-05
696 -0.000124477269167
697 -0.000110269111715
698 1.2085083003e-05
699 1.04456971595e-05
700 6.95344026584e-05
701 0.000180428295973
702 -0.000221235175344
703 7.29575431721e-05
704 -5.4794802065e-05
705 -0.000106203529754
706 -0.000207255315591
707 4.18682621867e-05
708 5.85758093346e-05
709 9.48896579269e-06
710 -1.50460692301e-05
711 4.40014512754e-05
712 2.55836762758e-05
713 -4.59800327565e-05
714 -7.21350865508e-05
715 -6.40577459729e-05
716 5.9588037528e-05
717 8.96940822313e-05
718 0.000102943374038
719 -0.000111379572605
720 -0.000198484043472
721 -7.92943235574e-05
722 -4.49084885141e-05
723 0.000205446419063
724 0.000326687646632
725 3.92758929866e-05
726 -0.000234686884496
727 -1.25265865849e-05
728 4.68897114793e-05
729 -0.000254317480112
730 7.08789792962e-05
731 0.000135636211346
732 -0.00018000265487
733 0.000155429535424
734 2.92443263133e-05
735 -4.84355535636e-05
736 3.51220762122e-05
737 0.000223812351166
738 0.000105014450458
739 -0.000138202128147
740 4.57493552411e-05
741 2.76658991674e-05
742 0.000197051701741
743 -8.42291432485e-05
744 -6.13735218828e-05
745 -0.000226854377896
746 -0.000188103416098
747 -0.00013334844806
748 8.15386421404e-05
749 0.000147253850201
750 0.000155737792132
751 0.000184977587046
752 0.000174310701568
753 3.11652887817e-05
754 2.77314186983e-05
755 -3.75514711222e-05
756 -0.000163682449559
757 -6.00236063825e-05
758 0.000122030905141
759 4.90498290674e-05
760 -0.000122918530731
761 0.000158880852023
762 -2.34356281431e-05
763 0.000104623166311
764 3.35248730755e-05
765 -0.000194470735106
766 6.2782439788e-05
767 -0.000108336894187
768 7.93045968306e-05
769 7.61726228369e-05
770 -0.00019236942681
771 0.00016585116511
772 4.82715598932e-05
773 -6.58079900588e-05
774 9.40917582055e-05
775 -0.000128301613397
776 -0.000147986901978
777 0.000142737304456
778 7.09026013831e-05
779 1.24364219024e-05
780 2.21379425876e-05
781 2.21632140673e-05
782 -0.000139632767775
783 2.181504689e-05
784 -0.000371126056693
785 9.46373430344e-05
786 -1.79812406154e-05
787 8.67214648285e-05
788 2.86776797523e-05
789 -3.37311090433e-05
790 0.000127169107301
791 -0.000140368630092
792 4.25139380446e-05
793 -0.000123778671299
794 3.71723399979e-05
795 5.46661892042e-05
796 4.02514711212e-05
797 5.63985767737e-05
798 -8.23989414569e-05
799 0.000238146987927
800 -0.000115411325462
801 1.69370851318e-05
802 6.6235397445e-05
803 -0.000304529043383
804 0.000303495493625
805 -5.14297961195e-05
806 -0.000175231394108
807 0.000206940268447
808 0.000164583378142
809 -0.000368413915376
810 -3.17773547326e-05
811 0.000213116442461
812 0.000331864633082
813 -0.000349312920532
814 -0.000103317567101
815 0.000144674880446
816 -6.75286577299e-06
817 -0.000267978688012
818 -0.000269237435523
819 0.000310059506345
820 -3.95709586171e-05
821 -0.000292486016677
822 -2.55902552277e-05
823 0.000120195528876
824 0.000306707333001
825 -0.000183920728037
826 3.70916269522e-05
827 0.000356862220536
828 -0.000272216177433
829 -0.000445775638595
830 0.000201541685066
831 5.34113477872e-05
832 -0.000123831769944
833 0.000351431121621
834 -2.18414701581e-06
835 -0.000186714086101
836 -0.000160808336446
837 -0.000364128976448
838 0.000329168145395
839 2.80703873079e-05
840 0.000147079005826
841 9.25698408506e-05
842 0.000148406097507
843 -0.0004777409755
844 -9.74334442756e-05
845 -0.000573092102603
846 2.3543465243e-05
847 -0.000321313531047
848 0.000462249258983
849 -9.58763092888e-05
850 -0.000303393127078
851 -4.41506065382e-05
852 -7.20185382732e-05
853 0.000269706620428
854 8.97550309727e-05
855 -0.000137496191138
856 4.17071373923e-05
857 0.000252199837391
858 0.000255417442289
859 -0.00048083932545
860 0.000185031909945
861 0.000231114555963
862 -0.000444755412322
863 -0.000287420936382
864 -0.000158584605611
865 8.00906782217e-05
866 0.000153465168103
867 -8.09141001793e-05
868 -0.000165366379718
869 0.000355307845298
870 1.23280802885e-05
871 -0.000114481980281
872 8.3830658234e-05
873 -5.56103074057e-05
874 0.000595887020364
875 -6.35219694399e-05
876 0.000236105790517
877 0.000128014784987
878 -0.000279971200081
879 0.000120975010099
880 0.000287253758717
881 0.000197183697113
882 -1.29884439675e-05
883 -0.000341623228555
884 2.21736779672e-05
885 8.38459792797e-05
886 0.000360072571537
887 0.000187339415465
888 3.64361466558e-05
889 0.000233493265557
890 -0.000115555734973
891 0.000503414136601
892 -0.000131367661912
893 -0.000121837212108
894 -0.000405012009173
895 0.00022071249254
896 -0.000283997252056
897 0.000558940415383
898 3.39441317879e-05
899 0.000445685953684
900 0.000162247659832
901 0.00105776300448
902 0.000114946045185
903 -0.000432739180274
904 -0.000404055988949
905 -0.000106101589303
906 0.000504692831002
907 -0.0002465376518
908 -0.000198990240163
909 -0.000116484879423
910 0.000100935880762
911 0.000370167949017
912 -0.000262744502337
913 0.000787952833504
914 7.29230591565e-05
915 -5.91187177509e-05
916 0.000160916490406
917 -9.86451191794e-05
918 7.91548217457e-05
919 7.89166717565e-05
920 0.000233407203022
921 0.000435324685339
922 -3.83879920755e-05
923 -0.000358696908359
924 -8.10019893047e-05
925 -0.000306934275347
926 0.000554160527039
927 -0.000732469829288
928 3.93926293971e-05
929 0.0005696946226
930 0.000278913218887
931 0.000204620965652
932 -0.000824301058643
933 0.000129624082205
934 0.00014669682862
935 0.0003027009743
936 0.00023472037782
937 -0.000511297931126
938 -0.00082785115478
939 -6.62809333489e-05
940 -0.000484373625985
941 0.00012869784869
942 -0.000230784524593
943 0.000117334297187
944 0.000329274120649
945 0.000376202328777
946 -0.00028316619984
947 -8.28734054974e-05
948 0.000129256153421
949 -4.34277398633e-05
950 0.000323835002398
951 1.02445145933e-05
952 8.24714403249e-05
953 -1.03887378138e-05
954 -0.000358653560281
955 0.000173728133254
956 -0.000115788919412
957 -0.000310388829286
958 0.000495163940105
959 -3.7076552543e-05
960 -0.000365758466874
961 -0.000113031483546
962 -0.000153004504252
963 9.64799729592e-05
964 0.000190526076854
965 0.000357195796773
966 0.000325315294943
967 -7.35873336705e-05
968 3.671190359e-05
969 4.49344034379e-05
970 2.90422999283e-05
971 -6.73135638633e-05
972 7.53141958807e-05
973 0.000429842739807
974 -0.000180166214079
975 2.80594162347e-05
976 -0.00054581777148
977 -2.61954130697e-05
978 -4.71406018682e-06
979 -9.4725458069e-05
980 -0.000229376508298
981 0.000243757354119
982 3.93173201336e-05
983 0.00104201576796
984 -0.00106608909805
985 0.000159170105117
986 -0.00128491453654
987 -9.1720807181e-05
988 -0.000371351343156
989 0.00380169970262
990 -0.00243508553053
991 0.000519993482179
992 -2.33876788215e-05
993 -0.00153482505141
994 0.0019784645563
995 0.000993237440148
996 -0.00105648264142
997 -0.00408400230286
998 0.00180589216262
999 -0.00267588429652
1000 -0.0033485627926
1001 0.00173748606964
1002 -0.00358915961253
1003 -0.00160254807864
1004 7.63645130339e-05
1005 -0.00301343876272
1006 0.000284055427579
1007 -0.00527663678799
1008 -0.0065327133367
1009 -0.0245800942207
1010 -0.0110596828739
1011 -0.0101956360354
1012 0.00493207405024
1013 -0.000983780343231
1014 -0.0164036363383
1015 -0.0170329389546
1016 0.0277767209938
1017 -0.00741209052481
1018 -0.0724437625835
1019 -0.256189855079
1020 -0.178621657173
1021 -0.0474028134897
1022 0.0
1023 0.0
