0.000321684920353
0 0.0
1 0.0
2 0.0
3 -0.000598365664989
4 0.000319690487461
5 4.93984962696e-05
6 -0.000202497571113
7 0.00046369869242
8 -0.000298878337363
9 0.000229793143533
10 0.000523389658132
11 -0.000498822377668
12 0.000250341357728
13 8.76611678617e-05
14 -0.000524794737497
15 0.000527453665406
16 -0.000283838268387
17 -0.000468319670444
18 0.000646354329394
19 -0.000267011871156
20 0.000227511041841
21 0.000387414548481
22 -0.000975690736975
23 -8.14154647885e-06
24 0.000242030129508
25 -0.000210812397278
26 0.000681235445123
27 8.68533852926e-06
28 -0.00052197096098
29 0.000146897908773
30 -0.000454723009585
31 0.000196252739567
32 0.000688933013484
33 -0.000466199401324
34 -9.80649573317e-06
35 -0.000592513852062
36 -0.000451111685302
37 0.000780909493696
38 8.0806245087e-05
39 0.000298677531837
40 0.000199408247155
41 -0.00103821798189
42 3.15068561769e-06
43 9.6206423572e-05
44 -5.4840591838e-05
45 0.000973830242762
46 -8.96745691402e-05
47 -0.000421605022402
48 6.75329708498e-06
49 -0.000811588982228
50 0.000244432831764
51 0.00070415947337
52 -4.75882827627e-05
53 0.000512328644139
54 -0.000367581516067
55 -0.000867167408294
56 0.000249509848659
57 -0.000144831841617
58 0.000389180133915
59 0.000876789477369
60 -0.000441758308039
61 -0.000176146538003
62 -0.000302930067404
63 -0.000757823123893
64 0.000694418049222
65 0.00040513728007
66 9.27820171138e-05
67 0.000553334821503
68 -0.000901885402981
69 -0.000529314892903
70 0.000259914463316
71 -0.000287141492195
72 0.000914890914715
73 0.000511268584282
74 -0.000655429999579
75 6.48317767412e-05
76 -0.0006921348693
77 -0.000344221707426
78 0.00096444189927
79 2.96919433562e-05
80 0.000354213775727
81 0.000220204517268
82 -0.00113264767984
83 -1.30707130964e-05
84 7.67085938022e-05
85 -0.000138097269493
86 0.00108527700955
87 -0.000159831012541
88 -0.000462454385203
89 0.000118927622806
90 -0.000839104202865
91 0.000338890944677
92 0.00076464510483
93 -0.000291755074543
94 0.000392225857746
95 -0.000373778846893
96 -0.000774032889861
97 0.000520512327176
98 -0.000134388392925
99 0.00034920292937
100 0.000706043368599
101 -0.000757317125161
102 -4.85183852315e-05
103 -0.00020499860656
104 -0.000555136113353
105 0.000979330426288
106 0.000180667368055
107 -8.69425708723e-05
108 0.000322645180777
109 -0.000992626170389
110 -0.000202533938878
111 0.000466059477543
112 -6.40581976861e-05
113 0.000888882891228
114 0.000106194732405
115 -0.000831199013481
116 -4.43083825451e-05
117 -0.000571069423157
118 0.000192696907444
119 0.00103505644767
120 -0.000123999706489
121 0.000162301415176
122 -0.000389544364756
123 -0.000988513135583
124 0.00059338049217
125 0.00028669091444
126 0.000272076098489
127 0.000688169098817
128 -0.000714493478865
129 -0.000550734599106
130 -6.16061285125e-06
131 -0.000382911993576
132 0.00081695119907
133 0.000622892904249
134 -0.00030170380949
135 4.78731883547e-05
136 -0.000736177046468
137 -0.000539043541209
138 0.000698777330991
139 0.0002257914735
140 0.000527689409952
141 0.000356873460154
142 -0.00108223235134
143 -0.000236467435672
144 -7.32208061115e-05
145 -7.92234683989e-05
146 0.00115681949049
147 0.000103841881877
148 -0.000460790833274
149 -4.44737436563e-05
150 -0.00100889532632
151 0.000202909618748
152 0.000835138380676
153 6.41525396402e-05
154 0.000600945544256
155 -0.000420723580192
156 -0.000941779160869
157 0.00015217244835
158 -0.000217985756355
159 0.000515436317218
160 0.000929329015268
161 -0.000454519972385
162 -0.000195492426763
163 -0.000509194628221
164 -0.000718849879464
165 0.000777314414767
166 0.00041231128622
167 0.000229591342306
168 0.000436514097675
169 -0.000872072505611
170 -0.000588589850587
171 0.000116540302583
172 -4.67960154975e-05
173 0.000875964800892
174 0.000486938129233
175 -0.000559953603886
176 -0.000280675298576
177 -0.000544435989704
178 -0.000268285142546
179 0.000647766587344
180 0.000129270961675
181 0.000196183021971
182 -5.94721173692e-06
183 -0.000688669706132
184 -1.36457795626e-05
185 0.000191516288088
186 1.08641050392e-05
187 0.000660528529105
188 -0.000234757848263
189 -0.000389536747737
190 9.2345727103e-05
191 -0.000408236841101
192 0.000404036778067
193 0.000393367575116
194 -0.000278611761265
195 0.000259032787248
196 -0.000414533720618
197 -0.000490942089532
198 0.000519265075047
199 -1.98045323231e-06
200 0.000168238956777
201 0.000564563937116
202 -0.000619483522365
203 -0.000161290028574
204 -3.59461918734e-05
205 -0.000438245166011
206 0.000764385394198
207 0.000179048628822
208 -0.000326152162441
209 0.000358981560371
210 -0.000691099853869
211 -0.000204792213555
212 0.000483906973701
213 -9.68413651974e-05
214 0.000436667831179
215 0.000182155353367
216 -0.000721505088313
217 5.90019781406e-05
218 -0.000136918470324
219 -0.000155647249955
220 0.000736931280646
221 -6.10325809619e-07
222 -0.00016029244389
223 0.00012787285412
224 -0.000689773269764
225 -6.86130506565e-05
226 0.000446391985195
227 -0.000103776469941
228 0.000567361710587
229 -2.44530597368e-05
230 -0.000651754849918
231 0.000160271457051
232 -0.000380969973004
233 4.03474326542e-05
234 0.000764446073167
235 -0.000159361677728
236 0.000110276919089
237 -0.000153250167218
238 -0.000743749884222
239 0.000265370191917
240 0.000176354143487
241 6.81887264561e-05
242 0.000639992656895
243 -0.000404043604466
244 -0.000319105449657
245 0.00013140550363
246 -0.000467638840327
247 0.000454041538101
248 0.000515447274963
249 -0.000295269934428
250 0.000179299876324
251 -0.000285154074272
252 -0.000508402824898
253 0.000265617475667
254 0.000119080783627
255 0.000220008254031
256 0.000440681761168
257 -0.000384735650142
258 -0.000284261809205
259 -8.47753640165e-05
260 -0.000245378511324
261 0.000493215544954
262 0.000434806851502
263 -0.000166713281603
264 5.04722001268e-05
265 -0.000514872666515
266 -0.000386783131928
267 0.000372674904815
268 4.91692259555e-05
269 0.000371864991986
270 0.00029758153537
271 -0.000616367135354
272 -8.99455534622e-05
273 -0.000143097831765
274 -8.67155988275e-05
275 0.000767851047207
276 0.000138281710776
277 -0.000147208731427
278 -0.000136079210798
279 -0.000662383885627
280 8.51900381175e-05
281 0.000371503245013
282 5.12601541653e-05
283 0.000465654045153
284 -0.000304355896054
285 -0.000354201036125
286 3.97080136655e-05
287 -0.000289100240415
288 0.000463341080328
289 0.000386407376072
290 -0.000211868064195
291 0.000131929706755
292 -0.000329308463784
293 -0.000502914119034
294 0.000451075850856
295 9.07953312152e-05
296 4.84829910553e-05
297 0.000360320718649
298 -0.000434707542271
299 -0.000241201430486
300 0.000323750800862
301 -0.000188972329363
302 0.000340577233782
303 0.000187372875697
304 -0.000408117319767
305 0.000160002721301
306 -0.000124281370467
307 -0.000170167666111
308 0.000466101388528
309 -0.000118943278045
310 -9.07450861415e-05
311 0.000137302510184
312 -0.000412119956304
313 9.67836550458e-05
314 0.000249265435517
315 -7.94052860338e-05
316 0.000285290438805
317 -0.000161333369055
318 -0.000341578233718
319 2.46850415352e-05
320 -0.000225116828811
321 0.000307623416912
322 0.000455365147475
323 -0.000308784889501
324 7.60786188648e-05
325 -0.000189180795258
326 -0.000420297744043
327 0.000413629427897
328 4.31016030043e-05
329 -2.41406776978e-05
330 0.000419768195415
331 -0.00050868107689
332 -0.000135165116992
333 0.000144078620829
334 -0.00030268178654
335 0.000521000303553
336 0.000134057813498
337 -0.000226539723693
338 0.000116031452773
339 -0.000484428357709
340 -6.42697902073e-05
341 0.000257897815141
342 -4.99654293768e-06
343 0.000438490981593
344 6.7292506933e-06
345 -0.000395038446545
346 0.000106694519741
347 -0.000244246773686
348 5.4371824408e-05
349 0.000483086024815
350 -0.000116882599384
351 2.64494064078e-05
352 -0.000105872703332
353 -0.000435976546308
354 0.000105099364794
355 0.000172685345677
356 0.000119604959579
357 0.000350155752979
358 -0.000230472622711
359 -0.000422202610389
360 6.65347187546e-05
361 -0.00013465599935
362 0.000199875248725
363 0.000490499444945
364 -0.000174514542663
365 -7.71582319642e-05
366 -0.000200195275423
367 -0.000393787345711
368 0.000340600950119
369 0.000182464877359
370 4.836823595e-05
371 0.000289275662628
372 -0.000397141425173
373 -0.000279122717433
374 8.76144874996e-05
375 -0.000180568004459
376 0.00043330348589
377 0.000299395929389
378 -0.000291711806754
379 3.16701433256e-05
380 -0.000406246382383
381 -0.000181858252255
382 0.000460643305164
383 4.54210150065e-05
384 0.000284628163775
385 0.000129233220743
386 -0.000594491448407
387 -7.68234214437e-05
388 -4.69322236998e-05
389 -6.60925210592e-05
390 0.000654040781365
391 0.000185522035632
392 -0.000273265319107
393 -2.67699629776e-05
394 -0.00063149352669
395 -0.000123478920637
396 0.000620777867398
397 2.56972853131e-05
398 0.000380309879908
399 -5.61517002337e-05
400 -0.000524095508869
401 0.000149314844211
402 -0.00022771839496
403 3.77036378053e-05
404 0.000607623151033
405 -0.000142957179758
406 -0.000105483859329
407 -4.10318993249e-05
408 -0.000659128968202
409 0.000275559101416
410 0.000290200822622
411 0.000209010018576
412 0.000319141968356
413 -0.000577069611716
414 -0.000469384006221
415 9.77922377481e-05
416 -4.35473051686e-05
417 0.0005330122085
418 0.000494299906458
419 -0.000323946176123
420 -0.000279030969715
421 -0.000276292799991
422 -0.000380617667585
423 0.000481298915822
424 0.000390830166756
425 0.00012899004
426 -1.20537121785e-05
427 -0.000688690764082
428 -0.00037271542871
429 0.000268429259333
430 0.00018887764135
431 0.000669990583222
432 0.000249398820467
433 -0.000627368427724
434 -0.000383690813733
435 -0.000288686075139
436 2.16010248337e-05
437 0.000759744340572
438 0.000251111807419
439 -0.000175533251504
440 -0.000234528470263
441 -0.000628572447664
442 -0.000140980625879
443 0.000476062465015
444 0.00033686730472
445 0.000412713153159
446 -0.000104145122969
447 -0.000482480690031
448 -0.000432911955562
449 -8.56096441876e-05
450 0.000339901058096
451 0.00065736681467
452 0.000236880846438
453 -0.000395623861696
454 -0.000616045978621
455 -0.000522479087361
456 3.12725847608e-05
457 0.000708772686101
458 0.00084507885972
459 0.000190080380838
460 -0.000752341764149
461 -0.00105776675419
462 -0.000431083077732
463 0.000478761199961
464 0.000919718301586
465 0.000710152142049
466 -8.47034163785e-05
467 -0.00068912561551
468 -0.000883607042275
469 -0.000614662544061
470 0.000454245221686
471 0.000994194023211
472 0.000579102882931
473 0.000195850318537
474 -0.00112100142628
475 -0.000796925776815
476 -0.000382510311836
477 0.00027741776783
478 0.00127231185043
479 0.000563039031451
480 -0.000213399773039
481 -0.000534833625656
482 -0.0013790941464
483 -0.000388783135154
484 0.000547666114755
485 0.000958001775687
486 0.000826171281181
487 3.11857411055e-05
488 -0.000784085748384
489 -0.000745938382687
490 -0.000383809138428
491 9.76589275403e-05
492 0.00107817589992
493 0.000394458145049
494 0.000124727826346
495 -0.000289354003477
496 -0.00113230579793
497 -0.000105894774917
498 0.000430311236723
499 2.06588223389e-05
500 0.000662218345257
501 -2.96519353538e-05
502 -0.00088817844436
503 0.00019355301589
504 -4.94632845769e-05
505 -5.55585310987e-05
506 0.00120660801017
507 -0.000685285375944
508 -0.000685319557386
509 0.000282875513861
510 -0.000589600101903
511 0.000324491170696
512 0.0004359127983
513 0.0
514 0.0
515 0.0
516 0.0
517 0.0
518 0.0
519 0.0
520 0.0
521 0.0
522 0.0
523 0.0
524 0.0
525 0.0
526 0.0
527 0.0
528 0.0
529 0.0
530 0.0
531 0.0
532 0.0
533 0.0
534 0.0
535 0.0
536 0.0
537 0.0
538 0.0
539 0.0
540 0.0
541 0.0
542 0.0
543 0.0
544 0.0
545 0.0
546 0.0
547 0.0
548 0.0
549 0.0
550 0.0
551 0.0
552 0.0
553 0.0
554 0.0
555 0.0
556 0.0
557 0.0
558 0.0
559 0.0
560 0.0
561 0.0
562 0.0
563 0.0
564 0.0
565 0.0
566 0.0
567 0.0
568 0.0
569 0.0
570 0.0
571 0.0
572 0.0
573 0.0
574 0.0
575 0.0
576 0.0
577 0.0
578 0.0
579 0.0
580 0.0
581 0.0
582 0.0
583 0.0
584 0.0
585 0.0
586 0.0
587 0.0
588 0.0
589 0.0
590 0.0
591 0.0
592 0.0
593 0.0
594 0.0
595 0.0
596 0.0
597 0.0
598 0.0
599 0.0
600 0.0
601 0.0
602 0.0
603 0.0
604 0.0
605 0.0
606 0.0
607 0.0
608 0.0
609 0.0
610 0.0
611 0.0
612 0.0
613 0.0
614 0.0
615 0.0
616 0.0
617 0.0
618 0.0
619 0.0
620 0.0
621 0.0
622 0.0
623 0.0
624 0.0
625 0.0
626 0.0
627 0.0
628 0.0
629 0.0
630 0.0
631 0.0
632 0.0
633 0.0
634 0.0
635 0.0
636 0.0
637 0.0
638 0.0
639 0.0
640 0.0
641 0.0
642 0.0
643 0.0
644 0.0
645 0.0
646 0.0
647 0.0
648 0.0
649 0.0
650 0.0
651 0.0
652 0.0
653 0.0
654 0.0
655 0.0
656 0.0
657 0.0
658 0.0
659 0.0
660 0.0
661 0.0
662 0.0
663 0.0
664 0.0
665 0.0
666 0.0
667 0.0
668 0.0
669 0.0
670 0.0
671 0.0
672 0.0
673 0.0
674 0.0
675 0.0
676 0.0
677 0.0
678 0.0
679 0.0
680 0.0
681 0.0
682 0.0
683 0.0
684 0.0
685 0.0
686 0.0
687 0.0
688 0.0
689 0.0
690 0.0
691 0.0
692 0.0
693 0.0
694 0.0
695 0.0
696 0.0
697 0.0
698 0.0
699 0.0
700 0.0
701 0.0
702 0.0
703 0.0
704 0.0
705 0.0
706 0.0
707 0.0
708 0.0
709 0.0
710 0.0
711 0.0
712 0.0
713 0.0
714 0.0
715 0.0
716 0.0
717 0.0
718 0.0
719 0.0
720 0.0
721 0.0
722 0.0
723 0.0
724 0.0
725 0.0
726 0.0
727 0.0
728 0.0
729 0.0
730 0.0
731 0.0
732 0.0
733 0.0
734 0.0
735 0.0
736 0.0
737 0.0
738 0.0
739 0.0
740 0.0
741 0.0
742 0.0
743 0.0
744 0.0
745 0.0
746 0.0
747 0.0
748 0.0
749 0.0
750 0.0
751 0.0
752 0.0
753 0.0
754 0.0
755 0.0
756 0.0
757 0.0
758 0.0
759 0.0
760 0.0
761 0.0
762 0.0
763 0.0
764 0.0
765 0.0
766 0.0
767 0.0
768 0.0
769 0.0
770 0.0
771 0.0
772 0.0
773 0.0
774 0.0
775 0.0
776 0.0
777 0.0
778 0.0
779 0.0
780 0.0
781 0.0
782 0.0
783 0.0
784 0.0
785 0.0
786 0.0
787 0.0
788 0.0
789 0.0
790 0.0
791 0.0
792 0.0
793 0.0
794 0.0
795 0.0
796 0.0
797 0.0
798 0.0
799 0.0
800 0.0
801 0.0
802 0.0
803 0.0
804 0.0
805 0.0
806 0.0
807 0.0
808 0.0
809 0.0
810 0.0
811 0.0
812 0.0
813 0.0
814 0.0
815 0.0
816 0.0
817 0.0
818 0.0
819 0.0
820 0.0
821 0.0
822 0.0
823 0.0
824 0.0
825 0.0
826 0.0
827 0.0
828 0.0
829 0.0
830 0.0
831 0.0
832 0.0
833 0.0
834 0.0
835 0.0
836 0.0
837 0.0
838 0.0
839 0.0
840 0.0
841 0.0
842 0.0
843 0.0
844 0.0
845 0.0
846 0.0
847 0.0
848 0.0
849 0.0
850 0.0
851 0.0
852 0.0
853 0.0
854 0.0
855 0.0
856 0.0
857 0.0
858 0.0
859 0.0
860 0.0
861 0.0
862 0.0
863 0.0
864 0.0
865 0.0
866 0.0
867 0.0
868 0.0
869 0.0
870 0.0
871 0.0
872 0.0
873 0.0
874 0.0
875 0.0
876 0.0
877 0.0
878 0.0
879 0.0
880 0.0
881 0.0
882 0.0
883 0.0
884 0.0
885 0.0
886 0.0
887 0.0
888 0.0
889 0.0
890 0.0
891 0.0
892 0.0
893 0.0
894 0.0
895 0.0
896 0.0
897 0.0
898 0.0
899 0.0
900 0.0
901 0.0
902 0.0
903 0.0
904 0.0
905 0.0
906 0.0
907 0.0
908 0.0
909 0.0
910 0.0
911 0.0
912 0.0
913 0.0
914 0.0
915 0.0
916 0.0
917 0.0
918 0.0
919 0.0
920 0.0
921 0.0
922 0.0
923 0.0
924 0.0
925 0.0
926 0.0
927 0.0
928 0.0
929 0.0
930 0.0
931 0.0
932 0.0
933 0.0
934 0.0
935 0.0
936 0.0
937 0.0
938 0.0
939 0.0
940 0.0
941 0.0
942 0.0
943 0.0
944 0.0
945 0.0
946 0.0
947 0.0
948 0.0
949 0.0
950 0.0
951 0.0
952 0.0
953 0.0
954 0.0
955 0.0
956 0.0
957 0.0
958 0.0
959 0.0
960 0.0
961 0.0
962 0.0
963 0.0
964 0.0
965 0.0
966 0.0
967 0.0
968 0.0
969 0.0
970 0.0
971 0.0
972 0.0
973 0.0
974 0.0
975 0.0
976 0.0
977 0.0
978 0.0
979 0.0
980 0.0
981 0.0
982 0.0
983 0.0
984 0.0
985 0.0
986 0.0
987 0.0
988 0.0
989 0.0
990 0.0
991 0.0
992 0.0
993 0.0
994 0.0
995 0.0
996 0.0
997 0.0
998 0.0
999 0.0
1000 0.0
1001 0.0
1002 0.0
1003 0.0
1004 0.0
1005 0.0
1006 0.0
1007 0.0
1008 0.0
1009 0.0
1010 0.0
1011 0.0
1012 0.0
1013 0.0
1014 0.0
1015 0.0
1016 0.0
1017 0.0
1018 0.0
1019 0.0
1020 0.0
1021 0.0
1022 0.0
1023 0.0
