0.000243108745564
0 0.0
1 0.0
2 0.0
3 -0.000296504375115
4 -0.000658966592313
5 -0.000525073267838
6 -0.000268336080078
7 0.000604781994995
8 0.000327883832084
9 -0.000119620585278
10 3.10094232059e-06
11 0.000353662503213
12 -8.80206314798e-05
13 -4.59418845148e-05
14 -0.000302522915753
15 -0.000473899916543
16 0.00013869475061
17 0.000128280465105
18 -5.77101298472e-05
19 4.42566543051e-05
20 -9.95108424332e-05
21 -0.000156250899501
22 1.50556078823e-05
23 -7.24105057017e-06
24 -0.000364399339519
25 0.000152024872947
26 -2.50495410033e-05
27 -8.6520758511e-05
28 -4.02965501925e-05
29 0.000119574119183
30 4.88068493479e-05
31 -2.66859238215e-05
32 -7.63701791545e-05
33 -0.000291659147872
34 0.000359104017276
35 0.000211607012512
36 4.81313979825e-05
37 -8.35508011205e-05
38 6.34995564098e-05
39 -0.000201034733614
40 7.95756967822e-05
41 -4.19114803404e-05
42 4.95350630974e-05
43 1.07406109766e-05
44 -2.82967145782e-05
45 1.87551482626e-05
46 5.97185123788e-06
47 -1.73373211677e-05
48 4.49518068066e-06
49 -4.52231111625e-05
50 0.000109043258967
51 -6.9345956324e-05
52 1.0139670497e-05
53 5.03573603464e-05
54 -3.8606400459e-05
55 -5.93900793973e-05
56 -1.7819562775e-05
57 0.000122595826832
58 0.000126444342721
59 -3.40478493218e-05
60 1.71282084624e-06
61 -6.03859061731e-05
62 -3.80633832257e-06
63 3.57047975385e-05
64 5.29717214309e-05
65 -3.2479800666e-05
66 -7.61517587368e-05
67 -5.25269450726e-06
68 -2.46788470718e-05
69 5.04839714116e-05
70 5.1121589465e-05
71 -5.10319149449e-06
72 -3.75645433572e-06
73 4.88908194682e-05
74 -0.000122347970308
75 0.000118025050044
76 3.44694293133e-05
77 1.26543108518e-05
78 0.000168203469549
79 3.7007515513e-05
80 4.38013708113e-05
81 -1.81228325329e-06
82 2.19751766973e-05
83 -0.000255755968846
84 0.000175596487975
85 -0.000173196313641
86 -0.000148217447888
87 8.69483155688e-05
88 0.000182413128418
89 -1.59623121132e-05
90 -0.000161919192571
91 -0.000119934612194
92 9.52256531184e-05
93 -3.70598980683e-05
94 0.000115604220641
95 5.2063297641e-05
96 -0.000355781826093
97 0.000116470222506
98 -7.90508809494e-05
99 0.000167618505007
100 -0.000116629671743
101 3.25198180633e-05
102 -8.51632030239e-05
103 -8.27287543887e-05
104 0.00016255240431
105 0.000175944157203
106 -8.32569723524e-05
107 -5.84744331887e-06
108 0.000132146700646
109 -1.99965778064e-05
110 0.000305519656318
111 0.000224450462897
112 0.000212777493028
113 -0.000117281472947
114 -0.000141359360142
115 -5.67434912432e-05
116 2.27380799528e-05
117 0.000221953334467
118 -5.71302699781e-06
119 -5.61867459947e-05
120 -0.000110558656912
121 -9.93086430931e-05
122 0.000434933669548
123 9.75919330105e-05
124 0.000247232543645
125 1.5455137826e-05
126 9.06044398431e-05
127 -0.000140755245031
128 0.000171848120414
129 -1.27087753464e-05
130 -0.000184589793121
131 -0.000100990297266
132 0.000173078574305
133 -2.66886521388e-05
134 0.000207125297243
135 2.13111610952e-05
136 -7.70201316291e-05
137 0.000171284747711
138 0.000129578577591
139 -0.000102781774521
140 -6.29402839704e-05
141 3.06497226466e-05
142 0.000145864188256
143 0.000174676788416
144 -8.17683750469e-07
145 -0.000254019329528
146 -4.6043539416e-05
147 0.000159492423623
148 -1.59519458265e-05
149 0.000275954945654
150 -1.39628568039e-06
151 6.02482120057e-05
152 1.73769092627e-05
153 -2.84126037362e-05
154 0.000262035409042
155 -0.000202637801864
156 -6.12704428842e-05
157 0.000180833995412
158 6.17821184968e-05
159 -0.000122666725925
160 -0.000161243527794
161 -0.000233510782265
162 -6.44156605347e-07
163 0.000130464507597
164 -7.93991645904e-05
165 0.00056948033967
166 5.96143310454e-05
167 -0.000118499510761
168 1.7021833326e-05
169 -5.31678437968e-06
170 -8.80554709518e-05
171 -0.000144481148728
172 7.4771196662e-05
173 -0.000161631898485
174 8.36246492329e-05
175 0.000164236742819
176 -1.37491242771e-05
177 -3.4220271438e-06
178 -0.000353632609365
179 -0.000236398613856
180 -0.000168690241596
181 0.000151504150076
182 0.000112863160516
183 0.000255139188052
184 -3.08998872703e-05
185 0.000381465658336
186 0.000127273008214
187 -3.66068873487e-06
188 -0.000106132395593
189 -5.24006563523e-05
190 0.000147177719841
191 -0.000185666421955
192 0.000119596048208
193 0.000160032314757
194 -0.000337271935402
195 -0.000180381287245
196 0.000241709355116
197 4.92859375629e-05
198 -0.000103895770779
199 0.000187528989117
200 -1.75551791925e-05
201 0.000217507967293
202 -0.000127195457557
203 0.000217633526703
204 0.000422275661706
205 -0.00020944812912
206 -0.000471314763791
207 8.01166085615e-05
208 0.000104824409334
209 -0.000101596031069
210 -0.000331600490822
211 0.000162316599519
212 0.000130060312015
213 -1.82326642218e-05
214 -0.000148130682845
215 -9.36212472014e-06
216 6.44602623567e-06
217 -1.98141264608e-05
218 -2.78253757889e-05
219 0.000340485919888
220 -0.000177204857492
221 9.93791723449e-05
222 -5.79474864447e-05
223 3.85880485953e-05
224 0.000191931498249
225 -0.000287589328709
226 -5.19299790569e-05
227 3.55747842339e-07
228 2.34186147533e-05
229 2.02063131885e-05
230 -7.31539048174e-05
231 -1.82494697003e-05
232 -0.000139919530437
233 0.000142843065631
234 -9.33820292607e-05
235 -0.000155299445907
236 -0.000206839058424
237 -4.18908007456e-05
238 0.00034829202323
239 -0.000137382289401
240 -6.71840740865e-05
241 -4.88181748974e-05
242 -6.18576228421e-05
243 0.000211862738339
244 8.17010119985e-05
245 -4.08435352956e-05
246 4.0541081115e-05
247 1.33985938529e-05
248 -0.00017858726648
249 0.000215249517465
250 8.50472582087e-05
251 3.16742544614e-05
252 4.98433014789e-05
253 -0.000222606741581
254 4.59514337448e-05
255 -0.000129943663789
256 1.14187847013e-05
257 0.000135501152848
258 -0.000179669624498
259 9.45732775147e-05
260 4.64851521364e-06
261 8.51066806554e-05
262 0.000143705635232
263 -0.000134097272473
264 -3.33129322135e-05
265 6.61487925456e-05
266 -0.000108861043505
267 -0.000226217237966
268 -4.82318411905e-05
269 1.90116368937e-05
270 0.000208300041954
271 0.000126813158041
272 0.000151104673115
273 0.00021717122433
274 0.000102832965772
275 6.41977784021e-05
276 -0.000101960520508
277 -5.82127803266e-05
278 -6.1851097391e-05
279 -0.000106748723337
280 -1.23798462981e-05
281 4.0425508199e-05
282 2.14857303204e-05
283 -5.10542663503e-05
284 -5.25712845847e-05
285 0.000175538651585
286 5.51102562238e-05
287 0.000215826885366
288 2.98262419301e-05
289 4.2290912467e-05
290 -1.01941573694e-05
291 -0.000212692375883
292 4.37936591868e-05
293 0.000163715112773
294 -0.000296429791681
295 0.000234549908071
296 2.43488065304e-05
297 -0.000291868744326
298 0.000170896656796
299 0.000156081163973
300 0.000134588249182
301 -3.85676379203e-05
302 3.25298993904e-05
303 -9.04883902682e-05
304 -0.000189680828009
305 0.000173322149042
306 0.000333812848308
307 3.13760342438e-06
308 -9.63790336717e-05
309 0.000135034004901
310 -1.93858848911e-05
311 -0.000160263376745
312 6.55261649215e-05
313 -2.47386404165e-05
314 -0.000220293324049
315 -0.000216815504211
316 6.2667541727e-05
317 -0.000311970503513
318 -2.05324629335e-05
319 -5.20262446774e-05
320 0.000166046431624
321 -0.000151294150446
322 0.000195954405753
323 0.000204620824705
324 -6.72513305157e-05
325 -0.000350878574562
326 -4.38353501524e-05
327 -5.53372683125e-05
328 -1.22394972847e-05
329 5.60861297772e-05
330 -3.35297860656e-05
331 -0.000139695705295
332 -0.000153100173426
333 -6.84438767314e-05
334 -0.00027214453371
335 0.000127753888912
336 -8.65691021364e-05
337 -4.25563881479e-05
338 6.15510763225e-06
339 8.97683585588e-05
340 0.00018627257583
341 -0.0001549837176
342 2.94823292629e-06
343 -0.000137384751717
344 0.000104268626971
345 8.33153042504e-05
346 9.12741309257e-05
347 0.000264531376659
348 -0.000177755417944
349 5.59719469793e-05
350 8.16619818642e-05
351 8.7611996319e-05
352 -9.75004265361e-05
353 2.82291838041e-05
354 -0.000359773626609
355 -5.78959659164e-05
356 -0.000213916640613
357 -0.000303919085519
358 0.000258693341609
359 2.97758451773e-05
360 -0.00031292462515
361 0.000253683254962
362 0.000114957040834
363 -0.000251504541918
364 0.000196266748513
365 -1.26936664214e-05
366 0.000129241047047
367 0.000211900315775
368 -5.87621663849e-05
369 5.8487712938e-05
370 -1.59833232431e-05
371 -0.00018625339522
372 -0.000209507038355
373 0.000103856957112
374 -4.8342828573e-05
375 0.000431237766441
376 -0.000236544224621
377 -0.000142945972554
378 9.10889975893e-05
379 0.000346309729219
380 -2.86286527488e-05
381 0.000147572499783
382 0.000212529989622
383 0.000240745478924
384 -1.21215386792e-05
385 0.000263152582458
386 2.92469828413e-05
387 -0.000310648856709
388 -1.04592192558e-05
389 -0.000149262960515
390 -0.00027497357842
391 0.00019977728455
392 -0.000126076859888
393 -0.00026745297098
394 2.94748967972e-05
395 7.60317932869e-05
396 -9.3378853539e-06
397 5.31005584131e-05
398 0.000166928165768
399 -9.66291127904e-05
400 0.000221834283772
401 -0.000180947147877
402 0.000149670945101
403 0.000151384204621
404 -0.000115153484089
405 9.5194461034e-05
406 -0.000208110367012
407 9.79322972294e-05
408 6.65339712678e-05
409 6.37083605626e-05
410 -0.000143404323702
411 -0.00017016651438
412 -0.000183018591207
413 0.00021761964804
414 8.35300340325e-05
415 -0.000271035855886
416 -0.000182734552715
417 0.000110305214262
418 -4.86324351274e-05
419 -4.49749696921e-06
420 -0.000138316774651
421 2.91997447506e-05
422 8.8718917413e-05
423 -0.000187306031749
424 -0.00013940857262
425 -0.000155289171543
426 -0.00010203071998
427 -3.5292289956e-05
428 1.06601908202e-05
429 0.000225177327812
430 -3.35870236595e-05
431 0.000209641802774
432 -0.000210376972178
433 -8.48275357233e-05
434 0.000206484885109
435 0.000126837013904
436 0.000104145789923
437 -0.000166077214369
438 -0.000357283164543
439 -2.90838332853e-05
440 -0.0001024892851
441 -0.000120155343416
442 2.81515956263e-05
443 2.28764779924e-05
444 -0.000253855357694
445 2.83119834842e-05
446 6.85515355647e-05
447 -2.7395859494e-05
448 -2.72383071136e-05
449 0.000171331962011
450 4.45073457112e-05
451 4.77541580127e-05
452 -0.000241844914181
453 -0.000114171535311
454 -0.0002762658584
455 -0.000103903392431
456 0.000270073638869
457 8.45561875781e-05
458 0.000110937116266
459 -0.000332477393459
460 8.33123634508e-05
461 0.000780305074818
462 -0.000334289117454
463 -0.000204881731094
464 -4.07799488307e-05
465 1.767429855e-05
466 -0.000218158431859
467 -0.000348810966957
468 2.51977666801e-05
469 0.000287512593283
470 -0.000268327978076
471 0.000320719557395
472 -4.26176100389e-05
473 0.000292624949582
474 -0.000202051632438
475 7.89720658954e-05
476 0.00020422015302
477 -0.000149822030362
478 -0.00031211339854
479 -0.000193168716018
480 -0.00021435533824
481 -2.02541154813e-05
482 -4.81621942308e-05
483 0.000207427844716
484 1.96220255075e-05
485 7.65592435998e-05
486 -0.000148651643355
487 1.22909516037e-05
488 -0.00017910141642
489 -0.000151112922427
490 -9.28111216895e-06
491 0.000178382392295
492 0.000666791503416
493 0.000300756582483
494 0.000166929781671
495 8.92993149132e-05
496 8.09191014845e-05
497 -0.000223240218389
498 -0.000293224385938
499 8.32673629626e-05
500 -0.000157878931304
501 0.000414093143295
502 0.000346035697112
503 2.07080150046e-05
504 0.000481062693023
505 -0.00120579062176
506 -0.00162982292626
507 0.000126308332417
508 0.000225614177855
509 -5.60704434102e-05
510 0.000132483514602
511 -0.000171801320683
512 -0.000121591483381
513 0.000151735444577
514 3.09666275486e-05
515 0.000216435824261
516 0.000265184261026
517 -0.00103662410747
518 -0.00178443249469
519 0.000599179446939
520 9.2653264839e-05
521 0.000303796107576
522 0.000160714914001
523 -0.000175056074642
524 0.000270532098679
525 -0.000229217844561
526 -0.000234317299768
527 2.33058311325e-05
528 -3.65108760902e-05
529 0.00025664926634
530 0.000247426675275
531 0.000614686974259
532 9.54822311321e-05
533 -1.49342218804e-06
534 -1.5132126986e-06
535 -1.28409849673e-05
536 3.61286904941e-05
537 -0.000214469092588
538 6.7488441557e-05
539 4.39134274278e-05
540 0.000129038484813
541 -0.000124245611063
542 0.000137271214243
543 -0.000174633378271
544 -0.000134906148982
545 -0.000373798260018
546 -0.000227165816839
547 -2.27171114906e-05
548 6.51185403024e-05
549 -0.00014928825505
550 0.000218637135639
551 -6.73630696147e-06
552 0.000295653744251
553 -0.000189120185787
554 0.000220562754868
555 6.6505447111e-05
556 -0.000337183120392
557 -0.000357962038502
558 -1.9605602423e-05
559 7.62423132734e-05
560 -0.000159802474083
561 -8.98163943503e-05
562 0.000709354646992
563 2.32827437533e-05
564 -0.000418732053346
565 0.00013500232108
566 3.25081857466e-05
567 0.000261174117227
568 7.61222703164e-05
569 -0.000206102335967
570 -0.000170044186359
571 -0.000284720300324
572 4.16771950551e-06
573 7.93472741949e-05
574 0.000298802921518
575 0.000112120652921
576 -8.40645759061e-06
577 -7.4749114005e-05
578 9.90192458595e-05
579 -2.46862290999e-06
580 2.12691961972e-05
581 0.000203266913558
582 2.33054300454e-05
583 -8.70068824319e-06
584 0.000198690284027
585 -0.000238516082766
586 -0.000277803189534
587 1.18984152624e-05
588 2.97777798902e-05
589 -0.000136445084627
590 6.91534461038e-05
591 -0.000176912635748
592 -0.000103984003413
593 0.000190451888659
594 -0.000139703455338
595 -0.000172953119998
596 -8.8003516582e-05
597 0.000173103312968
598 -0.000161163491805
599 -2.03920261858e-05
600 0.00024424621792
601 9.53004358023e-05
602 -0.000149467476903
603 2.27554312797e-05
604 0.000154754785305
605 -0.000424942912606
606 -5.17738618723e-05
607 0.000203770667154
608 6.35032793764e-05
609 -6.93150926344e-05
610 0.000228460119462
611 -1.76158295253e-05
612 -0.000200184355927
613 8.42121944993e-05
614 8.84006762905e-05
615 -0.000346533760084
616 0.000176703492388
617 1.7392504641e-05
618 4.7864774954e-05
619 0.000173166652867
620 -7.75119266303e-05
621 -0.000168249529578
622 -0.000175670365733
623 -0.00020671930265
624 -0.000120084794815
625 3.02635043723e-05
626 -8.12156829649e-05
627 3.96492302079e-06
628 0.000131155817249
629 0.00019839148486
630 8.1611571168e-05
631 7.22768514872e-05
632 -6.36087265504e-07
633 0.000132409268533
634 0.00055326802366
635 0.000209107082647
636 0.000116425749162
637 -0.000164960874973
638 -0.000378907495934
639 0.000109404063916
640 -0.0002367280247
641 -0.000189963302534
642 -0.000184129987606
643 -0.000174959164548
644 -0.000449237952862
645 -7.81247428092e-05
646 0.000191424606298
647 0.000104634439747
648 -0.000679046698554
649 2.31300214318e-05
650 -0.00011455784064
651 0.000500048988706
652 0.00036723266358
653 6.71482763403e-05
654 -3.12196538762e-05
655 -0.000148141054645
656 -0.000485746655722
657 -0.000185489702848
658 7.60685731744e-05
659 -0.000244492661445
660 0.000264202925713
661 -0.00015804646921
662 -0.000202074410313
663 0.00027773605462
664 -6.77101144534e-05
665 -0.000236033974776
666 0.000291865019945
667 0.00011146712579
668 0.000144756080232
669 0.000684700272669
670 -4.39377146368e-05
671 -9.98419291656e-05
672 9.68106142126e-05
673 -0.00016447568635
674 -0.000110069508177
675 0.000251816770292
676 3.16139852928e-05
677 9.34509781993e-05
678 -9.73759985489e-05
679 5.57423280469e-05
680 -0.000184018870722
681 7.36272783816e-05
682 0.000111468464728
683 1.86210784025e-05
684 -0.000164873420678
685 -0.000125918107971
686 -9.19572426275e-05
687 -3.79899379036e-05
688 -0.000146898514478
689 0.000344834870027
690 0.000185635316846
691 0.000412096839914
692 9.25937630924e-05
693 5.11129903533e-05
694 -1.57542471712e-05
695 0.000108938347696
696 -0.00028380015245
697 -8.88713063311e-05
698 0.000639632167898
699 4.03201349402e-05
700 -0.000250139612628
701 0.000131151207661
702 -0.000180447194388
703 -2.11151267074e-05
704 0.000199113332608
705 -0.000262833097288
706 0.000141463082234
707 -0.000140201931626
708 0.000328336716377
709 0.000336712828968
710 5.97011871755e-05
711 8.62552824738e-06
712 9.31507477975e-05
713 -0.00011082496998
714 -0.000356773266434
715 7.52923112413e-05
716 0.000207503686135
717 -0.000332954642617
718 -6.34295773352e-05
719 8.88031854094e-05
720 -0.000194100039409
721 -0.000155037693432
722 -9.96786808977e-05
723 -9.05463347237e-06
724 0.000347088731328
725 -2.00871670435e-06
726 -7.44614829411e-05
727 -0.000123447743089
728 7.95225015021e-05
729 0.000242548973245
730 -0.000122124302273
731 2.64002204616e-06
732 -0.000100412163865
733 0.000205916619838
734 8.85309012399e-05
735 -0.000225195818668
736 -0.000217549564615
737 0.00016350493401
738 0.000119292330941
739 -1.32431574063e-05
740 0.000150067824031
741 4.59723322314e-05
742 -1.14075207672e-06
743 -0.000108556757329
744 1.26435663891e-06
745 9.9991846391e-05
746 -0.000156925132642
747 -0.000145953813114
748 -5.7513258268e-05
749 0.000174666391796
750 -0.000229229679982
751 0.000126377295449
752 0.000166224070478
753 -5.04495405445e-05
754 8.65379920535e-06
755 -0.000131675756155
756 7.00400379414e-05
757 -0.000270452273997
758 0.000107777395256
759 8.24794451637e-05
760 -0.00021688779749
761 0.000213413264828
762 -0.000139617343818
763 1.64792788739e-05
764 -0.000138939585389
765 7.73758376379e-05
766 -3.28205985563e-05
767 -9.11044362433e-05
768 9.49336170151e-05
769 0.000106905873138
770 -1.04954915714e-05
771 0.000129492926384
772 0.000268434258368
773 -0.000148466098664
774 0.000226845822981
775 6.34153317234e-05
776 -0.000140173180623
777 4.6991411502e-05
778 -0.000135136953702
779 -2.23369460377e-05
780 -4.05370603539e-05
781 8.26912622525e-05
782 5.31269840164e-05
783 -3.09020717878e-05
784 -0.000111678715359
785 -0.000251432826651
786 9.0819486435e-05
787 0.000428071747163
788 0.000213945243863
789 5.17110818981e-05
790 -0.000242299704044
791 9.81726043742e-05
792 0.000184316776913
793 2.85454134196e-05
794 -0.000114940816839
795 3.82434984944e-05
796 0.000145086909526
797 0.000185056807709
798 0.000627356822363
799 -0.000217952572366
800 -0.00035797252378
801 -6.78668944221e-05
802 -7.28478274601e-05
803 5.45614075587e-05
804 -0.000164696004786
805 -7.1993214868e-05
806 -0.000146231310998
807 0.000130738701765
808 6.75805513483e-05
809 -6.45899114839e-05
810 -4.74725449743e-05
811 -0.000109230823894
812 6.99369807834e-05
813 0.000215082569592
814 6.88094225544e-05
815 -5.5721099044e-05
816 -3.65540542723e-05
817 7.43620151134e-06
818 -6.7885648934e-05
819 0.000267107196231
820 0.000125915675686
821 0.000135502057214
822 -0.000614486027083
823 -0.000117932659415
824 5.34782748432e-05
825 -0.000102392106051
826 2.17390712997e-05
827 -3.32124634479e-05
828 2.54686112899e-05
829 -0.000108407676807
830 1.43020255103e-05
831 0.000184703100752
832 -9.82881739025e-05
833 -0.000194941200183
834 -0.00012997965857
835 -5.55696653441e-05
836 -0.000149006975237
837 -7.43223286461e-05
838 -2.09045227397e-05
839 -8.44671152829e-05
840 0.000110313323958
841 0.000122015055526
842 -0.000127914218376
843 -6.91978029727e-05
844 1.97987343964e-05
845 -2.53312925006e-05
846 6.52940826243e-05
847 -5.26859616476e-05
848 8.36344754001e-05
849 -1.72292326125e-05
850 -0.000369716524754
851 0.000164910697435
852 0.000218584783736
853 -3.22319149425e-05
854 -7.7074914986e-05
855 -9.36030509788e-05
856 -0.000210886804381
857 9.15390094966e-05
858 0.00012743712988
859 -0.000115441223318
860 -0.000126642683775
861 -5.84287289427e-05
862 0.000116116650692
863 7.2721006014e-05
864 0.000223054689526
865 -0.000204398305686
866 -0.000160918639815
867 -0.000147658325171
868 -9.02323883856e-05
869 -9.50880728215e-05
870 -0.000166651732855
871 -0.0002051652846
872 0.000324568875705
873 -3.25505263942e-06
874 -7.04646692519e-05
875 -0.000297695623908
876 6.83048079467e-05
877 0.000441908734389
878 9.4489001523e-05
879 -4.59619286408e-05
880 -9.41114791933e-05
881 3.60391044735e-05
882 -0.000193226549348
883 -4.23527510115e-05
884 -2.00970094232e-05
885 -0.000342807731123
886 0.000177233254882
887 0.000455636175978
888 0.000104880699354
889 -1.99536897917e-05
890 -0.000222636331378
891 -5.32499461861e-06
892 -2.88127195573e-07
893 0.000217659969427
894 -0.000126290897309
895 7.44940372637e-06
896 0.000257939108682
897 9.91224002142e-05
898 4.4958709084e-06
899 9.59613498311e-05
900 -0.000232431703158
901 6.20446801173e-05
902 0.000317068070988
903 4.58876069108e-05
904 -9.01293158799e-05
905 1.34818909077e-05
906 -3.7239354876e-05
907 -0.000101387865372
908 2.26118971508e-06
909 -3.55888670789e-05
910 -1.55911114332e-05
911 -7.00128107569e-06
912 -7.96525074772e-06
913 8.55410838328e-05
914 5.3822927358e-05
915 -9.90124813515e-05
916 0.000124764109402
917 -0.000102989089676
918 -0.000154136761812
919 0.000192007919311
920 0.000208993221204
921 -1.7496766298e-05
922 -2.11239120763e-05
923 -6.22989572804e-05
924 -0.000149665311975
925 8.15238364452e-05
926 3.30997300197e-05
927 -0.000146435800901
928 0.000275984029467
929 -1.63203454145e-05
930 9.98514929422e-05
931 9.74672903475e-05
932 1.13137776507e-05
933 -4.0947639917e-06
934 0.000106764557219
935 -0.000397920763887
936 7.10761055067e-06
937 -3.86609285997e-05
938 -0.000168794976566
939 -1.27302674834e-05
940 0.000227326189133
941 0.000155215168642
942 -9.37357142542e-05
943 -0.000495255390027
944 0.000165307428225
945 -0.000237374991749
946 0.000223280926429
947 -0.000245229287111
948 -0.000492215897868
949 0.000523363369915
950 0.000442567730678
951 -0.000183825955795
952 0.000123474344296
953 -0.000656245761522
954 -0.000194491867291
955 0.000337452012989
956 0.000217345609112
957 -2.64454752963e-05
958 0.000291435617988
959 -0.000100994164577
960 -6.85311981974e-05
961 7.64673502362e-06
962 0.000346650438569
963 -0.000160862473037
964 5.65694975721e-05
965 -0.000345518926652
966 -0.000555386208213
967 -6.84289540273e-05
968 0.000779735055648
969 0.000601978526069
970 -0.000274839705158
971 -0.00040258614025
972 0.000477106144357
973 -0.000271275598936
974 0.000542972219448
975 -0.000109790264455
976 -0.000109557647066
977 -0.00018883838292
978 -7.75520550635e-06
979 -4.68369830409e-05
980 -0.000463845712928
981 -7.80361583571e-05
982 -0.000185713696844
983 -0.000135296420622
984 0.000105507441503
985 0.000209331359422
986 -0.000269416362924
987 -0.000260951001948
988 -0.000321121974506
989 9.61478921912e-05
990 -1.92729288992e-05
991 1.488360698e-05
992 -2.65152682098e-05
993 -0.000286593652334
994 0.000133555956078
995 0.000428893739451
996 -7.85211489639e-05
997 -0.000208725546632
998 5.79707524477e-05
999 7.79762559419e-05
1000 -0.000308462308852
1001 0.000160422088261
1002 -8.81387223256e-05
1003 -1.01918472349e-05
1004 7.56768892087e-05
1005 -0.000114554694763
1006 4.28648831864e-05
1007 -0.000147171313651
1008 -7.74698385672e-05
1009 -0.000232082364525
1010 -0.000113422097802
1011 -0.000115380034143
1012 2.67704213966e-05
1013 4.30352808332e-05
1014 -5.85110236199e-05
1015 -0.000264439486678
1016 0.000306709880088
1017 5.35254206474e-05
1018 -7.13420840694e-05
1019 -0.000192411633427
1020 -0.000110489493913
1021 2.41153030162e-05
1022 0.0
1023 0.0
