5.26446040202e-05
0 -3.26610033178e-05
1 4.7583041855e-05
2 -0.000110600500879
3 -6.12658316123e-05
4 -2.70885755683e-05
5 4.46988301318e-05
6 9.34512272156e-06
7 6.18888893303e-05
8 -4.73187223488e-05
9 3.90760128928e-07
10 -2.75876916579e-06
11 3.81878301293e-05
12 3.0092328961e-05
13 1.78673749033e-05
14 4.77146587748e-05
15 2.9366233049e-05
16 1.35809768286e-05
17 5.20898866588e-05
18 2.86200958215e-05
19 1.88392615754e-05
20 -4.4886537321e-06
21 -5.04693693434e-06
22 2.82854012299e-05
23 1.80813427133e-05
24 -6.59480334086e-06
25 2.99969076342e-05
26 7.3087387648e-06
27 1.96791648247e-06
28 1.63551968103e-05
29 9.43218420507e-06
30 -2.69342242098e-05
31 -6.19660901754e-05
32 -2.00844257368e-05
33 -2.25362712122e-05
34 -2.72479165787e-05
35 -2.73944908763e-05
36 1.07885175375e-05
37 -1.92288961731e-06
38 -3.35522723517e-05
39 -3.47038351838e-06
40 1.7077030193e-05
41 1.71963428613e-05
42 -9.97859254969e-05
43 -5.6399922158e-06
44 -2.80702903388e-05
45 -9.41573348204e-05
46 -6.37640993012e-05
47 -0.000112157214805
48 -0.000121880898594
49 -0.000102324052245
50 -2.02775140099e-05
51 3.9376836486e-05
52 8.39216469142e-05
53 1.09112615482e-05
54 3.17874205423e-06
55 0.000104654561081
56 -5.24792844092e-05
57 0.000125718241974
58 0.000132622717634
59 8.35356284877e-05
60 0.000191630973313
61 5.93911637371e-05
62 2.04910615115e-05
63 -4.1005517802e-05
64 -9.3579442842e-05
65 9.68508581808e-05
66 5.22480664915e-05
67 -2.75683060024e-05
68 2.48508457331e-05
69 1.27344493277e-05
70 4.74340146376e-06
71 0.00010102741335
72 5.82949776333e-05
73 2.14547688801e-05
74 -0.000215922482734
75 8.06328571899e-05
76 0.000238558708241
77 4.80344041037e-05
78 -1.8264090177e-06
79 5.943095382e-05
80 6.72306786653e-06
81 -2.82971955141e-05
82 -0.000138074043906
83 -0.000209480781092
84 -2.12785733578e-05
85 -1.61207904669e-05
86 5.43868216338e-05
87 4.45395113123e-05
88 5.36000958926e-06
89 -0.000179003363678
90 -0.000140890293053
91 -0.000147650079364
92 5.28190567044e-05
93 0.000320717033842
94 0.000267485814279
95 0.000200445303875
96 0.000125980051529
97 -2.12487519676e-05
98 0.000161795734946
99 0.000172461917297
100 -6.17221865529e-06
101 -0.000153777776498
102 -1.76183750108e-05
103 0.000147904672611
104 0.000165463727202
105 7.64270733805e-05
106 0.000515231640818
107 0.000567847447552
108 7.31860835943e-05
109 8.25800595966e-05
110 0.000157010842611
111 0.000140266474002
112 0.000160833400529
113 0.000152645906992
114 0.000206293708188
115 0.000140680286478
116 0.00012168362014
117 0.000365683870828
118 0.000140860457927
119 0.000392188439115
120 0.00018961730538
121 -7.06592536017e-05
122 0.000200032628186
123 0.000282971611688
124 0.000243796117327
125 0.000117547110165
126 9.89230471958e-05
127 6.53055608979e-05
128 0.000127430564456
129 4.67564475619e-05
130 8.35154796912e-05
131 0.000539412731805
132 0.000141910549404
133 -7.20180605812e-06
134 0.000315404882514
135 0.000229432590491
136 0.000155190901877
137 2.24996925742e-05
138 -9.11904009547e-05
139 -0.000198322654391
140 6.39101655333e-05
141 -1.60857405075e-05
142 -5.24523802321e-05
143 0.000108242477094
144 -0.000114770378952
145 -0.000232002324302
146 0.000244561563991
147 0.000142058540215
148 -0.000186564285259
149 -0.000130588976484
150 -8.58682176814e-05
151 -6.88592324845e-05
152 -5.25416470833e-05
153 7.71869069123e-06
154 2.93449122703e-06
155 -0.00014599674513
156 -0.000255689706413
157 -6.64610436366e-05
158 7.69334677882e-05
159 -8.95900765803e-05
160 -0.000335080478068
161 -0.00016260443817
162 -0.000253736399148
163 -4.40754935914e-05
164 -2.18720720623e-05
165 -0.000116482272593
166 -0.00018358552302
167 -0.000358098529278
168 -5.82036306107e-05
169 -0.000307279986774
170 -0.000247643343861
171 9.07873378335e-05
172 0.000302702211649
173 -0.000471458423106
174 -0.000208230665071
175 -0.000155306954968
176 -0.000227299759146
177 -0.000160310022501
178 9.95168792017e-05
179 -7.26542144139e-05
180 -0.00021606192698
181 -0.000504905886048
182 -0.000178465016461
183 -0.000308129282558
184 -0.000213283691848
185 -0.000114280895467
186 -6.20341481495e-05
187 -0.000246327191184
188 -0.000120786890782
189 -2.86412592269e-05
190 0.000165398995459
191 -9.56558533543e-05
192 -0.000168540760431
193 6.12234760574e-05
194 -9.09598442299e-05
195 -0.000501865720204
196 -2.9083742606e-05
197 5.40593473979e-05
198 0.000141168871106
199 -3.5349936587e-05
200 -3.1831816956e-05
201 1.30936222565e-06
202 -1.79803761742e-05
203 -0.000305932418685
204 -0.000164624663055
205 1.86846815696e-05
206 0.000162659764047
207 -9.89507201823e-05
208 -0.000174416886634
209 -0.000155402913572
210 -4.6746342066e-06
211 -9.51125573694e-05
212 -0.000123612350094
213 -2.4767091205e-05
214 -0.000426579670298
215 -0.000251460939301
216 5.30586023205e-08
217 9.13368415072e-05
218 -3.97052710686e-08
219 -7.27101874763e-07
220 3.87852993304e-05
221 -0.000216015625377
222 2.44707529145e-05
223 -5.21605391139e-06
224 3.67953156761e-05
225 -6.07929164005e-05
226 0.000390172793133
227 0.000256492105454
228 -0.000167261629295
229 -0.000552546899569
230 0.000111700356108
231 -0.000578096711908
232 -0.000166894162917
233 0.000600664625145
234 2.49269976212e-05
235 -3.6803119685e-05
236 -0.000252378991443
237 0.000394906037069
238 6.98492519305e-05
239 0.000162984086798
240 0.000271215105599
241 0.000271217599303
242 0.000138057803232
243 -0.000153558408936
244 -8.37574609919e-05
245 7.36384938974e-05
246 6.55908920384e-07
247 -6.57094285894e-05
248 -2.48971267007e-05
249 -4.98937400269e-05
250 1.15506953298e-05
251 -4.41177804974e-05
252 -5.74373003118e-05
253 -0.000101926603565
254 -2.35287500302e-05
255 8.66735006253e-05
256 -5.66753342102e-05
257 3.12763885746e-05
258 -8.34877689767e-05
259 -4.2387746695e-05
260 -8.20025850474e-07
261 -7.23136468536e-05
262 -3.84138112641e-05
263 -3.73595428839e-05
264 -2.13814392412e-05
265 -6.49118591579e-05
266 -6.73537996093e-05
267 0.000110053047489
268 -7.08001251031e-05
269 -3.03620750579e-05
270 2.00037770627e-05
271 0.000211912949401
272 0.000197231166081
273 0.000247543317385
274 -1.11462345355e-05
275 0.00024559809956
276 -0.000260567161167
277 8.79791726072e-05
278 1.65965582546e-06
279 0.000330853506971
280 0.000244998737541
281 -0.000221247962872
282 -1.56189407924e-05
283 -0.000199224294144
284 -7.8897269835e-06
285 0.000125085329431
286 0.000160572271429
287 -9.07696172208e-06
288 -2.79836908874e-05
289 -0.0001082721212
290 -3.31500225116e-07
291 -0.000100433694331
292 9.12309862379e-07
293 -9.18348078582e-05
294 -0.000126105152417
295 -9.19712110609e-05
296 -8.52391580925e-05
297 -0.000256110715815
298 -0.000271368691016
299 9.88136714685e-05
300 -6.34047208252e-05
301 -0.000128226619801
302 -9.90460102878e-05
303 -0.00014324134511
304 -0.000201901957387
305 -8.88705833681e-06
306 -1.67112916872e-05
307 -9.77643439627e-05
308 -0.00013938624246
309 -0.000123995297403
310 9.83184360308e-05
311 -4.20388412975e-06
312 -7.12830912975e-05
313 -5.10410572847e-05
314 0.000115185116579
315 9.04384847839e-05
316 -0.000100120199029
317 -0.000159526004614
318 -3.45243746035e-05
319 1.03492189925e-05
320 -7.87999003831e-05
321 -7.62237696531e-05
322 -4.1737674143e-06
323 4.68535598737e-05
324 5.68079343475e-05
325 -8.54502567801e-05
326 -0.000209765340271
327 2.16676561904e-06
328 -0.000160163665079
329 -0.000157746539222
330 -0.000167522172021
331 -0.000144805700323
332 -0.00014774735028
333 4.21313279844e-05
334 -8.55814186148e-05
335 -0.000133901976258
336 -0.00014467021192
337 -0.000110017295699
338 -5.52579046424e-05
339 -0.000288174579591
340 0.000111622159198
341 -0.000126465729359
342 -9.55973026102e-05
343 -0.000119703779501
344 -8.84192386295e-05
345 -0.000112775210057
346 -4.51822862895e-05
347 -6.05344521625e-05
348 1.21054609805e-06
349 -1.65039315228e-05
350 -9.77338592311e-05
351 -2.2576584226e-05
352 -0.000173159606479
353 -5.5631360975e-05
354 9.64406776257e-05
355 -0.000166989979291
356 -0.000205353804398
357 -0.000142557116464
358 -1.05108391787e-05
359 4.23123191625e-06
360 -9.30330935378e-05
361 -0.000108551612746
362 -8.06391657932e-05
363 -4.42753324145e-05
364 -0.000129750537245
365 1.48866526246e-05
366 -1.27828914893e-05
367 -0.000110935307764
368 -5.6451380671e-05
369 -3.44141118686e-05
370 -5.36150712327e-05
371 2.45089170805e-05
372 -1.22313263771e-05
373 -9.55766481742e-05
374 -7.29144775452e-05
375 -1.6376790079e-05
376 -3.32079790228e-05
377 4.25159137813e-05
378 4.8087359443e-05
379 -3.24544913829e-05
380 -1.72862676986e-05
381 0.000188625343917
382 7.92556949093e-05
383 2.00909274748e-05
384 4.63438457225e-05
385 2.30247824674e-05
386 5.22469304965e-06
387 2.43750087215e-05
388 9.04130491629e-05
389 5.81382452502e-05
390 6.56272643216e-05
391 -5.64139256984e-05
392 6.54515596712e-05
393 6.1061429885e-05
394 2.72375644446e-05
395 8.86449810355e-05
396 4.2830690284e-05
397 -9.74681825857e-06
398 3.48766325572e-05
399 5.28883710469e-05
400 3.82451149358e-05
401 3.06937033312e-05
402 3.31558152912e-05
403 2.9501663959e-05
404 6.27035710196e-06
405 0.000111795137819
406 0.000150906631519
407 7.22255436823e-06
408 3.12823006605e-05
409 4.00150944269e-05
410 -1.01541601978e-05
411 -3.79810146624e-05
412 -2.19075583936e-07
413 -1.00387301975e-05
414 3.22197479166e-05
415 -5.21271890572e-06
416 6.11083677888e-06
417 5.20557232117e-05
418 2.84638629326e-05
419 8.33265924742e-05
420 -1.42717661516e-05
421 -3.78692055482e-05
422 -1.66358295752e-05
423 -1.4719337039e-05
424 -3.30578629304e-06
425 -2.54293010959e-05
426 1.92036460594e-05
427 2.07328591973e-05
428 -4.09782896697e-07
429 -3.56465813892e-05
430 -3.65188626827e-05
431 7.76952059073e-06
432 1.95992958479e-05
433 3.314867882e-06
434 3.46003850238e-06
435 3.55383763668e-05
436 6.29995238356e-05
437 3.91022902416e-06
438 -3.30815759131e-05
439 -2.07803320918e-05
440 4.78533610431e-06
441 4.85515608536e-06
442 1.54430678879e-05
443 2.59425472436e-06
444 4.46802279015e-06
445 -2.02682899707e-06
446 -2.67302131068e-06
447 3.69132715465e-05
448 5.31250289583e-06
449 -1.38684709725e-05
450 5.36841132814e-06
451 9.26559979742e-06
452 2.59100440942e-05
453 1.95021167649e-05
454 1.52149763872e-05
455 1.84772196597e-05
456 -9.37656021777e-06
457 1.47700001077e-05
458 8.73068783038e-06
459 4.82256245962e-06
460 1.0054094829e-06
461 3.12018616713e-06
462 1.61385704803e-06
463 -3.96315599085e-06
464 -1.23290588907e-05
465 -1.10634367582e-05
466 -3.36329846424e-06
467 -1.63562377294e-06
468 3.78530619874e-07
469 2.28869331939e-06
470 -8.08070334225e-06
471 3.15886308187e-06
472 1.38160412685e-06
473 -2.73355077498e-06
474 -3.61778846676e-06
475 -9.99331247936e-07
476 -2.54110352304e-07
477 -4.41649839762e-07
478 -2.57613389049e-06
479 -1.92866501337e-06
480 -2.7598823426e-06
481 -5.36358478977e-06
482 -1.78943927961e-06
483 1.40133051112e-06
484 2.1337125525e-06
485 6.57258384659e-07
486 1.33082903914e-06
487 2.33279488366e-06
488 -5.56916938564e-07
489 1.33053978401e-06
490 2.48246178222e-06
491 2.75219516763e-07
492 2.66864152371e-07
493 1.57011940474e-06
494 6.02641146387e-07
495 2.22984118054e-06
496 1.62507838343e-07
497 5.87759675745e-07
498 1.83250839752e-06
499 8.62923982475e-07
500 1.11372287992e-06
501 7.68242056586e-07
502 4.08299418192e-07
503 -1.25996454822e-07
504 -1.00217904432e-06
505 1.46026955488e-06
506 9.39502236508e-08
507 6.15939340281e-07
508 -1.54633637644e-07
509 -8.71232248693e-07
510 -5.22069693332e-07
511 1.80396456088e-07
512 0.0
513 1.45983168302e-07
514 -6.78646510873e-07
515 -5.63902050503e-07
516 -3.32439227457e-07
517 6.85730261536e-07
518 1.72041713254e-07
519 1.32931191181e-06
520 -1.16161024734e-06
521 1.07946637316e-08
522 -8.46669637647e-08
523 1.28923937074e-06
524 1.10836701753e-06
525 7.1299388054e-07
526 2.05067996488e-06
527 1.3523679333e-06
528 6.67195326313e-07
529 2.71923085023e-06
530 1.58210349451e-06
531 1.09940852857e-06
532 -2.75767794114e-07
533 -3.25607699847e-07
534 1.91203793175e-06
535 1.27799274579e-06
536 -4.86462785336e-07
537 2.30525796076e-06
538 5.84232512831e-07
539 1.6338417957e-07
540 1.40842824527e-06
541 8.41414517687e-07
542 -2.48601743243e-06
543 -5.91122736038e-06
544 -1.97814119007e-06
545 -2.28946362193e-06
546 -2.85259771151e-06
547 -2.95294116211e-06
548 1.19641990047e-06
549 -2.1921521969e-07
550 -3.92942017971e-06
551 -4.17221189271e-07
552 2.1062532078e-06
553 2.17454512882e-06
554 -1.29294929642e-05
555 -7.48388839921e-07
556 -3.81240258201e-06
557 -1.30824243701e-05
558 -9.05901486513e-06
559 -1.62854486296e-05
560 -1.80793227741e-05
561 -1.5499321185e-05
562 -3.13516172288e-06
563 6.21191608522e-06
564 1.3503107163e-05
565 1.78999339181e-06
566 5.31497724121e-07
567 1.78287268898e-05
568 -9.1060215111e-06
569 2.22117062362e-05
570 2.38513921526e-05
571 1.52880960601e-05
572 3.56788912568e-05
573 1.12464038365e-05
574 3.94538070234e-06
575 -8.02580227607e-06
576 -1.86141081581e-05
577 1.95739114109e-05
578 1.07264656027e-05
579 -5.74793752051e-06
580 5.26096859345e-06
581 2.73675414225e-06
582 1.03464123866e-06
583 2.23611063045e-05
584 1.30905780131e-05
585 4.88701781738e-06
586 -4.98806388571e-05
587 1.88879079151e-05
588 5.66539878446e-05
589 1.15632198284e-05
590 -4.45600819072e-07
591 1.46930547517e-05
592 1.68404602269e-06
593 -7.1804102057e-06
594 -3.54875127305e-05
595 -5.4526004078e-05
596 -5.60838773344e-06
597 -4.30187830037e-06
598 1.46921919355e-05
599 1.21787488808e-05
600 1.48331572592e-06
601 -5.01286412213e-05
602 -3.99218848859e-05
603 -4.23270864399e-05
604 1.53172423099e-05
605 9.40738630455e-05
606 7.93519361797e-05
607 6.01334923545e-05
608 3.82156257541e-05
609 -6.51699691079e-06
610 5.01663541178e-05
611 5.40540381108e-05
612 -1.95535171826e-06
613 -4.92362125613e-05
614 -5.70066289007e-06
615 4.83583233889e-05
616 5.46618339777e-05
617 2.55084218196e-05
618 0.000173723146218
619 0.000193406084949
620 2.51776633496e-05
621 2.8693041145e-05
622 5.50949976635e-05
623 4.970325282e-05
624 5.75471094153e-05
625 5.51464304451e-05
626 7.52440806538e-05
627 5.18016485375e-05
628 4.5231069122e-05
629 0.000137206885717
630 5.33452940768e-05
631 0.0001499031533
632 7.31434677597e-05
633 -2.75056115057e-05
634 7.85744761057e-05
635 0.000112156916578
636 9.74960612407e-05
637 4.74268717571e-05
638 4.02659321872e-05
639 2.68160168163e-05
640 5.27834669525e-05
641 1.95354248991e-05
642 3.51951546105e-05
643 0.000229270993227
644 6.08321035052e-05
645 -3.11335467998e-06
646 0.000137500051977
647 0.000100859416677
648 6.87913926899e-05
649 1.00561333491e-05
650 -4.10932409905e-05
651 -9.01033886303e-05
652 2.9273015625e-05
653 -7.42759727375e-06
654 -2.44154252596e-05
655 5.07890938061e-05
656 -5.42823409425e-05
657 -0.000110601190903
658 0.000117510662749
659 6.87956984676e-05
660 -9.10564677179e-05
661 -6.42334168944e-05
662 -4.25640826296e-05
663 -3.43964448243e-05
664 -2.64472427184e-05
665 3.91499112857e-06
666 1.49973369134e-06
667 -7.51806711189e-05
668 -0.000132660827683
669 -3.47415326875e-05
670 4.0516847827e-05
671 -4.75340874466e-05
672 -0.000179104247084
673 -8.75563297562e-05
674 -0.000137633263577
675 -2.40830022768e-05
676 -1.20382561762e-05
677 -6.45775593041e-05
678 -0.00010251708735
679 -0.000201411632466
680 -3.29719488112e-05
681 -0.000175319392804
682 -0.000142302408042
683 5.25399528147e-05
684 0.000176420112332
685 -0.000276715364303
686 -0.000123078300687
687 -9.24409403324e-05
688 -0.000136238232545
689 -9.67558802895e-05
690 6.04811968304e-05
691 -4.44612603871e-05
692 -0.000133133452586
693 -0.000313255111037
694 -0.00011148347846
695 -0.000193798874014
696 -0.000135060412645
697 -7.285973504e-05
698 -3.9818050913e-05
699 -0.000159179977435
700 -7.85804897931e-05
701 -1.87584975393e-05
702 0.000109054072222
703 -6.34915740114e-05
704 -0.000112615330635
705 4.11804691881e-05
706 -6.15880644096e-05
707 -0.000342058862877
708 -1.99536950906e-05
709 3.73333133953e-05
710 9.81320530176e-05
711 -2.47343382624e-05
712 -2.24184910345e-05
713 9.28173084206e-07
714 -1.28289702961e-05
715 -0.000219701937697
716 -0.000118990584229
717 1.35927394248e-05
718 0.000119096641528
719 -7.29173611671e-05
720 -0.000129356389651
721 -0.000115995355367
722 -3.51160644702e-06
723 -7.19065598025e-05
724 -9.40502247426e-05
725 -1.89642500841e-05
726 -0.000328714472949
727 -0.000195003670599
728 4.14091060262e-08
729 7.17319403967e-05
730 -3.13800187122e-08
731 -5.78278305944e-07
732 3.10416343602e-05
733 -0.000173977038292
734 1.98326116866e-05
735 -4.25399477936e-06
736 3.01971359047e-05
737 -5.02043763928e-05
738 0.000324233367758
739 0.000214478525501
740 -0.000140738264636
741 -0.000467830150361
742 9.51642989855e-05
743 -0.000495584531772
744 -0.000143963893494
745 0.000521359440757
746 2.17703600191e-05
747 -3.23421175605e-05
748 -0.000223163401587
749 0.000351356132386
750 6.2531315602e-05
751 0.000146811902214
752 0.000245815045669
753 0.000247337143036
754 0.000126679931318
755 -0.000141773299169
756 -7.78067039565e-05
757 6.88287438301e-05
758 6.16847888608e-07
759 -6.21773658115e-05
760 -2.37040329252e-05
761 -4.77954599086e-05
762 1.11330906219e-05
763 -4.27846209423e-05
764 -5.60445913031e-05
765 -0.000100067421276
766 -2.32417668413e-05
767 8.61432993921e-05
768 -5.66753342102e-05
769 3.14688836942e-05
770 -8.45186511584e-05
771 -4.31752741721e-05
772 -8.40411659561e-07
773 -7.45669380734e-05
774 -3.98547181134e-05
775 -3.89996640648e-05
776 -2.2457630701e-05
777 -6.85992692632e-05
778 -7.16187649972e-05
779 0.000117743550907
780 -7.62150185783e-05
781 -3.28859672091e-05
782 2.18004356634e-05
783 0.000232373186671
784 0.000217611056957
785 0.000274811655926
786 -1.24506599539e-05
787 0.000276039500392
788 -0.000294679486138
789 0.000100114299674
790 1.90029839247e-06
791 0.000381180397036
792 0.000284021623326
793 -0.000258084567789
794 -1.83329448022e-05
795 -0.000235300704981
796 -9.37662721569e-06
797 0.000149587935011
798 0.000193227895219
799 -1.09913686505e-05
800 -3.40982225343e-05
801 -0.000132758430049
802 -4.09022667304e-07
803 -0.000124701788926
804 1.13989338856e-06
805 -0.000115468332965
806 -0.000159560468646
807 -0.000117107684124
808 -0.000109223887642
809 -0.000330259623763
810 -0.000352160839101
811 0.000129049523482
812 -8.33342712912e-05
813 -0.000169608464119
814 -0.000131849485915
815 -0.000191905289555
816 -0.000272233278351
817 -1.2059965215e-05
818 -2.28239472554e-05
819 -0.000134387604306
820 -0.000192842262126
821 -0.000172662033348
822 0.000137797622894
823 -5.93032725399e-06
824 -0.00010121420659
825 -7.29470840354e-05
826 0.000165700734006
827 0.000130956646947
828 -0.000145931413645
829 -0.000234055142634
830 -5.09892847052e-05
831 1.53863030964e-05
832 -0.000117932383895
833 -0.000114838058779
834 -6.33022782598e-06
835 7.15379775927e-05
836 8.73200640925e-05
837 -0.000132232222166
838 -0.000326801905428
839 3.39858927776e-06
840 -0.000252926079226
841 -0.000250808097915
842 -0.00026817286969
843 -0.000233398436393
844 -0.000239778771682
845 6.88468699133e-05
846 -0.00014081725517
847 -0.000221855560447
848 -0.000241367655215
849 -0.000184836410584
850 -9.34883761471e-05
851 -0.000490982256293
852 0.000191521678594
853 -0.000218528657068
854 -0.000166364260011
855 -0.000209803247331
856 -0.000156081784028
857 -0.000200507982495
858 -8.09115285489e-05
859 -0.000109189486568
860 2.19939799746e-06
861 -3.0204665788e-05
862 -0.000180179106728
863 -4.19278904697e-05
864 -0.000323958853066
865 -0.000104851456969
866 0.000183121750764
867 -0.000319454186351
868 -0.00039579772888
869 -0.000276838104621
870 -2.05662561564e-05
871 8.34219186193e-06
872 -0.000184825012015
873 -0.000217312578699
874 -0.000162680420775
875 -9.00134335821e-05
876 -0.000265843985619
877 3.07399563922e-05
878 -2.66035724105e-05
879 -0.000232703194947
880 -0.000119356409752
881 -7.33438727674e-05
882 -0.000115182851927
883 5.30782772186e-05
884 -2.67039869091e-05
885 -0.000210369598212
886 -0.000161805220433
887 -3.66415925335e-05
888 -7.49160145374e-05
889 9.67141839487e-05
890 0.000110305324164
891 -7.50737309112e-05
892 -4.03258165513e-05
893 0.000443784500863
894 0.000188067884061
895 4.80859998043e-05
896 0.000111883930493
897 5.60726885333e-05
898 1.28357419932e-05
899 6.04132610146e-05
900 0.000226084497988
901 0.000146682626295
902 0.000167071987099
903 -0.000144921922509
904 0.000169676793953
905 0.000159753730822
906 7.19219130322e-05
907 0.000236256658344
908 0.000115225955726
909 -2.64699117262e-05
910 9.56198571595e-05
911 0.000146395577312
912 0.000106887947747
913 8.66200569358e-05
914 9.44881111429e-05
915 8.49073086722e-05
916 1.82265660961e-05
917 0.000328234660983
918 0.000447561932295
919 2.16398605606e-05
920 9.46928770681e-05
921 0.00012238678065
922 -3.13822979884e-05
923 -0.000118624799074
924 -6.91534233502e-07
925 -3.2029037539e-05
926 0.00010391461727
927 -1.69961445629e-05
928 2.0144719155e-05
929 0.000173519365923
930 9.59482325406e-05
931 0.00028407738426
932 -4.92138719878e-05
933 -0.000132099598328
934 -5.87103202975e-05
935 -5.25609697359e-05
936 -1.19455680465e-05
937 -9.29986932345e-05
938 7.10870816494e-05
939 7.76938175356e-05
940 -1.55475196984e-06
941 -0.000136948808396
942 -0.000142086819194
943 3.06188036178e-05
944 7.82447694016e-05
945 1.34080944344e-05
946 1.41818858363e-05
947 0.000147628857028
948 0.000265278544253
949 1.66928149937e-05
950 -0.000143202977643
951 -9.12288765725e-05
952 2.13100426222e-05
953 2.19355591455e-05
954 7.08004696922e-05
955 1.20713963458e-05
956 2.11052776606e-05
957 -9.72109537468e-06
958 -1.30201463802e-05
959 0.000182645246031
960 2.6707767187e-05
961 -7.08569426455e-05
962 2.7881866801e-05
963 4.89307243834e-05
964 0.000139162571776
965 0.000106561452921
966 8.46009912476e-05
967 0.000104581023128
968 -5.40384314387e-05
969 8.66998493935e-05
970 5.22162611968e-05
971 2.93968506359e-05
972 6.24861503434e-06
973 1.97785933135e-05
974 1.04380909605e-05
975 -2.61640695787e-05
976 -8.31157653226e-05
977 -7.61934590598e-05
978 -2.3673403158e-05
979 -1.1771981096e-05
980 2.78709097345e-06
981 1.72480229364e-05
982 -6.23644673813e-05
983 2.49803245297e-05
984 1.12017292452e-05
985 -2.27370318705e-05
986 -3.08912262736e-05
987 -8.76567654432e-06
988 -2.29136620861e-06
989 -4.09717824943e-06
990 -2.46070429115e-05
991 -1.8984763751e-05
992 -2.80216244243e-05
993 -5.62252377423e-05
994 -1.93872765889e-05
995 1.57088582966e-05
996 2.47775210613e-05
997 7.91640955614e-06
998 1.66485563423e-05
999 3.03552188674e-05
1000 -7.55005644272e-06
1001 1.88245881621e-05
1002 3.6723995326e-05
1003 4.26591257923e-06
1004 4.34380174227e-06
1005 2.69051287215e-05
1006 1.09017580807e-05
1007 4.27151415272e-05
1008 3.30798721638e-06
1009 1.2762947465e-05
1010 4.2638449543e-05
1011 2.16245480503e-05
1012 3.02377374034e-05
1013 2.27557872864e-05
1014 1.33042962643e-05
1015 -4.56211301604e-06
1016 -4.08242054285e-05
1017 6.79858289678e-05
1018 5.10335011296e-06
1019 4.01499641309e-05
1020 -1.26005492028e-05
1021 -9.46568205973e-05
1022 -8.50835357304e-05
1023 5.87990322666e-05
