4.56795257806e-06
0 0.0
1 0.0
2 0.0
3 -0.000348906796465
4 -0.000607223233626
5 -0.000448052358997
6 -0.000188672963896
7 0.000538810930143
8 0.000357962946064
9 -4.23016096857e-05
10 -7.98819058657e-05
11 0.000374687774008
12 0.000127177156581
13 8.2674070228e-06
14 -0.000292171967085
15 -0.000272676857187
16 7.33145490492e-05
17 0.00010058504308
18 -4.54919262681e-05
19 5.01720174337e-06
20 -0.000181280799138
21 -9.96087670128e-05
22 8.10262068158e-05
23 -1.5166243087e-05
24 -0.000309597019571
25 4.15285326781e-05
26 1.08694455523e-05
27 -4.58903394293e-05
28 -1.04623063994e-05
29 0.000136037527963
30 9.53338095871e-05
31 -1.39252044962e-05
32 -8.11988620605e-05
33 -0.000326028124973
34 0.000315483496465
35 9.04621604241e-05
36 -3.37180268275e-05
37 -0.000104507953212
38 1.8844181893e-05
39 -0.000118736413784
40 9.95066842336e-05
41 -3.90261438514e-05
42 4.81183504742e-05
43 -2.42092168831e-05
44 -7.26398009299e-06
45 2.61018733998e-05
46 -2.15564404962e-05
47 -2.81889927681e-05
48 4.86034486501e-06
49 -1.14789685316e-05
50 5.09327035824e-05
51 4.71981046951e-06
52 7.9820300743e-06
53 -1.1185951257e-05
54 1.48295093845e-06
55 3.24883376217e-06
56 1.86317159785e-06
57 4.65557683991e-05
58 7.75630192912e-05
59 2.23959173933e-05
60 2.49483115808e-06
61 -3.01416230454e-05
62 -3.82474201768e-05
63 -4.86403716741e-05
64 8.71135047191e-06
65 7.20268314747e-05
66 -5.1342218597e-05
67 -8.04558749688e-06
68 1.52478098679e-05
69 -5.13990319038e-05
70 2.04718893011e-05
71 1.39761950985e-06
72 -1.6242637989e-05
73 2.1975816068e-05
74 5.95576990938e-06
75 2.51674764301e-05
76 1.5250841012e-06
77 -2.1974851071e-05
78 5.56554387342e-05
79 1.92520269717e-05
80 4.6019423915e-05
81 -3.0805326983e-05
82 -6.13558080437e-06
83 -0.000102030316652
84 9.2523720955e-06
85 -8.11293362607e-06
86 6.85435139394e-05
87 4.44503879248e-05
88 3.45667938828e-05
89 -8.73115611321e-06
90 6.4893369054e-05
91 -8.77470619317e-05
92 -9.128474854e-05
93 3.97017896579e-05
94 4.58311850439e-05
95 2.34263174052e-05
96 -6.26819029905e-05
97 0.000105988821676
98 1.07775006317e-05
99 -7.37434719134e-05
100 -0.000103857840714
101 -4.86548261921e-05
102 7.51737123061e-05
103 8.08171687139e-05
104 -1.89284140217e-05
105 5.56534138394e-05
106 -4.90034490206e-06
107 8.89197276173e-05
108 2.08951755904e-05
109 -2.56138011545e-05
110 0.000169677568747
111 -1.63069982149e-05
112 0.000144616845561
113 -3.78615706595e-05
114 -7.67697556253e-05
115 -5.21371990587e-05
116 2.64954847939e-05
117 9.96747495229e-05
118 -3.62033805626e-05
119 -5.01460761988e-05
120 -9.7430941485e-05
121 6.31839853518e-05
122 0.000278250751691
123 -2.80750282715e-05
124 0.000156400462052
125 0.000120944894035
126 0.000188774358612
127 -5.99264149201e-05
128 8.81576768771e-05
129 -5.12871649989e-05
130 -7.12319569652e-05
131 -4.23825024219e-05
132 9.03743066431e-05
133 -9.79359897909e-05
134 0.000122595793567
135 -1.43729159963e-05
136 5.91092437712e-05
137 0.000134588400175
138 0.00010940368261
139 -6.47228076002e-06
140 -0.000124304715496
141 1.23296362023e-05
142 5.23510792267e-05
143 0.000112994332121
144 6.85652559112e-05
145 -9.96184739258e-05
146 -3.22052539908e-05
147 6.08127065949e-05
148 -8.26300646464e-05
149 0.000181204404905
150 6.18181060336e-05
151 4.77502049071e-05
152 -4.78032008512e-05
153 3.50566012375e-06
154 0.000131528454323
155 -1.61346241108e-05
156 -4.469561571e-05
157 3.32880035882e-05
158 -1.91939916346e-05
159 -9.72019652648e-05
160 -9.13317882345e-05
161 -0.000118527985826
162 4.76127843186e-05
163 9.34275765714e-05
164 -7.64242393388e-05
165 0.00013320836414
166 1.13549595689e-06
167 9.68059352859e-05
168 -0.000131117877128
169 0.000134917834761
170 0.000174992642419
171 -0.000141037368559
172 6.66659963072e-06
173 -0.000162807083442
174 -1.96593607729e-05
175 7.66402283187e-05
176 -0.000120612326334
177 -0.000134584083303
178 -0.000255383342085
179 -0.000202722991726
180 -8.74327032874e-05
181 8.18237039738e-05
182 -3.9069992769e-05
183 9.77802260122e-05
184 4.44050272264e-06
185 0.000103099512553
186 -2.48308480982e-05
187 -2.54535232867e-05
188 6.37357575777e-05
189 7.4573763239e-05
190 0.000164048919991
191 -6.86378859196e-05
192 -0.000142948252343
193 3.83083664207e-05
194 -0.000129306834048
195 -0.000129413101576
196 0.000109399907559
197 0.000215906422208
198 -0.000106937437915
199 0.00021544888792
200 5.38337701714e-05
201 2.85281910893e-05
202 -0.000156310445733
203 4.07039785491e-05
204 0.000130948791452
205 -0.000113152108663
206 -0.000133278798762
207 4.2145068588e-05
208 5.93818133741e-05
209 -8.93972574877e-05
210 -0.000151642734385
211 0.000138473086713
212 -9.90898899206e-06
213 -2.68041933721e-05
214 -0.000121826552349
215 4.18109175338e-05
216 0.000118332583184
217 -7.88242776606e-05
218 -3.46149317058e-05
219 0.000136265566789
220 -0.000133982062348
221 1.85065525863e-05
222 -4.79109077243e-06
223 -4.56797771285e-05
224 8.845026588e-05
225 -5.24763799264e-05
226 8.27592602847e-06
227 2.32527775124e-05
228 2.04685227299e-05
229 2.89419988317e-05
230 -6.34747833419e-05
231 -4.53771346601e-05
232 -7.54147621607e-05
233 8.82151861963e-05
234 -1.94981006511e-05
235 6.45733202872e-06
236 2.06040083596e-05
237 -1.65435965129e-06
238 4.07685903622e-05
239 -0.000117447536546
240 -7.14140546875e-05
241 -3.94385236168e-05
242 7.43902375403e-05
243 -3.61731712003e-05
244 9.29327694352e-05
245 8.30638310561e-05
246 0.000113862893245
247 2.46867464483e-05
248 -3.27189210751e-05
249 0.000112338033976
250 -0.000117630536074
251 -0.000134228258365
252 8.49211202842e-05
253 -5.59811379731e-05
254 6.15143392136e-05
255 2.52855585188e-05
256 -3.7220078444e-05
257 1.01733408785e-05
258 -6.95797604015e-07
259 1.94753701149e-05
260 3.71471434356e-05
261 -3.44790286223e-05
262 9.50335235031e-05
263 -9.71983867383e-05
264 -5.4133556918e-05
265 7.59172341925e-06
266 -5.28752961058e-05
267 -7.37867999107e-05
268 1.91477868244e-05
269 -5.04892648711e-05
270 5.18624665309e-05
271 8.08691250589e-05
272 7.42705831252e-05
273 6.96006951667e-05
274 7.96450970742e-05
275 6.58522999561e-05
276 -1.79869785452e-05
277 -8.82291771582e-06
278 -1.75972601752e-05
279 -3.65456228663e-06
280 -7.355116058e-05
281 2.89379782265e-05
282 -6.62134919437e-05
283 7.07696810409e-05
284 -2.87897067506e-05
285 -1.69391937207e-05
286 0.000226456782727
287 -8.21304408409e-06
288 4.38335803196e-06
289 2.34876055851e-06
290 0.000109355088062
291 -0.000115359981681
292 6.18862774857e-05
293 2.35457863716e-05
294 -0.000216734266295
295 3.89848161594e-05
296 7.09740185334e-05
297 -7.63986059965e-05
298 0.000119062143906
299 7.48367463188e-05
300 2.06286865572e-05
301 -6.47560227289e-05
302 -1.71943428205e-05
303 -1.09244923551e-05
304 5.50012101133e-05
305 3.81605250211e-05
306 -1.64065923354e-07
307 1.90573286136e-05
308 -6.38657385494e-05
309 -2.67783893532e-05
310 -4.37516058084e-05
311 -7.37749151377e-06
312 4.29411429187e-05
313 6.44395176278e-05
314 -1.68833845714e-06
315 -1.8886284833e-05
316 -1.81152583479e-05
317 -0.000142724661217
318 -6.57019057799e-05
319 5.68240986949e-05
320 6.64161817363e-05
321 -0.000109957478861
322 4.83197968672e-05
323 0.00013812617569
324 -7.10956637384e-06
325 -2.05201564523e-05
326 -6.17595589808e-05
327 -8.58428295928e-05
328 5.32376582777e-05
329 -1.85338048476e-05
330 6.55419408655e-06
331 -5.96888757403e-05
332 1.57025455599e-06
333 1.05840220843e-05
334 2.27388970019e-05
335 4.18250633604e-05
336 -6.18140809332e-05
337 -7.11540289624e-05
338 -0.000123376642576
339 -0.0001341890091
340 0.000118537689
341 -3.40749033816e-05
342 2.84311955342e-05
343 4.92265452255e-06
344 0.000108304726602
345 6.27896037789e-05
346 -1.65766520576e-05
347 0.000106736210276
348 3.75610189455e-05
349 -3.5206381953e-05
350 2.9634107989e-05
351 8.9093641118e-05
352 -0.000132262433765
353 4.27522020071e-06
354 4.20235434906e-06
355 3.11450119751e-05
356 -4.92647202473e-05
357 -0.000139311675805
358 9.87963676898e-05
359 2.9663319708e-05
360 -0.000129793039815
361 6.74188644141e-05
362 4.42804192566e-06
363 -4.75807262374e-05
364 -3.82483486833e-06
365 -4.36917994354e-05
366 5.87426198302e-05
367 1.28707790553e-05
368 -5.05531247751e-05
369 -7.45736160768e-06
370 3.96583671087e-05
371 -5.57918054038e-05
372 -2.02720348567e-05
373 -7.12452253986e-06
374 -9.54488488788e-06
375 3.87125600725e-05
376 -5.13741851966e-05
377 -3.07133010532e-05
378 -2.50107838891e-05
379 3.23397465577e-05
380 -2.65823876541e-05
381 2.1350341826e-05
382 4.13909858159e-05
383 6.54988539308e-05
384 5.01459171141e-05
385 -3.89344594902e-05
386 -3.33318231169e-05
387 -7.84494652256e-05
388 5.99590238455e-05
389 0.000157196574469
390 -6.49915393303e-05
391 7.32612249306e-05
392 -4.42782085654e-05
393 -0.000104869887787
394 3.40856252848e-05
395 -3.19306184344e-05
396 -1.27893060726e-05
397 -7.11461130103e-05
398 0.000296577803302
399 7.89965936715e-05
400 -1.84514161272e-06
401 -4.90622730046e-05
402 8.61593951077e-05
403 9.15622248534e-05
404 -5.70695491137e-05
405 -5.04916490072e-05
406 -0.000145077097488
407 4.22301458856e-05
408 2.98053815435e-05
409 0.000100647332541
410 -0.000132658386946
411 -0.000117345525909
412 -5.52894295155e-05
413 9.82718807485e-05
414 4.69268878495e-07
415 -5.52018533077e-05
416 9.2952799479e-05
417 6.41239773149e-05
418 -0.000118144920571
419 0.000100800236177
420 -7.98491458664e-05
421 -1.89010135578e-05
422 -2.13881931664e-05
423 9.4281610307e-06
424 -8.31012752377e-05
425 -0.000110758693369
426 -9.0283775077e-05
427 1.68738491879e-05
428 5.28391634501e-06
429 7.60156432755e-05
430 6.48120464556e-05
431 8.92220283614e-06
432 -0.000126166618235
433 -5.63622875985e-05
434 6.89939303951e-05
435 -3.72679738811e-05
436 -4.74792624982e-05
437 -0.000129306550821
438 -8.9024905938e-05
439 1.96137751258e-05
440 -2.63472279793e-05
441 4.45804079283e-05
442 0.000107617642168
443 -1.62923884465e-05
444 1.80729529872e-05
445 0.00016341785179
446 -0.000142541338296
447 6.69623648266e-06
448 -9.21439354608e-05
449 0.000147138983479
450 1.38266209323e-05
451 -6.68128206587e-05
452 -0.000214163768485
453 -6.45286009861e-05
454 -6.40971669136e-05
455 7.60676702073e-05
456 0.000257177082655
457 0.000111785006213
458 -0.000162504242989
459 -0.000178116475594
460 -3.6582953512e-05
461 0.000169696334887
462 -4.74031139227e-05
463 -8.79519221322e-05
464 -0.00010092929823
465 0.000108834748194
466 -0.000108139138507
467 -0.000247882185451
468 -0.000153882441448
469 4.37058278747e-05
470 -1.01058986243e-05
471 2.42059459364e-05
472 -0.000212608497283
473 7.98243832493e-05
474 -0.000123094707729
475 -0.000104600594983
476 2.11532434364e-05
477 -9.03931074177e-05
478 6.67960735954e-06
479 5.8945951659e-05
480 -0.000284696986855
481 -9.07911214041e-05
482 -0.000148192759024
483 0.000126889230456
484 -1.13166973475e-05
485 0.000133250706507
486 5.42327735676e-06
487 7.93215060286e-05
488 5.55333132975e-05
489 -0.000163900355762
490 1.34785657505e-05
491 8.44502775659e-05
492 0.000185619747308
493 9.09224062589e-05
494 4.23617187903e-05
495 9.01096263927e-05
496 3.70966914297e-05
497 -0.000311991954826
498 -0.000298085248801
499 5.13689427919e-05
500 -2.83434016863e-05
501 0.000183169463766
502 0.000195542667218
503 2.91867965042e-05
504 7.66848730453e-05
505 -0.000680407447737
506 -0.00067370513534
507 4.17319283183e-05
508 0.000259080991533
509 -1.15532276503e-05
510 0.000126641332661
511 -5.92685888486e-05
512 -5.77566037477e-05
513 0.00012623156302
514 -8.93708252937e-06
515 0.000258318175104
516 4.36321427631e-05
517 -0.000654259536127
518 -0.000676657531611
519 7.71302178879e-05
520 3.06738113027e-05
521 0.000188107051734
522 0.000175044356226
523 -2.76470577507e-05
524 5.3231974969e-05
525 -0.000284088140592
526 -0.00029716332718
527 3.21367634463e-05
528 8.24256202668e-05
529 4.4300656158e-05
530 8.58917928745e-05
531 0.000172706441145
532 7.57210097856e-05
533 1.35806923263e-05
534 -0.00015072822343
535 5.39054872126e-05
536 7.33326808008e-05
537 5.3559103993e-06
538 0.000121943891248
539 -7.14085581713e-06
540 0.000117683472423
541 -0.000138179407537
542 -8.11117539729e-05
543 -0.000258290083431
544 5.29494149598e-05
545 5.01823644739e-06
546 -8.28202884055e-05
547 1.63072315762e-05
548 -9.02947630376e-05
549 -0.000109128717288
550 7.18741248801e-05
551 -0.000185472964033
552 2.23867233763e-05
553 -9.65853035361e-06
554 3.889587419e-05
555 -0.000133261387542
556 -0.000217715851091
557 -9.49954369316e-05
558 9.57771672959e-05
559 -8.6369534069e-05
560 -7.52751415921e-05
561 -3.78228021862e-05
562 0.000146811112446
563 -3.29735593724e-05
564 -0.000153152154586
565 -0.000138703226088
566 9.44167473014e-05
567 0.000215555882337
568 6.67491653624e-05
569 -5.35685716889e-05
570 -5.69573688744e-05
571 -0.000179148177206
572 -5.37720619481e-05
573 1.15308885887e-05
574 0.000121056024885
575 -7.49819341946e-05
576 9.93488720233e-06
577 -0.00012021093986
578 0.000131465731575
579 2.20870737739e-05
580 -1.27983477321e-05
581 8.97253948512e-05
582 3.77911790133e-05
583 -2.41361283179e-05
584 2.23913226583e-05
585 -7.18705774067e-05
586 -0.00010361910193
587 -3.72824864844e-05
588 -2.91462574678e-05
589 4.98370699258e-05
590 -4.06432385621e-05
591 -9.67131590822e-05
592 -4.77909604377e-07
593 4.97300073104e-05
594 5.0109633673e-05
595 2.46377208774e-06
596 1.59200814274e-05
597 -6.6693362378e-05
598 -9.117934299e-05
599 -6.4049963235e-05
600 1.22723075909e-05
601 -1.38100545513e-05
602 -1.55234970607e-05
603 -5.62736071063e-05
604 8.26754568384e-05
605 -9.83057587482e-05
606 4.36643242474e-05
607 7.52711825866e-05
608 -3.91661534113e-05
609 2.06548290644e-06
610 7.35021115412e-05
611 -3.86051001759e-05
612 -9.01378644912e-05
613 -9.73006948941e-05
614 7.87375298292e-05
615 1.63622136656e-05
616 3.731628786e-05
617 -0.000101867194047
618 -3.62172060637e-05
619 -3.11816593175e-05
620 6.55914286824e-05
621 5.893436398e-05
622 -3.20801968495e-05
623 -6.75097666833e-06
624 5.299958558e-05
625 0.000206085445784
626 -4.90459352467e-05
627 -7.09979814328e-06
628 -2.27127561057e-05
629 2.34330949111e-05
630 -6.1680398546e-05
631 -2.48906657212e-05
632 5.05413618971e-05
633 -3.24884694412e-05
634 0.000114594397884
635 3.76321204169e-05
636 -5.12010174308e-05
637 -2.46231669856e-05
638 -3.29401198779e-05
639 3.64866074257e-05
640 3.33251658327e-05
641 1.89058986127e-05
642 7.98056254602e-06
643 -2.08244238811e-05
644 1.02749598282e-05
645 -2.6283861455e-05
646 -8.96611041422e-06
647 -3.12999706991e-05
648 1.32296596849e-05
649 -7.02585569539e-07
650 -2.18244635092e-06
651 5.30839522578e-07
652 -3.45214176804e-05
653 2.28749627772e-05
654 2.67462094951e-06
655 -4.09745799348e-05
656 -8.68971760278e-06
657 2.75234659265e-05
658 -1.55786204826e-05
659 -1.20971827319e-05
660 -2.73899565664e-05
661 -3.69753291769e-06
662 4.17880591565e-05
663 -7.22042206349e-05
664 9.84891228939e-06
665 5.6257303473e-05
666 -7.82575667221e-05
667 -2.74780151565e-05
668 2.84677947543e-05
669 2.50591102591e-05
670 2.34449001872e-06
671 -7.8395778369e-05
672 5.29534415974e-05
673 1.80563615087e-05
674 -2.13964726154e-05
675 3.16444683356e-05
676 6.04371214921e-05
677 -9.33951833777e-06
678 3.08572859048e-05
679 6.14961403845e-05
680 5.19973684024e-07
681 1.75081647279e-05
682 -1.44426209131e-05
683 6.8919014474e-05
684 -8.29546566692e-05
685 -7.01194035812e-05
686 -4.05690548169e-05
687 -3.54657336161e-05
688 1.99560089645e-05
689 2.56971396151e-05
690 5.20193356653e-06
691 8.05612667193e-06
692 -3.68039579514e-05
693 -6.81551729876e-07
694 -8.93845990209e-06
695 3.47819098354e-05
696 -4.69295674035e-05
697 -3.72202046381e-05
698 7.17556063387e-06
699 -6.53374355769e-06
700 6.67191494876e-05
701 3.48421587882e-05
702 -6.15350262882e-05
703 3.05679089993e-05
704 3.40229143793e-05
705 -4.32488953048e-05
706 -7.20344545602e-05
707 -1.8523684872e-05
708 -4.80909643324e-06
709 7.18445807046e-06
710 3.95451945954e-05
711 2.17070413143e-05
712 -1.62221331342e-06
713 -2.55286847516e-05
714 -1.97132969446e-05
715 -3.74405750944e-05
716 1.33481080678e-05
717 -3.10330430749e-06
718 2.00239917707e-05
719 3.03867589413e-05
720 -5.86567533155e-06
721 -8.94280094219e-06
722 -3.54118190559e-05
723 7.38546785538e-06
724 4.29738248098e-05
725 5.96702312357e-05
726 -3.61939595989e-05
727 2.9482355267e-05
728 1.84290169129e-05
729 -9.83646015175e-05
730 6.51401006327e-06
731 2.80026392526e-05
732 -5.47124149753e-05
733 5.69408270012e-05
734 1.09710618873e-06
735 -3.89915133737e-06
736 -1.0426416039e-05
737 0.000106717332122
738 -8.94059921513e-06
739 -1.23995999914e-05
740 3.86645110834e-05
741 -3.3327818063e-05
742 1.36446839728e-05
743 -3.37419508089e-05
744 -1.07575456529e-06
745 -7.45844119711e-06
746 -2.19754493498e-06
747 -1.02401554184e-05
748 2.16300439355e-05
749 3.85109220453e-05
750 2.79516755644e-05
751 3.48909556979e-05
752 3.82699997043e-05
753 1.74688115754e-05
754 -2.0694543726e-05
755 5.69366011895e-06
756 -2.4910777392e-05
757 -2.47902203282e-05
758 5.73777506748e-06
759 -1.70334122453e-05
760 -4.29797567196e-05
761 4.57914728998e-05
762 -1.98728150761e-05
763 1.51334480398e-05
764 2.77014045327e-06
765 1.9085178967e-06
766 4.03088794468e-06
767 -1.83185804591e-05
768 1.70843935724e-05
769 2.69522180419e-05
770 -2.07705253995e-05
771 3.87956408848e-05
772 -5.12977134893e-05
773 -5.12251302031e-05
774 4.76351454663e-05
775 -8.3718788275e-06
776 4.69191042593e-06
777 4.54048669751e-05
778 3.53941848352e-05
779 3.88330971861e-05
780 -1.33673444909e-05
781 3.01119060818e-05
782 -1.3890771015e-05
783 -2.86906603417e-05
784 -4.43797185265e-05
785 1.1396860172e-05
786 1.12208190244e-06
787 1.79099361244e-05
788 9.18947596689e-06
789 -1.03717128079e-05
790 2.96298100166e-05
791 -2.61163131292e-05
792 -1.81289969271e-05
793 -2.65258129453e-05
794 5.96998785447e-06
795 1.00933492928e-05
796 1.04892549136e-05
797 2.16509838341e-06
798 -2.13687508236e-06
799 2.77831759412e-05
800 -2.36465970186e-05
801 -3.10861010706e-06
802 5.73365736409e-06
803 -4.25904392591e-05
804 3.77154180831e-05
805 -1.06591975945e-05
806 -2.98886927019e-05
807 4.2200771445e-05
808 1.77292007459e-05
809 -4.14122646233e-05
810 -9.41694305884e-06
811 -9.91652251292e-06
812 4.75769382499e-05
813 -4.19856927578e-05
814 -2.80700401233e-05
815 1.80899945048e-05
816 9.2329215276e-06
817 -4.21951859284e-05
818 -3.79971557846e-05
819 4.17957656718e-05
820 1.33439412577e-05
821 -4.85896311276e-05
822 -5.12165923767e-06
823 1.45093962048e-05
824 6.37082946256e-05
825 -3.20540551867e-05
826 6.77041231692e-05
827 3.17517965788e-05
828 -3.78789690757e-05
829 -3.95360397961e-05
830 1.32348463362e-05
831 -3.71963356395e-05
832 -2.42733023241e-05
833 4.23244805563e-05
834 1.9867996182e-05
835 2.11294419934e-05
836 -9.60522006894e-06
837 -9.1384763551e-06
838 2.70518512436e-05
839 3.1387255824e-07
840 2.88991275885e-05
841 -8.36288724868e-06
842 1.83756484912e-05
843 -2.62432117087e-05
844 -5.45455179176e-05
845 -7.00976481972e-05
846 -3.8378733046e-05
847 -3.6423894615e-05
848 2.34542358254e-05
849 -6.06024287949e-06
850 -4.80969269604e-05
851 3.57170016704e-06
852 -3.5895647197e-05
853 4.70456466104e-05
854 3.53044458693e-05
855 -3.35014516871e-05
856 2.2594713414e-05
857 1.75102159079e-06
858 3.45340475141e-05
859 -2.32403185129e-05
860 2.54342287242e-05
861 1.01554550943e-05
862 -2.41197672658e-05
863 -2.36546152373e-05
864 -2.20712389831e-05
865 -1.03932992599e-05
866 3.80969241526e-06
867 -1.43855861526e-05
868 -6.6907004517e-06
869 3.55553486699e-05
870 1.11374664089e-06
871 -1.65423637843e-05
872 1.83615116301e-05
873 1.14121939288e-05
874 4.27114162569e-05
875 -2.52561419435e-05
876 1.3271719514e-05
877 1.64357031416e-06
878 -1.6865779476e-05
879 1.07342618608e-05
880 2.22335653719e-05
881 8.73375617075e-06
882 1.24829146259e-06
883 -2.76906959831e-05
884 -4.3451432643e-06
885 1.60989952618e-05
886 3.51579655846e-05
887 1.90047598216e-05
888 -3.96492508417e-06
889 2.66111175839e-05
890 -1.783854325e-05
891 1.41500376768e-05
892 -7.61785705305e-06
893 -1.18704196491e-05
894 -1.19799621563e-05
895 1.73543629948e-05
896 -1.01672788823e-05
897 3.64944887664e-05
898 2.78627021068e-05
899 3.15697239995e-05
900 -9.82990459617e-06
901 5.47107652967e-05
902 2.13935831588e-05
903 -2.00710161706e-05
904 -1.31566334882e-05
905 -7.30300931937e-06
906 1.54819004847e-05
907 5.76403641183e-06
908 -4.98497039036e-06
909 -1.64474201756e-05
910 -1.10521329297e-05
911 2.16217597307e-05
912 2.09422397602e-06
913 2.56300821904e-05
914 -7.20644490367e-07
915 1.58658382892e-06
916 1.4729871843e-05
917 1.11241513334e-06
918 3.03488929835e-06
919 -1.77263167682e-06
920 1.20672237709e-05
921 1.56405136315e-05
922 -6.63722842546e-06
923 -1.49530957529e-05
924 -1.19378524818e-05
925 2.09824646132e-06
926 1.41593736968e-05
927 -1.22052203634e-05
928 7.60430537701e-06
929 7.51202993386e-06
930 8.42585844669e-06
931 -1.15799368941e-05
932 -1.16944378496e-05
933 9.2943325486e-06
934 1.37666831288e-06
935 -2.99127083801e-06
936 6.20556543059e-06
937 9.4691038704e-06
938 -3.33290426184e-06
939 1.06977475992e-06
940 -1.165693053e-05
941 7.72515749504e-06
942 -1.18454261116e-05
943 -1.0720242373e-05
944 1.25117216762e-05
945 1.10687473486e-05
946 -1.28619641951e-06
947 -1.82429543947e-05
948 -9.2706388069e-06
949 1.58970328219e-05
950 4.87803013956e-06
951 -1.31685611133e-05
952 1.77392672978e-05
953 -1.61643131875e-05
954 -1.26271372238e-06
955 -1.85410642985e-06
956 -7.88322262749e-06
957 4.98353728589e-07
958 -5.35368066311e-06
959 2.5607608894e-05
960 8.11072727186e-06
961 -2.12367563897e-05
962 1.08429781735e-06
963 -1.2656344001e-05
964 -1.87209350191e-06
965 6.46270850923e-07
966 -2.26086114844e-07
967 -3.86809405043e-06
968 3.15774499364e-05
969 5.24035622964e-05
970 -2.96963666486e-05
971 -1.50609784505e-05
972 5.61860824382e-06
973 2.59214486766e-06
974 3.48678098132e-06
975 9.25095573751e-06
976 -5.70051563444e-06
977 -6.50454035994e-06
978 1.54596627928e-06
979 -6.29098381136e-06
980 -1.04633218371e-05
981 -1.14551501229e-07
982 -4.14396112696e-06
983 6.4611442072e-06
984 -8.61323334368e-06
985 3.61357894572e-06
986 -1.05197600035e-05
987 -3.75512800832e-06
988 -5.15510310526e-06
989 1.80680369474e-05
990 -1.75225112224e-05
991 -3.26350901052e-06
992 -1.65890341341e-06
993 -2.60389885944e-06
994 9.91338732043e-06
995 1.39570521487e-05
996 -3.17149658119e-06
997 -5.95428953555e-06
998 1.60968956637e-06
999 -1.04960356305e-05
1000 -8.01024860799e-06
1001 7.17167170065e-06
1002 -7.15385532292e-06
1003 -8.00657989015e-06
1004 -4.74233597267e-07
1005 -5.90518995903e-06
1006 -3.31929398505e-07
1007 -1.36145883481e-07
1008 -5.67074331202e-06
1009 -1.22898556946e-05
1010 -3.09361593737e-06
1011 4.98443831522e-07
1012 5.75851107572e-06
1013 8.3882361982e-08
1014 -3.31497048795e-06
1015 -1.98544015753e-06
1016 1.30504211315e-05
1017 -6.66514377825e-07
1018 -4.74919037358e-06
1019 -8.46370746559e-06
1020 -4.41612794558e-06
1021 -9.78939525614e-06
1022 0.0
1023 0.0
