-0.0328798318562
0 0.0
1 0.0
2 0.0
3 -0.00173015990049
4 0.000613448135221
5 -0.000373708884717
6 0.000755325339209
7 -0.000763041556399
8 -0.000582352565987
9 0.00066246564497
10 -0.00121882792795
11 0.00238920292018
12 -0.00261196553831
13 0.00211095034861
14 -0.000620046571187
15 0.000375101784486
16 0.000350745116538
17 -0.000306825556589
18 -0.000257024164973
19 4.70159359496e-05
20 -0.00154872850573
21 0.00152261857887
22 -0.00341985732579
23 0.0039282032834
24 -0.00327517989062
25 0.00313448148599
26 -0.000190223829897
27 -0.000832138398603
28 0.000643537380797
29 0.00151539892047
30 0.00707913285763
31 -0.00318169578823
32 0.00388889741864
33 -0.000953639330667
34 -0.000281871523682
35 -0.000411583036046
36 -0.000779049279895
37 0.00335230065293
38 0.000261311183986
39 -0.00122045287597
40 0.00236364831362
41 -0.00139110106839
42 -0.0022306208526
43 0.00734271277293
44 -0.00665284309761
45 0.0099211346949
46 0.00473607634674
47 -0.00219491656199
48 -0.00614566151846
49 -0.00349589293308
50 -0.0042280045929
51 0.0150653819262
52 -0.00311314628864
53 -0.00364585853231
54 -0.00202886969543
55 -0.00557960107407
56 0.0131296967507
57 -0.00861863434292
58 -0.0113594467914
59 -0.000412047127993
60 0.0136849496196
61 0.00192661926534
62 -6.69786830393e-05
63 -0.00167758135279
64 0.000605998607652
65 -0.00144559772097
66 -0.00302238466081
67 -0.000521841273779
68 0.00834655133993
69 -0.00856147102004
70 -0.0179843874813
71 0.0166274298801
72 -0.0030837075895
73 -0.000315752140864
74 0.0135031395362
75 -0.00572472403635
76 0.00253476135207
77 0.0057662870466
78 0.00596913549027
79 0.00595550882728
80 -0.0140982924807
81 -0.00317063801611
82 0.00883246951543
83 -0.0173045187861
84 -0.00448929149539
85 -0.00153556880913
86 0.0112499054872
87 0.00885484356385
88 0.00552892306408
89 0.00720128943614
90 -0.00501636819258
91 0.00967566194354
92 -0.0097962165879
93 -0.00983540917427
94 -0.00173605594297
95 -0.0105216015864
96 0.0131803410011
97 -0.00588411507128
98 -0.0115067329034
99 0.0208995440547
100 -0.0155268841945
101 0.0172377626605
102 -0.0249712762799
103 0.0119142778673
104 0.0131498651404
105 0.0118104287749
106 -0.0107601081508
107 0.0138865127304
108 -0.00934462944257
109 0.0296441885901
110 -0.0148433489828
111 0.020469706881
112 -0.0142858701686
113 0.0023465586234
114 0.0188225784979
115 -0.00267536218265
116 -0.00896425537731
117 -0.0268947147349
118 0.0220043276835
119 0.0340175020061
120 0.00036064333163
121 -0.0460620010444
122 0.00386476441348
123 0.0251846085637
124 -0.030010828673
125 -0.0345416905269
126 0.0106161562832
127 0.00744733900207
128 -0.0181216334932
129 -0.0112386634778
130 0.0556893479058
131 -0.010245535957
132 0.00570563257454
133 -0.00642976889588
134 -0.0327100730759
135 0.0303480012183
136 0.03065437725
137 0.00986573523433
138 -0.0734518391324
139 0.0435420074962
140 0.051172817104
141 -0.0368981758037
142 0.0237555928211
143 0.00948702507336
144 0.000299662228773
145 0.027140215347
146 -0.0345743475216
147 -0.031417715321
148 0.0439600639162
149 0.0186062651202
150 0.00647438500597
151 0.00382383122224
152 -0.00566053784742
153 0.0249804945493
154 0.0288301573013
155 -0.0400255673147
156 0.0284526120392
157 0.00314509635386
158 -0.0318465841897
159 -0.02220253645
160 0.0376036889473
161 -0.0314384120273
162 0.0355335719316
163 0.00485795091121
164 0.00456821083651
165 0.00814030770812
166 -0.0113169528895
167 -0.00251474641895
168 0.00671179261338
169 0.0188315487323
170 -0.0134849990921
171 -0.00105293102362
172 0.0320966704375
173 -0.0202774537212
174 0.0133452193586
175 -0.0133857900738
176 -0.00727599225601
177 -0.00976852867637
178 -0.00854366521513
179 -0.0279458069875
180 0.0226349830251
181 -0.0189514546237
182 0.0166801801163
183 0.0118585272142
184 -0.0241889469542
185 -0.00502690224071
186 0.00926160762565
187 0.0109398638534
188 -0.010266929496
189 0.00338178552984
190 -0.0009355013093
191 -0.00445119535869
192 -0.00698751797378
193 -0.00356988917783
194 0.00644735967519
195 -0.00877548576558
196 -0.0223114814196
197 0.0111887984223
198 -0.00462736673741
199 -0.00530609423565
200 -0.00390008875309
201 0.0221404631471
202 -0.00264321235902
203 -0.00330382558255
204 0.00101903859034
205 -0.00730620730759
206 0.00952634866506
207 -0.00313592066883
208 -0.000442058366417
209 -0.00182752321176
210 -0.00386661995126
211 0.0257663687311
212 -0.00868472924209
213 -0.00133729291239
214 0.0146211859955
215 0.00487999269644
216 -0.0113406180855
217 -0.00641543444345
218 0.00204679411622
219 0.0221322963918
220 -0.0408892486731
221 0.0181125550721
222 0.0116876562444
223 -0.0555425774442
224 -0.00439171291166
225 -0.00577063124477
226 -0.0126212719248
227 0.0183887724683
228 -0.00997920730882
229 0.00782805901263
230 0.0211104263958
231 -0.0379253631753
232 0.00568573226401
233 -0.00124815887086
234 0.00384493445848
235 -0.0187119796841
236 0.0317744437985
237 0.00583620393147
238 -0.0104370507766
239 0.0156366782039
240 -0.00265440171493
241 -0.00520507252059
242 -0.014196890323
243 0.00374759660942
244 -0.00288729475211
245 0.0162669927362
246 -0.00360211994815
247 0.00424551885466
248 -0.0154626333136
249 -0.0156575274633
250 0.00298668336607
251 -0.00306515772902
252 0.0239407893607
253 -0.00501036956524
254 -0.0203872682806
255 -0.0128057710295
256 0.0132337545268
257 0.0207081946212
258 0.00477966509264
259 -0.0244466494385
260 0.00365187465249
261 -0.00277129550404
262 0.0166572642299
263 0.0161832090219
264 -0.00427603391603
265 0.00387068485577
266 -0.0174018931156
267 0.00385181456573
268 -0.00373325441366
269 0.0157601463333
270 0.00576202418437
271 0.00278504503484
272 -0.0168807616849
273 0.0115435031556
274 -0.00744639397389
275 -0.0361088320038
276 0.02112385242
277 -0.00431197866088
278 0.00132171679394
279 -0.00604721059857
280 0.0443474974217
281 -0.0249113451805
282 -0.00946081539553
283 0.0122076396362
284 -0.0218013739541
285 0.0147478055593
286 0.00704428586546
287 0.00582907171189
288 0.0681342845229
289 -0.0146433608571
290 -0.0221182420007
291 0.050723667661
292 -0.0278008711359
293 -0.00226021264319
294 0.00842526454763
295 0.0144553932617
296 -0.00635811076343
297 -0.0188608736331
298 0.0022635507241
299 0.0113581644821
300 -0.0340865556902
301 0.00593709414535
302 0.00286505529932
303 0.000594531426641
304 0.00421317976218
305 -0.0123818178515
306 0.0105604470402
307 -0.00101567281351
308 0.0038190352907
309 0.00269867538922
310 -0.0309943795525
311 0.00549396021787
312 0.00803743340694
313 0.00727369128791
314 -0.0164143473744
315 0.0324369631003
316 0.0124744345825
317 -0.00972401066555
318 0.00568501695226
319 0.00984318417133
320 0.00669234964387
321 0.000774505626999
322 -0.00546541688597
323 0.0147179266106
324 -0.0171573170188
325 -0.0141836556206
326 0.00817977875903
327 0.0370579710582
328 -0.0192099913123
329 -0.026649057374
330 0.0298456933494
331 -0.036694607118
332 0.0457968627584
333 0.0135553402256
334 0.0158933758166
335 0.0114672425122
336 0.0221791333942
337 -0.0228907085763
338 0.0337816356678
339 -0.055013276599
340 0.00232802686265
341 0.0231824696583
342 -0.0335865793931
343 -0.0115433497244
344 0.00411878604683
345 0.0200001695722
346 -0.0146082098069
347 -0.00802587519663
348 -0.00902824124579
349 -0.0656216189974
350 0.0579719684752
351 -0.0701867530208
352 0.0421652094667
353 0.0603105476397
354 -0.00632806101928
355 -0.0549341936303
356 0.0772867318809
357 -0.0566433896903
358 -0.0491691594755
359 0.0111716312386
360 -0.00771021624412
361 -0.0127836122764
362 -0.0377387030966
363 -0.0889552341953
364 0.0655986284866
365 0.070576434455
366 -0.0570374221919
367 -0.00118891215238
368 -0.0206617390035
369 -0.0511137604205
370 0.0794484860655
371 -0.111583342664
372 -0.0950049107687
373 0.162561703146
374 -0.0223059292919
375 -0.0691214977463
376 -0.0684675861657
377 0.0750075437434
378 0.0146465053597
379 -0.0130982871485
380 0.0240128686829
381 -0.131426432587
382 0.0271561602548
383 0.043610133105
384 -0.0180584447017
385 -0.025609479183
386 0.0854201645588
387 0.0744917831406
388 -0.0633225824262
389 -0.00932722594469
390 0.117399036693
391 -0.00129204774932
392 -0.0887609625946
393 -0.0576462883201
394 0.0717594559381
395 0.0236889047056
396 0.00695188101044
397 -0.0513360882018
398 -0.00656797269513
399 0.039665280549
400 -0.0574239619022
401 0.042129967826
402 -0.0849223900459
403 0.027336841916
404 -0.0409180963191
405 0.0314370096547
406 -0.0357645181394
407 -0.0393275273786
408 -0.0357049429428
409 0.0773097528892
410 -0.0536809925591
411 0.0486116312447
412 -0.0662137721878
413 0.03685573817
414 0.0190809856822
415 -0.0430980283198
416 0.0355969682841
417 0.00613665292609
418 0.0337178452906
419 0.0336084793736
420 -0.0336478851519
421 0.0174173381802
422 -0.0258472869928
423 -0.0206237011626
424 -0.0328895667591
425 -0.0414343116615
426 0.00570038200396
427 0.0174194886484
428 0.0661529580656
429 -0.0339945168762
430 0.0124400306018
431 0.0562006756877
432 -0.0242836936529
433 -0.0241600982366
434 -0.0235636915173
435 -0.0108230907739
436 0.0231293395517
437 -0.0579612214181
438 0.00115483722557
439 0.0138311249231
440 -0.0737222715024
441 0.083268337016
442 0.0384642774183
443 -0.04119029436
444 0.00215676756778
445 0.0142881162067
446 0.00669436937297
447 -0.0027251716039
448 0.00852566125723
449 -0.000303387966105
450 -0.00935903605169
451 -0.0720901463583
452 0.00277430603184
453 0.0624938627724
454 0.0476999114131
455 -0.0752040596947
456 0.0329334034719
457 0.0121654818951
458 0.0214226290512
459 0.0185526286773
460 -0.0943312942978
461 0.0279800599793
462 0.0227747707911
463 0.0410062335063
464 0.0143912328553
465 -0.0328492674809
466 -0.0691838017497
467 0.0487061598278
468 -0.0545082049397
469 0.0163077009069
470 0.0107531445748
471 -0.018525397712
472 0.0100081745458
473 -0.0016333273668
474 -0.0287809361258
475 0.00745938063238
476 0.00368008653381
477 0.00225532671558
478 0.00790177896718
479 -0.039275761608
480 0.0331591434673
481 -0.0746920978869
482 -0.014180744671
483 -0.00592193733227
484 0.0107814745415
485 0.00255760583641
486 -0.0395442868176
487 0.0432633035801
488 -0.0540838310627
489 0.0504970090247
490 -0.0228454932552
491 0.0255575020327
492 -0.000461225355829
493 0.00463983739998
494 0.0052756577579
495 -0.00661489139594
496 -0.00842896026617
497 0.0127397743147
498 -0.0493895157397
499 0.0675051022571
500 -0.070779757819
501 0.0354490046613
502 -0.0270769097356
503 0.0185729505948
504 0.0314768087461
505 -0.0389889273612
506 0.0229583170055
507 -0.0330267067814
508 0.14789102628
509 -0.0298492923352
510 0.0
511 0.0
