5.43797380894e-05
0 -2.89059251479e-05
1 5.16178940223e-05
2 -0.000110617791089
3 -7.23532960948e-05
4 -2.73593896325e-05
5 4.69309211942e-05
6 9.58636499031e-06
7 6.49639693154e-05
8 -4.89280327947e-05
9 3.95838105772e-07
10 -2.59045462024e-06
11 3.8808057521e-05
12 3.19727306057e-05
13 1.80332232771e-05
14 4.89212142808e-05
15 3.11339340597e-05
16 1.35380034702e-05
17 5.42339806721e-05
18 2.96036450385e-05
19 1.83532146613e-05
20 -4.39022814639e-06
21 -5.47011322805e-06
22 2.81643555014e-05
23 1.9461760113e-05
24 -6.6275855826e-06
25 3.02357259666e-05
26 7.93655935389e-06
27 3.10638166428e-06
28 1.70482960312e-05
29 1.06724348177e-05
30 -2.73778281483e-05
31 -6.51911291941e-05
32 -2.09600825375e-05
33 -2.53333809551e-05
34 -2.85765570086e-05
35 -2.72619990664e-05
36 1.05091773097e-05
37 -2.67242228101e-06
38 -3.34403107309e-05
39 -4.48872831949e-06
40 1.73908490487e-05
41 1.33515975244e-05
42 -0.000102777315412
43 -2.59403855284e-06
44 -3.30768783554e-05
45 -0.000100135123037
46 -7.27651378419e-05
47 -0.000115039511191
48 -0.000131128808977
49 -0.00010533857915
50 -2.64736551618e-05
51 2.76266392353e-05
52 8.30808641608e-05
53 1.14309311874e-05
54 -2.08787525032e-06
55 0.000108718665126
56 -5.28395217873e-05
57 0.000129567554955
58 0.000133602174671
59 8.44545628399e-05
60 0.000188316686703
61 6.35194302972e-05
62 1.48963544851e-05
63 -4.28182433241e-05
64 -9.67744404666e-05
65 9.3832526989e-05
66 4.3324309427e-05
67 -2.09745790462e-05
68 2.43283532118e-05
69 9.41421308834e-06
70 -6.07847163641e-06
71 0.000101024606463
72 5.29489438855e-05
73 2.74366079517e-05
74 -0.000224958881473
75 7.50011021815e-05
76 0.000248149210657
77 4.92059314058e-05
78 5.06196148601e-07
79 5.87261852243e-05
80 6.96277387921e-06
81 -2.04738188695e-05
82 -0.000143046565768
83 -0.000214319304769
84 -1.91742573737e-05
85 -1.54545342347e-05
86 5.73807789023e-05
87 3.53646667866e-05
88 8.90717603036e-06
89 -0.000165040148281
90 -0.00014933171543
91 -0.000148482119804
92 5.89895011099e-05
93 0.000300765604418
94 0.000268133068131
95 0.000201833062115
96 0.000121250821777
97 -2.53930447845e-05
98 0.000150738899765
99 0.000146115764403
100 -1.86797347402e-05
101 -0.000154073269201
102 -4.37483405097e-05
103 0.000132509496671
104 0.000143256168742
105 5.53835955407e-05
106 0.000499488478536
107 0.000505757789605
108 3.93213851373e-05
109 6.53966021773e-05
110 0.000148857502632
111 0.000118311742527
112 0.000163140235258
113 0.000166293682048
114 0.00018637998359
115 0.000114717276454
116 0.000117498255951
117 0.000345823638298
118 0.000106079268133
119 0.000377651098244
120 0.000182236974922
121 -7.48125016384e-05
122 0.000228455449967
123 0.000272137083188
124 0.000231618519354
125 0.000102971435373
126 9.24547657272e-05
127 6.97547106321e-05
128 0.00010681687411
129 2.81034338645e-05
130 6.27169678744e-05
131 0.000524673865392
132 0.000106630603925
133 -1.17645928685e-05
134 0.000304353773309
135 0.000221812406598
136 0.000139687291463
137 -3.55996817335e-06
138 -0.00012611740193
139 -0.000316859220053
140 2.93267496739e-05
141 -4.5929456895e-05
142 -9.21642087285e-05
143 5.99650516808e-05
144 -0.000140177673967
145 -0.000266590284614
146 0.000188162882055
147 0.000138550980385
148 -0.000249679082389
149 -0.000152881161573
150 -0.000117049183818
151 -8.15538660634e-05
152 -8.75998745038e-05
153 -1.55244812128e-05
154 -3.44536669741e-05
155 -0.000176284754047
156 -0.00025699462808
157 -0.000117004202177
158 5.20699457628e-05
159 -0.000123621893374
160 -0.000373320462752
161 -0.000202688167431
162 -0.000303297697624
163 -9.55813470169e-05
164 -5.77763582307e-05
165 -0.000119525157743
166 -0.000233507580751
167 -0.000393579941264
168 -8.87406585982e-05
169 -0.000323329594112
170 -0.000270950963354
171 0.000106899541989
172 0.000276857449597
173 -0.000473193800254
174 -0.000234961094737
175 -0.000145639167126
176 -0.000253968228959
177 -0.000145857865284
178 6.91002303332e-05
179 -9.56541351769e-05
180 -0.000248916172356
181 -0.00050417012481
182 -0.000204360290385
183 -0.000286654001659
184 -0.000245876328601
185 -9.98846467204e-05
186 -1.53828695279e-05
187 -0.000228545585025
188 -0.000124122308168
189 -3.92709440122e-05
190 0.000168808176403
191 -0.000114636245059
192 -0.000170939329988
193 4.24060536135e-05
194 -9.46431050151e-05
195 -0.000524821930122
196 -4.07880682386e-05
197 5.13391816319e-05
198 0.000132152083491
199 -3.61736917222e-05
200 -2.45021944176e-05
201 -1.40159852877e-05
202 -9.56066064445e-06
203 -0.000317458538363
204 -0.00017686621152
205 1.32372725906e-05
206 0.000159111056929
207 -0.000101985153302
208 -0.000178993336371
209 -0.00015062243886
210 -2.13600069481e-05
211 -8.98705921734e-05
212 -0.000140067548864
213 -2.66352195944e-05
214 -0.00043766718048
215 -0.000260745437133
216 -1.16777087619e-05
217 0.000120958862245
218 4.05486789864e-06
219 1.4105934612e-05
220 4.43271706552e-05
221 -0.000222547586456
222 4.3749803111e-05
223 2.96263086749e-06
224 4.16319849314e-05
225 -3.53606789696e-05
226 0.000410344148423
227 0.000260766246793
228 -0.000160054183848
229 -0.000537014397287
230 0.000133234356079
231 -0.000577610724864
232 -0.000125268501623
233 0.000664720063851
234 4.96321520311e-05
235 -3.79403152329e-06
236 -0.000263343860027
237 0.000411469920974
238 9.09267547454e-05
239 0.000172125550692
240 0.000285254024742
241 0.000275063275625
242 0.000148235102193
243 -0.000153145458053
244 -7.76882001353e-05
245 8.38259959422e-05
246 9.86149543037e-06
247 -5.77174266161e-05
248 -1.3175891453e-05
249 -4.65462631538e-05
250 4.88282080075e-06
251 -4.22501002406e-05
252 -5.45621849841e-05
253 -9.88480453076e-05
254 -1.36565256589e-05
255 9.25032376764e-05
256 -5.67268990029e-05
257 3.25116229711e-05
258 -8.02866717115e-05
259 -3.94826057109e-05
260 6.56455593171e-06
261 -6.94687987018e-05
262 -4.61609545311e-05
263 -4.10700721132e-05
264 -1.03216709932e-05
265 -5.96079858749e-05
266 -6.01077734315e-05
267 0.000115480702131
268 -7.41753531339e-05
269 -1.89710862834e-05
270 1.9408889622e-05
271 0.000216243363027
272 0.000211123774337
273 0.000254903405939
274 -1.3103735448e-05
275 0.000248676531605
276 -0.000285536912564
277 0.000104564515779
278 1.81732849884e-05
279 0.000362142935033
280 0.000251072746538
281 -0.000234581849996
282 -9.44529399007e-06
283 -0.000193929165072
284 1.04856907254e-05
285 0.000127838426051
286 0.000175586022112
287 6.86878324107e-06
288 -1.17656777016e-05
289 -9.35064906445e-05
290 1.03703160255e-05
291 -8.79739973996e-05
292 2.65987311197e-06
293 -8.57645878239e-05
294 -0.000139444722759
295 -8.57720606287e-05
296 -8.18744615647e-05
297 -0.000268388961656
298 -0.000279370037143
299 9.3689257555e-05
300 -6.87256608833e-05
301 -0.000123525941197
302 -0.000110080779287
303 -0.000138870009873
304 -0.000207842830653
305 -9.93833990384e-06
306 -2.62439216812e-05
307 -9.93939071368e-05
308 -0.00014582183881
309 -0.000131532817701
310 8.80692142028e-05
311 -6.63643335127e-06
312 -6.87865702543e-05
313 -5.79014009757e-05
314 0.000122479925422
315 8.88566098479e-05
316 -0.000101329563585
317 -0.000174147625365
318 -3.34362285159e-05
319 4.03938149106e-06
320 -7.21819975162e-05
321 -6.41606665759e-05
322 -6.95065197835e-06
323 5.14080994967e-05
324 5.57656040732e-05
325 -8.58306220555e-05
326 -0.000187247405429
327 -6.58100671902e-07
328 -0.000162506635645
329 -0.000158780807522
330 -0.000165438786722
331 -0.000139354305223
332 -0.000170276867452
333 5.20796642459e-05
334 -8.26182729982e-05
335 -0.00013276615745
336 -0.00016049695204
337 -0.000108960295103
338 -5.70684721368e-05
339 -0.000298204465533
340 9.99666210288e-05
341 -0.000113752717554
342 -0.000103841687917
343 -0.000129466091897
344 -8.36101872226e-05
345 -0.000128188852289
346 -4.76857785037e-05
347 -4.5123756193e-05
348 -9.19125735022e-06
349 -3.06977962506e-05
350 -0.000114459541696
351 -3.55503368193e-05
352 -0.000185403628796
353 -6.90169615543e-05
354 8.53723096601e-05
355 -0.000180237399231
356 -0.000210812108022
357 -0.000143039052379
358 -2.68623240772e-05
359 9.56969603382e-06
360 -9.85361496351e-05
361 -0.000108536491333
362 -8.20468806003e-05
363 -5.29000562753e-05
364 -0.000142727547746
365 2.82483666109e-05
366 -1.76512974253e-05
367 -0.000118282578688
368 -6.51860097276e-05
369 -4.03466259808e-05
370 -5.77787459701e-05
371 2.38556001443e-05
372 -2.29075385894e-05
373 -0.000143795460399
374 -7.87452719053e-05
375 -2.22012206572e-05
376 -3.13928856574e-05
377 3.92382894108e-05
378 5.41104148259e-05
379 -2.22384504643e-05
380 -2.24891285775e-05
381 0.000189952452652
382 7.46405686761e-05
383 1.69974205963e-05
384 3.36800155586e-05
385 2.68562501146e-05
386 9.84668628518e-06
387 2.6069021896e-05
388 9.17757946613e-05
389 5.86552721818e-05
390 6.54242872229e-05
391 -5.08274906338e-05
392 7.88940080865e-05
393 6.33111131229e-05
394 3.38943246343e-05
395 9.06100355555e-05
396 4.2254703896e-05
397 -2.74160798272e-06
398 2.43063689766e-05
399 5.54104401991e-05
400 3.60662321686e-05
401 3.48242544386e-05
402 3.02459198208e-05
403 3.21757509659e-05
404 4.71782610084e-06
405 0.000107027386117
406 0.000148962399816
407 1.36662514368e-05
408 2.86017841057e-05
409 4.14253807123e-05
410 -1.19046913962e-05
411 -3.36675641539e-05
412 3.0869397899e-07
413 -7.87450653385e-06
414 2.48813706353e-05
415 -6.48831619856e-07
416 4.7586989714e-06
417 5.74483004577e-05
418 2.53510162108e-05
419 7.98607545773e-05
420 -1.07852643626e-05
421 -3.63438610075e-05
422 -1.44408256357e-05
423 -1.26067449717e-05
424 -3.46674895151e-06
425 -2.16239963213e-05
426 2.08108885097e-05
427 2.3649940594e-05
428 2.12860072727e-06
429 -3.33289142979e-05
430 -3.57366423519e-05
431 8.31276432923e-06
432 2.10235279975e-05
433 2.53372971244e-06
434 4.9360106507e-06
435 3.94485807958e-05
436 6.73772979585e-05
437 5.42536496163e-06
438 -3.46003705584e-05
439 -1.92208072626e-05
440 6.06098912065e-06
441 6.79735016328e-06
442 1.66834712355e-05
443 5.01895744758e-06
444 5.45156752318e-06
445 -8.54402868727e-07
446 -1.00982664836e-06
447 3.85234451852e-05
448 6.49507404021e-06
449 -1.32234396633e-05
450 4.42341673651e-06
451 1.08511296839e-05
452 2.65545750892e-05
453 2.01417718354e-05
454 1.53294069904e-05
455 1.94642494367e-05
456 -1.05031240131e-05
457 1.59780826426e-05
458 8.18448072531e-06
459 3.95873066505e-06
460 2.03806126559e-06
461 3.32578079299e-06
462 1.49937771823e-06
463 -4.11234851513e-06
464 -1.22340903221e-05
465 -1.17317696031e-05
466 -4.54999850059e-06
467 -1.94322918246e-06
468 -3.02551256601e-07
469 3.05647627881e-06
470 -8.19400081332e-06
471 2.83489145867e-06
472 1.60240204864e-06
473 -2.86960228816e-06
474 -3.53036125942e-06
475 -1.03973702652e-06
476 -2.84017871856e-07
477 -3.57886444291e-07
478 -2.64644827573e-06
479 -2.1126560945e-06
480 -2.81390887526e-06
481 -5.70944861751e-06
482 -1.80054640818e-06
483 1.534626567e-06
484 2.26289077129e-06
485 6.85033811226e-07
486 1.35814928875e-06
487 2.368746131e-06
488 -6.47542462554e-07
489 1.40171504657e-06
490 2.57451113954e-06
491 2.82931960897e-07
492 2.25891413625e-07
493 1.60610140741e-06
494 6.05061958752e-07
495 2.30862158667e-06
496 1.4014976689e-07
497 6.15522733653e-07
498 1.91463320104e-06
499 9.01282290588e-07
500 1.18776609287e-06
501 7.8180197508e-07
502 3.87807498284e-07
503 -1.420002265e-07
504 -1.02778973636e-06
505 1.51700642834e-06
506 1.04773048198e-07
507 6.35041704475e-07
508 -1.54793112446e-07
509 -9.35474045541e-07
510 -5.06963926484e-07
511 1.71039786037e-07
512 0.0
513 1.58362030412e-07
514 -6.78754235479e-07
515 -6.65953591732e-07
516 -3.35761055877e-07
517 7.19974438074e-07
518 1.76483677414e-07
519 1.39536044165e-06
520 -1.20111664543e-06
521 1.09352203967e-08
522 -7.95014661126e-08
523 1.31017905658e-06
524 1.17762653296e-06
525 7.19612658022e-07
526 2.10253603737e-06
527 1.43377223078e-06
528 6.65085834291e-07
529 2.83115826305e-06
530 1.63647440718e-06
531 1.07104309524e-06
532 -2.69720545613e-07
533 -3.52909706374e-07
534 1.90385620261e-06
535 1.37556066272e-06
536 -4.8888005887e-07
537 2.32361197251e-06
538 6.34417087939e-07
539 2.57904434185e-07
540 1.46811586578e-06
541 9.52053526137e-07
542 -2.52696209185e-06
543 -6.21887788444e-06
544 -2.06438613471e-06
545 -2.57362105753e-06
546 -2.99169263137e-06
547 -2.93865899474e-06
548 1.16544049857e-06
549 -3.04664205626e-07
550 -3.91630588817e-06
551 -5.396497413e-07
552 2.14496004064e-06
553 1.68836087853e-06
554 -1.33170951404e-05
555 -3.4421333143e-07
556 -4.49237957745e-06
557 -1.39129910089e-05
558 -1.03378003605e-05
559 -1.67039656773e-05
560 -1.94511184984e-05
561 -1.59559390514e-05
562 -4.09316454106e-06
563 4.35825744038e-06
564 1.3367824395e-05
565 1.87524589778e-06
566 -3.4909225398e-07
567 1.85210801169e-05
568 -9.16852943197e-06
569 2.28917955361e-05
570 2.40275415896e-05
571 1.545627156e-05
572 3.50618195862e-05
573 1.20281391437e-05
574 2.86816962613e-06
575 -8.38059810453e-06
576 -1.92496310115e-05
577 1.89638955245e-05
578 8.89442613109e-06
579 -4.373156307e-06
580 5.15035748113e-06
581 2.02320605909e-06
582 -1.3258363219e-06
583 2.23604847836e-05
584 1.18900870135e-05
585 6.24957446977e-06
586 -5.19681531507e-05
587 1.7568692743e-05
588 5.89315839774e-05
589 1.18452397009e-05
590 1.234991182e-07
591 1.45188158171e-05
592 1.74409053283e-06
593 -5.19522901916e-06
594 -3.67655394131e-05
595 -5.57854282036e-05
596 -5.05375290518e-06
597 -4.1240827177e-06
598 1.55009859794e-05
599 9.67000356788e-06
600 2.46494941028e-06
601 -4.62183392002e-05
602 -4.23137985117e-05
603 -4.25656091179e-05
604 1.71066382608e-05
605 8.82216380896e-05
606 7.95439482354e-05
607 6.05498180196e-05
608 3.67810270914e-05
609 -7.78805311945e-06
610 4.67380738572e-05
611 4.57964711369e-05
612 -5.91771497738e-06
613 -4.93308223483e-05
614 -1.41553648431e-05
615 4.33247780988e-05
616 4.73254476226e-05
617 1.84849164319e-05
618 0.000168414946918
619 0.000172258648997
620 1.35274411496e-05
621 2.27225229088e-05
622 5.22339958176e-05
623 4.19236200261e-05
624 5.83725080094e-05
625 6.00769666794e-05
626 6.79806975593e-05
627 4.22414827091e-05
628 4.36753264951e-05
629 0.000129755201552
630 4.01733045015e-05
631 0.000144346658975
632 7.0296561332e-05
633 -2.91223512606e-05
634 8.97391962621e-05
635 0.000107862609604
636 9.26261392067e-05
637 4.15460072218e-05
638 3.76330622767e-05
639 2.86429434462e-05
640 4.42449962538e-05
641 1.17419623129e-05
642 2.64302330926e-05
643 0.000223006411778
644 4.57088230211e-05
645 -5.08585587668e-06
646 0.000132682344955
647 9.75095539072e-05
648 6.19191148392e-05
649 -1.59110957849e-06
650 -5.68324375778e-05
651 -0.000143957782697
652 1.34326479944e-05
653 -2.12079483306e-05
654 -4.29004035848e-05
655 2.81365543048e-05
656 -6.62990937679e-05
657 -0.000127090120278
658 9.04113661704e-05
659 6.70970679934e-05
660 -0.000121860919796
661 -7.51983801736e-05
662 -5.80201993123e-05
663 -4.07376461415e-05
664 -4.40940715791e-05
665 -7.87415174109e-06
666 -1.76083149444e-05
667 -9.07774084157e-05
668 -0.000133337867195
669 -6.1162224755e-05
670 2.74225280785e-05
671 -6.55904548962e-05
672 -0.000199543944681
673 -0.000109139899381
674 -0.000164516607881
675 -5.22259779207e-05
676 -3.17997606503e-05
677 -6.62645291671e-05
678 -0.000130394361061
679 -0.000221368066147
680 -5.02709619927e-05
681 -0.00018447653729
682 -0.000155695582638
683 6.1864320582e-05
684 0.000161357336252
685 -0.000277733919337
686 -0.000138877778869
687 -8.66865343556e-05
688 -0.000152222697979
689 -8.80332135413e-05
690 4.19955384292e-05
691 -5.85362259895e-05
692 -0.000153377644006
693 -0.000312798632545
694 -0.000127659731211
695 -0.000180291928686
696 -0.000155699472782
697 -6.36814128643e-05
698 -9.87385276685e-06
699 -0.000147689262232
700 -8.07504181166e-05
701 -2.57203717459e-05
702 0.000111301879662
703 -7.60898070374e-05
704 -0.000114218002753
705 2.85233910709e-05
706 -6.40819666733e-05
707 -0.000357705230729
708 -2.7983766728e-05
709 3.54547698041e-05
710 9.18641286244e-05
711 -2.53107183687e-05
712 -1.72563893958e-05
713 -9.93564774707e-06
714 -6.82151179458e-06
715 -0.00022797929187
716 -0.000127838767556
717 9.62985603814e-06
718 0.000116498339213
719 -7.51534513243e-05
720 -0.000132750518669
721 -0.000112427128466
722 -1.60457430219e-05
723 -6.79435512791e-05
724 -0.000106570131176
725 -2.03946843757e-05
726 -0.000337258304598
727 -0.000202203640389
728 -9.11337107957e-06
729 9.4995773091e-05
730 3.20467920184e-06
731 1.12188028339e-05
732 3.54770454824e-05
733 -0.00017923782037
734 3.54575423291e-05
735 2.41619168062e-06
736 3.4166487184e-05
737 -2.92017728528e-05
738 0.000340995753265
739 0.000218052560291
740 -0.000134673732086
741 -0.000454679098698
742 0.000113510418383
743 -0.000495167911602
744 -0.000108057350832
745 0.000576957698183
746 4.33469693024e-05
747 -3.33415408273e-06
748 -0.000232858967844
749 0.000366093365871
750 8.14005809888e-05
751 0.000155046299906
752 0.000258539181552
753 0.00025084421042
754 0.000136018478321
755 -0.000141392042724
756 -7.21686487176e-05
757 7.83508426594e-05
758 9.27423240972e-06
759 -5.46149556632e-05
760 -1.25444882294e-05
761 -4.45887568268e-05
762 4.70628744487e-06
763 -4.09733816224e-05
764 -5.32391885842e-05
765 -9.704501882e-05
766 -1.348995598e-05
767 9.19373732691e-05
768 -5.67268990029e-05
769 3.2711719149e-05
770 -8.12780267742e-05
771 -4.02161556254e-05
772 6.72767484549e-06
773 -7.16334434087e-05
774 -4.78924570775e-05
775 -4.28730877286e-05
776 -1.08411939938e-05
777 -6.29941050002e-05
778 -6.3913909097e-05
779 0.000123550490381
780 -7.98483900769e-05
781 -2.05480872609e-05
782 2.11521172015e-05
783 0.000237121701957
784 0.000232939187513
785 0.000282982501028
786 -1.46372433172e-05
787 0.000279499497429
788 -0.000322918170403
789 0.00011898728877
790 2.08083556526e-05
791 0.000417229333444
792 0.000291063086266
793 -0.000273638475745
794 -1.10865450519e-05
795 -0.000229046708823
796 1.2461798257e-05
797 0.000152880326962
798 0.000211294998496
799 8.31747591366e-06
800 -1.43365171627e-05
801 -0.000114653475255
802 1.27955712107e-05
803 -0.000109231419326
804 3.32340433867e-06
805 -0.000107835951413
806 -0.00017643898594
807 -0.000109214257656
808 -0.000104912427203
809 -0.000346092656875
810 -0.000362544352286
811 0.000122357094901
812 -9.03277045291e-05
813 -0.000163390764378
814 -0.000146538906839
815 -0.000186048862978
816 -0.000280243614775
817 -1.34865819193e-05
818 -3.58434197692e-05
819 -0.0001366276162
820 -0.000201745972909
821 -0.000183157946311
822 0.000123432887023
823 -9.36187029464e-06
824 -9.76694178013e-05
825 -8.27517793145e-05
826 0.000176194756088
827 0.0001286660602
828 -0.000147694136721
829 -0.000255507854212
830 -4.93821928309e-05
831 6.00539555267e-06
832 -0.000108027990817
833 -9.66638893814e-05
834 -1.05418431673e-05
835 7.84920401677e-05
836 8.57178861074e-05
837 -0.000132820828753
838 -0.000291720305811
839 -1.03222467994e-06
840 -0.000256626036161
841 -0.000252452526119
842 -0.000264837744096
843 -0.000224611854898
844 -0.000276341862468
845 8.51034610505e-05
846 -0.000135941640163
847 -0.000219973680249
848 -0.000267772973991
849 -0.000183060581233
850 -9.65515942048e-05
851 -0.000508070842195
852 0.00017152306686
853 -0.000196560985486
854 -0.000180711641328
855 -0.00022691352405
856 -0.000147592620768
857 -0.000227912574552
858 -8.53947314136e-05
859 -8.13923267969e-05
860 -1.66994350643e-05
861 -5.61815607979e-05
862 -0.000211014055378
863 -6.60219752122e-05
864 -0.000346865813104
865 -0.000130080030234
866 0.000162105107751
867 -0.000344796686415
868 -0.000406318030524
869 -0.000277773996319
870 -5.25607290436e-05
871 1.88673699846e-05
872 -0.000195757705492
873 -0.000217282306503
874 -0.000165520331805
875 -0.000107547821228
876 -0.000292432394517
877 5.83310093863e-05
878 -3.6735626242e-05
879 -0.000248115182617
880 -0.00013782423032
881 -8.59873358587e-05
882 -0.000124127796419
883 5.16634085244e-05
884 -5.00127812978e-05
885 -0.000316501925879
886 -0.000174744391113
887 -4.9673231702e-05
888 -7.08212328725e-05
889 8.92583244548e-05
890 0.000124121325713
891 -5.14419887092e-05
892 -5.24631736773e-05
893 0.000446906831729
894 0.0001771165277
895 4.0681945299e-05
896 8.13107353981e-05
897 6.54035342509e-05
898 2.41907894045e-05
899 6.4611856021e-05
900 0.000229492136782
901 0.000147987079606
902 0.000166555255321
903 -0.000130570915818
904 0.000204525031022
905 0.000165639532632
906 8.94993645387e-05
907 0.000241493922347
908 0.000113676399743
909 -7.44551738914e-06
910 6.66397828825e-05
911 0.000153376691977
912 0.00010079838283
913 9.82768020508e-05
914 8.61954311691e-05
915 9.26034720316e-05
916 1.37136890805e-05
917 0.00031423636293
918 0.000441795693541
919 4.09461450444e-05
920 8.65788403421e-05
921 0.000126700164528
922 -3.67924669174e-05
923 -0.00010515274772
924 9.74408172459e-07
925 -2.51239810499e-05
926 8.02469977637e-05
927 -2.11552353224e-06
928 1.56873152483e-05
929 0.000191494652663
930 8.5455200556e-05
931 0.000272261632756
932 -3.71912242379e-05
933 -0.000126778718088
934 -5.09638255081e-05
935 -4.5017151636e-05
936 -1.25272090257e-05
937 -7.90821283452e-05
938 7.70366901584e-05
939 8.8625217426e-05
940 8.07603265329e-06
941 -0.000128044666436
942 -0.000139043379883
943 3.27596616511e-05
944 8.39306176088e-05
945 1.02485254993e-05
946 2.02315551911e-05
947 0.000163872115281
948 0.000283712490437
949 2.31609530089e-05
950 -0.00014977751207
951 -8.43823181704e-05
952 2.6990778113e-05
953 3.07103847133e-05
954 7.64872297506e-05
955 2.33538524558e-05
956 2.57511753499e-05
957 -4.09790564213e-06
958 -4.91881473262e-06
959 0.00019061231717
960 3.26529531295e-05
961 -6.75613489366e-05
962 2.29738620431e-05
963 5.73037503148e-05
964 0.000142624333982
965 0.000110056585717
966 8.52372634522e-05
967 0.000110167605532
968 -6.05309839028e-05
969 9.37912859263e-05
970 4.89495204787e-05
971 2.4131202144e-05
972 1.26665317048e-05
973 2.1081837681e-05
974 9.69767136853e-06
975 -2.71490131727e-05
976 -8.24755374993e-05
977 -8.07962430795e-05
978 -3.2026285716e-05
979 -1.39858964519e-05
980 -2.22763115382e-06
981 2.30341841253e-05
982 -6.32388678649e-05
983 2.24183564605e-05
984 1.29919148348e-05
985 -2.38686829267e-05
986 -3.0144693946e-05
987 -9.12008736927e-06
988 -2.56105085539e-06
989 -3.32010830864e-06
990 -2.52786689839e-05
991 -2.07958685002e-05
992 -2.85701807894e-05
993 -5.98508376454e-05
994 -1.95076026156e-05
995 1.72031029866e-05
996 2.62776024307e-05
997 8.25094919226e-06
998 1.69903275248e-05
999 3.08230164327e-05
1000 -8.77866695418e-06
1001 1.98315703685e-05
1002 3.80857356589e-05
1003 4.38547878535e-06
1004 3.67689144836e-06
1005 2.75216745999e-05
1006 1.09455641399e-05
1007 4.42243017232e-05
1008 2.85288390383e-06
1009 1.33658001433e-05
1010 4.45493209873e-05
1011 2.2585767589e-05
1012 3.22480040685e-05
1013 2.3157485863e-05
1014 1.26365597264e-05
1015 -5.14161935254e-06
1016 -4.18674350779e-05
1017 7.06273407203e-05
1018 5.69121684215e-06
1019 4.13952020864e-05
1020 -1.26134869632e-05
1021 -0.00010163658409
1022 -8.26218457306e-05
1023 5.57491776703e-05
