-1.08413478373
0 7.04346290429e-06
1 1.78628154087e-05
2 3.4973421341e-05
3 8.91455373503e-06
4 6.63024993946e-06
5 1.23095663526e-05
6 5.07638127437e-06
7 1.11591876858e-05
8 8.52774955232e-06
9 -1.25718080309e-05
10 -3.26728933736e-05
11 -2.8192614409e-05
12 -1.95789590366e-05
13 -1.37681993902e-05
14 1.23638034938e-07
15 1.88678129287e-06
16 5.71798235544e-06
17 2.36378471699e-06
18 -1.40231737036e-05
19 7.91367171665e-06
20 2.36793636294e-05
21 -1.16839477877e-05
22 -2.89052998498e-05
23 -7.00594156654e-06
24 -2.46874032659e-06
25 2.38982161852e-05
26 1.30213536586e-05
27 -6.00882306584e-05
28 -5.59097381312e-05
29 -3.25703420834e-05
30 5.97096495457e-06
31 1.88223875053e-05
32 1.45156537035e-05
33 1.11556650895e-05
34 2.0474243159e-06
35 -1.4892415274e-05
36 1.68464957933e-05
37 1.0371516706e-05
38 -5.81582400555e-07
39 4.06633026031e-05
40 8.48701130787e-05
41 1.49495913874e-05
42 -3.0877137372e-05
43 -7.54889366133e-05
44 -5.72194766895e-05
45 2.96039745746e-05
46 5.88312040681e-06
47 -3.11229511631e-05
48 -4.25809320251e-05
49 1.07561989563e-05
50 2.08443136503e-06
51 4.81761796096e-06
52 -2.19559226843e-05
53 -0.000104408496128
54 -0.000137442598885
55 4.23715502777e-05
56 9.61802539404e-05
57 -2.09632600328e-05
58 -6.68141140135e-05
59 -2.18164116318e-05
