1.34724982203e-06
0 0.0
1 0.0
2 -9.71935224573e-05
3 -0.000416309620471
4 -0.000373487454229
5 -0.000196434340948
6 -2.26127932644e-05
7 0.000409231960436
8 0.000273923197751
9 -1.67746006321e-06
10 0.000104564287984
11 0.000345612255676
12 0.000129687513364
13 3.12591390581e-05
14 -0.000201044320835
15 -0.000282350675397
16 2.74485477564e-05
17 5.33235335572e-05
18 8.69683383201e-05
19 -1.80961662739e-05
20 -0.000223433749165
21 -0.000206369090779
22 8.8177940513e-05
23 1.19290239731e-05
24 -0.000181481287773
25 3.28481905177e-05
26 -7.12859218743e-05
27 -4.36584753773e-05
28 1.69652623529e-05
29 9.03776709654e-05
30 2.4201733056e-05
31 -0.000127019954328
32 -0.000130051184084
33 -0.000411996755659
34 9.91533266907e-05
35 8.4534388748e-06
36 -9.44231046334e-05
37 -9.21731602475e-05
38 -6.95953840528e-05
39 -8.17793026599e-05
40 1.29480057726e-05
41 -1.09156291565e-05
42 4.84699497509e-05
43 -2.09624139653e-05
44 1.93828967254e-05
45 3.80430158716e-05
46 -1.30085733628e-05
47 -1.51916287342e-05
48 -7.08744455924e-06
49 -1.11216407729e-05
50 3.89048206036e-05
51 6.586946133e-06
52 7.61601545353e-06
53 -1.29087899592e-05
54 1.72443958113e-05
55 1.27677641894e-05
56 5.99345490721e-06
57 2.64510270009e-05
58 5.36283386725e-05
59 1.33784426931e-05
60 7.94656891397e-06
61 -3.75470756435e-05
62 -2.7929328632e-06
63 -2.09416016698e-05
64 5.93110598793e-06
65 5.46353808848e-05
66 -4.11727841368e-05
67 -9.31798533228e-06
68 6.4775694576e-06
69 -2.66750306028e-05
70 1.33619300154e-05
71 1.26065954579e-05
72 -2.54130677086e-06
73 -2.49869308124e-06
74 4.20097541089e-05
75 3.05880918162e-05
76 4.82089354914e-06
77 -2.51336984494e-05
78 5.68099609709e-06
79 4.27249719714e-05
80 7.77457822411e-06
81 -1.06319385757e-06
82 2.05729424246e-05
83 -5.27790684962e-05
84 -1.13615362325e-05
85 -0.000101740680047
86 -1.99048208849e-05
87 2.37451627341e-05
88 6.98106741754e-05
89 4.97217898464e-05
90 4.35784219374e-05
91 -8.83501879859e-05
92 -0.000151652310966
93 -1.02290104652e-05
94 7.94691525536e-05
95 4.53020579201e-05
96 -1.9715696563e-05
97 8.4814336442e-05
98 -4.22255908959e-06
99 -4.03579942124e-05
100 2.69643349996e-05
101 -0.000110045817773
102 5.29264087521e-05
103 3.92146808696e-05
104 3.22367761925e-05
105 4.49433871413e-05
106 -2.42027436044e-05
107 1.44555056153e-05
108 -7.59707189661e-05
109 2.64110053826e-05
110 0.00011066746402
111 7.68054841232e-05
112 3.8588933447e-05
113 -6.89461639603e-05
114 -4.74023928809e-05
115 -9.71453222115e-07
116 8.12159571657e-05
117 7.23540657971e-05
118 -2.14269447078e-05
119 -4.23774858245e-05
120 -8.00042418489e-05
121 7.67173644931e-06
122 0.000222921995045
123 0.00010160369023
124 5.81240182403e-05
125 -0.000110196244778
126 0.000105226116004
127 -4.58845121207e-05
128 2.09381023927e-05
129 2.29713944652e-06
130 -1.14538588419e-05
131 -1.5088052604e-05
132 3.15303103771e-05
133 -4.13440851668e-05
134 5.13350352377e-05
135 -9.42065085043e-06
136 5.94064586331e-05
137 9.52873791263e-05
138 3.10480984368e-05
139 1.97721366813e-05
140 -0.000110792261943
141 6.03896072612e-05
142 4.89357204683e-05
143 5.39750249587e-05
144 6.26505036946e-05
145 -7.3172969317e-05
146 -6.05336496976e-05
147 2.80657775227e-06
148 -3.34838611181e-05
149 0.000115464622915
150 4.57753506121e-05
151 8.89024896571e-05
152 -4.52627694884e-05
153 -1.31671614844e-05
154 4.90387227729e-05
155 6.31701760539e-06
156 -2.31324042235e-05
157 9.1830320089e-06
158 -2.87473354383e-06
159 -2.21683411746e-05
160 -8.33197848055e-05
161 -4.87559147615e-05
162 1.25225238455e-05
163 -3.04461443391e-05
164 -2.16314695382e-05
165 -5.63529841458e-05
166 -2.03041710771e-05
167 9.4667597797e-05
168 -5.86772405655e-05
169 1.86415604838e-05
170 4.75080237547e-05
171 -5.67359826422e-05
172 4.84233357705e-05
173 -6.06572660945e-05
174 -0.000106378904505
175 0.000111905263456
176 -6.64634847267e-05
177 -0.000189773869802
178 -0.000244032236981
179 -0.000199486690776
180 -0.000156763631412
181 9.98672900219e-05
182 8.86172335794e-05
183 0.000123786759643
184 -5.25805147445e-05
185 9.69619154375e-05
186 -5.93033842193e-05
187 -1.63459809359e-05
188 8.25282618747e-06
189 0.000125046842211
190 9.57699427836e-05
191 -8.03415358433e-05
192 -3.24890500979e-05
193 3.1182491633e-05
194 -6.92926229474e-05
195 -0.000158921139435
196 9.44449102359e-05
197 8.38718595196e-05
198 -6.55290022068e-05
199 0.000136387940565
200 8.88775184031e-05
201 -1.00731374369e-05
202 -6.87001981644e-05
203 -2.72394149768e-05
204 6.27202867306e-05
205 -4.77749607315e-05
206 -0.000121344510784
207 2.38267109042e-05
208 -2.57411601239e-06
209 -5.33128330043e-06
210 -6.37848698131e-05
211 0.000157186176982
212 -7.41583718059e-05
213 1.75049055841e-05
214 -8.15973519006e-05
215 -1.20485114921e-05
216 1.95953473511e-05
217 -6.22684581873e-05
218 -2.47080346611e-05
219 7.42792095677e-05
220 -6.88045364395e-05
221 4.26827526563e-05
222 -7.92191517654e-06
223 -0.000126687244884
224 1.2780701932e-05
225 -4.20619745296e-05
226 3.58262937464e-05
227 -1.12008533454e-05
228 1.81152509542e-05
229 3.21422367977e-05
230 -5.5267225908e-05
231 -4.43548677287e-05
232 1.05210919064e-05
233 6.90853994479e-05
234 -1.22618137318e-05
235 -4.75272048383e-05
236 1.89108329073e-05
237 -4.65681151553e-05
238 3.40036025405e-05
239 -4.62083847819e-05
240 -2.99319361906e-06
241 -7.16285692339e-05
242 7.56212784967e-05
243 8.49114949564e-05
244 1.64432924346e-05
245 4.18729016386e-05
246 7.80687349524e-05
247 1.12104464619e-05
248 1.74790847458e-06
249 0.000135942979242
250 -1.29885400828e-05
251 -0.000217742029508
252 9.16032349167e-05
253 -6.23014159356e-06
254 1.330589502e-05
255 3.84722678898e-05
256 -5.6937329503e-06
257 1.29700325225e-05
258 4.92203158689e-05
259 3.91529167148e-06
260 0.000103452816446
261 -3.14441102142e-05
262 9.70441708359e-06
263 -1.42219494383e-05
264 -2.69716787425e-05
265 1.60075743338e-06
266 -7.18204778882e-05
267 -3.03004630411e-05
268 -1.74685132201e-06
269 -6.39821483752e-05
270 2.38865091797e-05
271 0.000108186758296
272 7.47474185898e-05
273 8.05743436033e-05
274 8.7141503824e-05
275 5.68457352136e-06
276 -7.44480710671e-05
277 5.91824183558e-05
278 5.30791677093e-05
279 -4.07914405128e-05
280 -9.73295572324e-05
281 1.48368048527e-05
282 -9.86970132961e-05
283 0.000120421806942
284 -1.91078941785e-05
285 2.96624398954e-05
286 0.000135712532104
287 -1.41340090657e-05
288 -4.02062433477e-06
289 4.95815426933e-05
290 0.000132735450965
291 -0.000135028610012
292 0.000110949033118
293 1.25211253347e-05
294 -0.000161320028388
295 -4.47168805212e-05
296 -1.77256499533e-05
297 -2.61905547968e-05
298 0.000176824879641
299 9.92698164814e-05
300 1.06199278393e-05
301 -4.23331184191e-05
302 -2.39701437843e-05
303 1.53653849308e-05
304 7.71215363124e-05
305 3.97726866016e-05
306 1.83660387085e-05
307 1.24063009603e-05
308 -7.37820080737e-05
309 -3.75500084087e-05
310 -2.02511173489e-05
311 6.94540181611e-06
312 3.36784867755e-05
313 7.30865390789e-05
314 -1.75293896489e-05
315 1.20108307807e-05
316 -3.73200032492e-05
317 -0.00013549901469
318 -0.000109887943919
319 7.9059241656e-05
320 7.41950411191e-05
321 -0.000134330523398
322 7.24292884091e-05
323 9.1462312498e-05
324 -1.67915067828e-05
325 -1.62654857791e-05
326 -4.90747526377e-05
327 -8.50237777124e-05
328 8.21429069727e-05
329 -4.22216093859e-05
330 2.43139402481e-05
331 -5.4006703101e-05
332 -3.1655870247e-07
333 1.28136271476e-05
334 9.80305905877e-06
335 4.49503610552e-05
336 -7.86028882705e-05
337 -5.12926370092e-05
338 -2.37170690688e-05
339 -0.000147208034494
340 0.000125475409378
341 3.72174647433e-05
342 3.44884037493e-05
343 3.78497119491e-06
344 0.000103373400754
345 7.61216397642e-05
346 -1.20248708831e-05
347 7.36690059797e-05
348 3.92651918181e-05
349 -7.60579962684e-05
350 -1.46187824502e-05
351 7.08804413646e-05
352 -0.000138376896216
353 1.55654987161e-05
354 3.46290651623e-05
355 4.7412558375e-05
356 -3.86432058705e-05
357 -0.000143760480676
358 8.9447543278e-05
359 3.11057479508e-05
360 -8.36500921451e-05
361 2.56264501866e-05
362 1.23525817633e-05
363 -5.28303523103e-05
364 -2.18987660426e-05
365 3.73334873217e-05
366 4.75895975388e-05
367 -1.9122526888e-05
368 -4.64438315168e-05
369 6.88224639058e-06
370 2.0319040802e-05
371 -2.49521519571e-05
372 5.59495470578e-07
373 -4.7612684605e-05
374 1.11295894957e-07
375 8.21741033225e-06
376 -2.60868263115e-05
377 -2.71699296461e-05
378 -3.76825142521e-05
379 3.14672230669e-05
380 4.77538156259e-06
381 4.83999623458e-05
382 4.73985505315e-05
383 5.23184027167e-05
384 3.19728150328e-05
385 -4.49988658327e-05
386 -1.38205993262e-06
387 -3.62347395634e-05
388 6.62067938807e-05
389 0.000179413585562
390 -7.23813027321e-05
391 4.39519296734e-05
392 -5.28843031407e-05
393 -9.0021591611e-05
394 3.16150398306e-05
395 -8.59019037733e-06
396 9.74359427131e-06
397 -5.13461877462e-05
398 0.000256358777641
399 0.000104613750389
400 -5.37454685396e-05
401 -5.84671240765e-05
402 3.98571875467e-05
403 7.2933932536e-05
404 -0.000130455189148
405 -2.75472256646e-05
406 -0.000140356684068
407 8.94479040497e-06
408 2.08372504651e-06
409 0.000211367223331
410 -0.000187483600935
411 -0.000157705956327
412 -7.88942421083e-05
413 5.79911413056e-05
414 4.37319873044e-05
415 -0.000103537298598
416 0.000124644692869
417 7.02861555984e-05
418 -9.91649817422e-05
419 9.6759511006e-05
420 -5.31114704426e-05
421 -2.20819460399e-05
422 -3.27169039073e-05
423 3.30753319356e-05
424 -0.00018800127793
425 -0.000118953694137
426 -9.89873710452e-05
427 3.4721019244e-05
428 -3.76397525768e-05
429 9.015914006e-05
430 0.000114531883373
431 -1.76794139025e-05
432 -0.000105622145598
433 9.42250789335e-06
434 1.88195689637e-05
435 -6.98267945298e-06
436 -4.29602351185e-05
437 -0.000169627124564
438 -6.72815303541e-05
439 1.08353567953e-05
440 -2.86108529838e-05
441 1.7954143349e-05
442 5.78576492445e-05
443 -1.03155914382e-05
444 4.19959609807e-05
445 0.000180043423739
446 -0.000128322820101
447 0.000108544717299
448 -7.84206424327e-05
449 0.000215976711173
450 -3.30648830924e-06
451 -0.000212040489385
452 -0.000232289873293
453 -0.000119649778358
454 -5.46842967051e-05
455 5.56940539551e-06
456 0.000286195146297
457 0.000144041487192
458 -0.000296322861491
459 -0.000275603772442
460 1.11448515774e-05
461 0.000118107383926
462 -1.13928330077e-05
463 -8.50131542063e-05
464 -0.000135751189352
465 0.000212306838144
466 -6.03367362038e-05
467 -0.000423690906826
468 -0.000186528263786
469 -4.49989573152e-05
470 -9.58093633801e-05
471 9.06413492687e-06
472 -0.000295132027082
473 5.7274414131e-05
474 -0.00029267941506
475 4.75045681982e-06
476 1.44146416815e-05
477 -3.2164093256e-05
478 -3.42629118258e-05
479 6.66434987965e-05
480 -0.00021573026528
481 -0.000168704164644
482 -0.000266811359146
483 6.16111928608e-05
484 -0.000245717270546
485 0.000179628578832
486 0.000195926846957
487 0.000315493722677
488 -4.13610123873e-05
489 -0.000258554943387
490 0.000125374295382
491 -0.000123872249684
492 0.000249910670684
493 0.000107810445422
494 -7.95853511953e-05
495 0.000109565625813
496 -5.44319429305e-05
497 -0.000390420351609
498 -0.000387766918201
499 4.9057675299e-05
500 -0.000152878659969
501 0.000213995775468
502 0.000292109425836
503 -5.31761586655e-05
504 0.000196161909559
505 -0.00080526124669
506 -0.000799422950209
507 0.000108212856612
508 0.000515782801137
509 4.38500600983e-05
510 -2.62612292244e-05
511 5.05639947333e-05
512 5.01422534347e-05
513 0.0
514 0.0
515 0.0
516 0.0
517 0.0
518 0.0
519 0.0
520 0.0
521 0.0
522 0.0
523 0.0
524 0.0
525 0.0
526 0.0
527 0.0
528 0.0
529 0.0
530 0.0
531 0.0
532 0.0
533 0.0
534 0.0
535 0.0
536 0.0
537 0.0
538 0.0
539 0.0
540 0.0
541 0.0
542 0.0
543 0.0
544 0.0
545 0.0
546 0.0
547 0.0
548 0.0
549 0.0
550 0.0
551 0.0
552 0.0
553 0.0
554 0.0
555 0.0
556 0.0
557 0.0
558 0.0
559 0.0
560 0.0
561 0.0
562 0.0
563 0.0
564 0.0
565 0.0
566 0.0
567 0.0
568 0.0
569 0.0
570 0.0
571 0.0
572 0.0
573 0.0
574 0.0
575 0.0
576 0.0
577 0.0
578 0.0
579 0.0
580 0.0
581 0.0
582 0.0
583 0.0
584 0.0
585 0.0
586 0.0
587 0.0
588 0.0
589 0.0
590 0.0
591 0.0
592 0.0
593 0.0
594 0.0
595 0.0
596 0.0
597 0.0
598 0.0
599 0.0
600 0.0
601 0.0
602 0.0
603 0.0
604 0.0
605 0.0
606 0.0
607 0.0
608 0.0
609 0.0
610 0.0
611 0.0
612 0.0
613 0.0
614 0.0
615 0.0
616 0.0
617 0.0
618 0.0
619 0.0
620 0.0
621 0.0
622 0.0
623 0.0
624 0.0
625 0.0
626 0.0
627 0.0
628 0.0
629 0.0
630 0.0
631 0.0
632 0.0
633 0.0
634 0.0
635 0.0
636 0.0
637 0.0
638 0.0
639 0.0
640 0.0
641 0.0
642 0.0
643 0.0
644 0.0
645 0.0
646 0.0
647 0.0
648 0.0
649 0.0
650 0.0
651 0.0
652 0.0
653 0.0
654 0.0
655 0.0
656 0.0
657 0.0
658 0.0
659 0.0
660 0.0
661 0.0
662 0.0
663 0.0
664 0.0
665 0.0
666 0.0
667 0.0
668 0.0
669 0.0
670 0.0
671 0.0
672 0.0
673 0.0
674 0.0
675 0.0
676 0.0
677 0.0
678 0.0
679 0.0
680 0.0
681 0.0
682 0.0
683 0.0
684 0.0
685 0.0
686 0.0
687 0.0
688 0.0
689 0.0
690 0.0
691 0.0
692 0.0
693 0.0
694 0.0
695 0.0
696 0.0
697 0.0
698 0.0
699 0.0
700 0.0
701 0.0
702 0.0
703 0.0
704 0.0
705 0.0
706 0.0
707 0.0
708 0.0
709 0.0
710 0.0
711 0.0
712 0.0
713 0.0
714 0.0
715 0.0
716 0.0
717 0.0
718 0.0
719 0.0
720 0.0
721 0.0
722 0.0
723 0.0
724 0.0
725 0.0
726 0.0
727 0.0
728 0.0
729 0.0
730 0.0
731 0.0
732 0.0
733 0.0
734 0.0
735 0.0
736 0.0
737 0.0
738 0.0
739 0.0
740 0.0
741 0.0
742 0.0
743 0.0
744 0.0
745 0.0
746 0.0
747 0.0
748 0.0
749 0.0
750 0.0
751 0.0
752 0.0
753 0.0
754 0.0
755 0.0
756 0.0
757 0.0
758 0.0
759 0.0
760 0.0
761 0.0
762 0.0
763 0.0
764 0.0
765 0.0
766 0.0
767 0.0
768 0.0
769 0.0
770 0.0
771 0.0
772 0.0
773 0.0
774 0.0
775 0.0
776 0.0
777 0.0
778 0.0
779 0.0
780 0.0
781 0.0
782 0.0
783 0.0
784 0.0
785 0.0
786 0.0
787 0.0
788 0.0
789 0.0
790 0.0
791 0.0
792 0.0
793 0.0
794 0.0
795 0.0
796 0.0
797 0.0
798 0.0
799 0.0
800 0.0
801 0.0
802 0.0
803 0.0
804 0.0
805 0.0
806 0.0
807 0.0
808 0.0
809 0.0
810 0.0
811 0.0
812 0.0
813 0.0
814 0.0
815 0.0
816 0.0
817 0.0
818 0.0
819 0.0
820 0.0
821 0.0
822 0.0
823 0.0
824 0.0
825 0.0
826 0.0
827 0.0
828 0.0
829 0.0
830 0.0
831 0.0
832 0.0
833 0.0
834 0.0
835 0.0
836 0.0
837 0.0
838 0.0
839 0.0
840 0.0
841 0.0
842 0.0
843 0.0
844 0.0
845 0.0
846 0.0
847 0.0
848 0.0
849 0.0
850 0.0
851 0.0
852 0.0
853 0.0
854 0.0
855 0.0
856 0.0
857 0.0
858 0.0
859 0.0
860 0.0
861 0.0
862 0.0
863 0.0
864 0.0
865 0.0
866 0.0
867 0.0
868 0.0
869 0.0
870 0.0
871 0.0
872 0.0
873 0.0
874 0.0
875 0.0
876 0.0
877 0.0
878 0.0
879 0.0
880 0.0
881 0.0
882 0.0
883 0.0
884 0.0
885 0.0
886 0.0
887 0.0
888 0.0
889 0.0
890 0.0
891 0.0
892 0.0
893 0.0
894 0.0
895 0.0
896 0.0
897 0.0
898 0.0
899 0.0
900 0.0
901 0.0
902 0.0
903 0.0
904 0.0
905 0.0
906 0.0
907 0.0
908 0.0
909 0.0
910 0.0
911 0.0
912 0.0
913 0.0
914 0.0
915 0.0
916 0.0
917 0.0
918 0.0
919 0.0
920 0.0
921 0.0
922 0.0
923 0.0
924 0.0
925 0.0
926 0.0
927 0.0
928 0.0
929 0.0
930 0.0
931 0.0
932 0.0
933 0.0
934 0.0
935 0.0
936 0.0
937 0.0
938 0.0
939 0.0
940 0.0
941 0.0
942 0.0
943 0.0
944 0.0
945 0.0
946 0.0
947 0.0
948 0.0
949 0.0
950 0.0
951 0.0
952 0.0
953 0.0
954 0.0
955 0.0
956 0.0
957 0.0
958 0.0
959 0.0
960 0.0
961 0.0
962 0.0
963 0.0
964 0.0
965 0.0
966 0.0
967 0.0
968 0.0
969 0.0
970 0.0
971 0.0
972 0.0
973 0.0
974 0.0
975 0.0
976 0.0
977 0.0
978 0.0
979 0.0
980 0.0
981 0.0
982 0.0
983 0.0
984 0.0
985 0.0
986 0.0
987 0.0
988 0.0
989 0.0
990 0.0
991 0.0
992 0.0
993 0.0
994 0.0
995 0.0
996 0.0
997 0.0
998 0.0
999 0.0
1000 0.0
1001 0.0
1002 0.0
1003 0.0
1004 0.0
1005 0.0
1006 0.0
1007 0.0
1008 0.0
1009 0.0
1010 0.0
1011 0.0
1012 0.0
1013 0.0
1014 0.0
1015 0.0
1016 0.0
1017 0.0
1018 0.0
1019 0.0
1020 0.0
1021 0.0
1022 0.0
1023 0.0
