-0.265780420315
0 0.0
1 0.0
2 0.0
3 -0.000546622775631
4 -0.00087674621995
5 1.04378757331e-05
6 2.84038023265e-05
7 0.000537659148751
8 0.000261583461032
9 -0.000266713705904
10 0.000125328712333
11 0.000528690513575
12 -0.000224809628366
13 0.000476009255747
14 -0.000322469820851
15 -0.000875436593971
16 0.000431037329296
17 0.000193943815426
18 2.0688746023e-05
19 0.000205990045098
20 -0.00046716414055
21 -0.000596913521172
22 0.000797499041222
23 -7.13190065019e-05
24 -0.000963249172699
25 0.00068216333245
26 -3.42756516757e-05
27 -0.000428687746784
28 2.54934847345e-05
29 0.000636006794891
30 -0.000125504812047
31 -0.00037058294509
32 0.000137000136809
33 -0.001678083739
34 0.000993318541365
35 0.000248030113194
36 -0.000667587309836
37 0.000245289813016
38 8.28733232853e-06
39 -0.000581797251276
40 0.000390169552925
41 0.000145839184947
42 -8.63334320173e-05
43 -0.000137605678327
44 9.16816638933e-05
45 0.000163258055137
46 -0.000154727304691
47 1.37825527073e-05
48 7.63175123528e-05
49 -0.000125990807209
50 0.000122044695491
51 -2.78948949906e-06
52 2.98515026115e-05
53 -0.000104356618991
54 7.28543607938e-05
55 8.45984420723e-05
56 -0.00013784863989
57 7.1298127224e-05
58 0.000141427230002
59 3.23888817767e-07
60 -1.32602707895e-05
61 -0.000122989253106
62 0.000169656975461
63 -0.000182842179957
64 -1.73445926816e-05
65 0.000355120376925
66 -0.00032399653474
67 -1.51948459141e-05
68 0.000197038487596
69 -0.000215359857536
70 5.81028153239e-05
71 0.000150948666922
72 -0.000135415087123
73 -5.83223472185e-05
74 0.000178320810679
75 -2.5868176199e-06
76 2.46960762197e-05
77 -5.93662698326e-05
78 -0.00010077787655
79 0.000270953596747
80 -0.000136006236133
81 -1.97003839346e-05
82 0.000153717222564
83 -0.000195741343262
84 0.000176474535676
85 -0.000351411828052
86 -5.32402505427e-05
87 0.000193165927611
88 4.24608576883e-05
89 -2.74002304877e-05
90 0.000280357960446
91 -2.40720802184e-05
92 -0.000630681453948
93 9.79754164883e-05
94 0.000358353385539
95 -9.13510576173e-05
96 -0.000224807011082
97 0.000471927657697
98 -0.000269589554302
99 -0.000165679006489
100 0.000516579761094
101 -0.000521769904995
102 0.000108862076926
103 0.000262259153888
104 -0.000113799754397
105 8.50467150344e-05
106 -0.000174291280091
107 0.000224223794574
108 -0.000227681502511
109 -6.34461842847e-05
110 0.000393604734457
111 -3.81128032111e-05
112 8.49418509534e-05
113 -2.66834820856e-05
114 -0.000218812219833
115 -4.18789062054e-05
116 0.000400215977587
117 -0.000128907971189
118 -0.000126590456704
119 0.000281675020371
120 -0.000523345255623
121 -0.000111023302311
122 0.000798831952586
123 7.55951786202e-05
124 -0.000169356855665
125 -0.000388277981746
126 0.000698154577003
127 -0.000387375165239
128 1.68098607041e-05
129 0.000191146888878
130 -0.000212562865343
131 5.4972942694e-05
132 0.000164714405291
133 -0.00022689235003
134 0.000230517513469
135 -0.000216716213221
136 0.00016461292266
137 8.91712407559e-05
138 -3.21852626717e-05
139 0.000338531343226
140 -0.000595035157403
141 0.000277397518988
142 0.000180519474426
143 -7.27852614399e-05
144 0.000134895579974
145 -0.000133610224776
146 -0.000195836208555
147 0.000168580824503
148 -0.000225093000898
149 0.000265894463551
150 -3.5071699037e-05
151 0.000256139339917
152 -0.000251089877382
153 -0.000121553204728
154 0.000337431132791
155 -3.19004603293e-05
156 -0.000148169533887
157 7.96418104099e-05
158 3.53160498317e-05
159 1.22326795372e-05
160 -7.7380072796e-05
161 -0.000236248594741
162 0.00017190731302
163 -2.44124114637e-06
164 3.55709190242e-05
165 -0.000253263370273
166 -6.26653699117e-06
167 0.000532436934113
168 -0.000652606167168
169 0.000261777759908
170 0.000293196982302
171 -0.000606081176625
172 0.000616305914217
173 -0.000117760195221
174 -0.000806495108411
175 0.000919154043581
176 -2.25281277945e-05
177 -0.000689361132483
178 -5.61412141647e-05
179 -0.000174928342658
180 -0.000304638245586
181 0.000175526590081
182 6.65532315483e-05
183 0.000355723724353
184 -0.000269762845287
185 0.000360710654446
186 -0.00060410821176
187 0.000302757812113
188 -5.88311661676e-05
189 4.69410403016e-05
190 0.000445815790586
191 -0.000306823755522
192 -0.000375124778828
193 0.000573493980523
194 -7.60923743169e-05
195 -0.000786211142414
196 0.000692608215126
197 0.000199268145651
198 -0.00080079435769
199 0.000776528375606
200 4.79633634186e-05
201 -0.000134936735975
202 -0.00013583726827
203 -0.000178917477824
204 0.000455060558075
205 -0.000141404303644
206 -0.000482716161632
207 0.000324389199041
208 0.000143758125207
209 -0.000177269376268
210 -0.000441278694676
211 0.00101081975287
212 -0.000742328563379
213 0.000236485471649
214 -5.00993600664e-05
215 -0.000220552300398
216 0.000495856712461
217 -0.000428860647598
218 -0.000171003213435
219 0.000509790576308
220 -0.000472782347857
221 0.000357221349464
222 0.000125585101403
223 -0.000644170708147
224 0.000374245453758
225 -0.000161666162608
226 0.000126174369516
227 -8.52785378008e-05
228 -5.52290923226e-05
229 0.000259261545897
230 -0.000136116068297
231 -0.000226720131381
232 2.01572560299e-05
233 0.000340035746981
234 -0.000121836234972
235 -0.00019251503466
236 0.0001377039855
237 -9.49150814673e-05
238 0.000188942632373
239 -0.000289547813733
240 0.000168703506515
241 -0.000204346011962
242 0.000165346617938
243 0.000280768518403
244 -0.000183210949644
245 -0.000141529820429
246 0.000462449671705
247 -8.06126093632e-05
248 -0.000668922705427
249 0.000807116141164
250 0.000129654117463
251 -0.00109950057528
252 0.000897806458491
253 -0.000224340942309
254 -0.000158719846743
255 0.000267486022466
256 -0.000138191700479
257 3.38001195625e-05
258 9.40629407657e-06
259 -2.31243145423e-05
260 0.000423203441454
261 -0.000337833429002
262 0.000117100150619
263 -4.63853680659e-05
264 -3.79533342568e-05
265 5.11531737576e-05
266 -0.000234018373217
267 -3.5079716318e-05
268 0.000292472634874
269 -0.000400433558323
270 7.52138395486e-05
271 0.000304373795232
272 -0.000107260759541
273 1.82881271187e-05
274 0.000332380702363
275 0.000130836263272
276 -0.000599475899421
277 0.000272663316528
278 0.000346970436316
279 -0.000295664745928
280 -8.52164545023e-05
281 0.000210345817684
282 -0.000635480962989
283 0.000830880896121
284 -0.000355117969151
285 -0.000143658509875
286 0.000555348479084
287 -0.00026211665758
288 -0.000235266946589
289 0.000251385311844
290 0.000630507779369
291 -0.00107474454285
292 0.000534577336919
293 0.000500938055112
294 -0.000871811843736
295 0.000164995938369
296 0.000328900256062
297 -0.000631087275138
298 0.000636524605012
299 0.00024199246945
300 -0.000257104200196
301 -9.76921238498e-05
302 7.25188393308e-05
303 -2.82052008405e-05
304 0.000289914911506
305 -0.000141482840511
306 1.98383270767e-06
307 0.000265227316908
308 -0.000333069665714
309 -4.69401380596e-05
310 0.000179760070272
311 -0.0001374143995
312 -3.42853483423e-05
313 0.000397536928094
314 -0.00033854614758
315 5.92734909828e-06
316 0.000338540126932
317 -0.000404645882635
318 -0.000535342419675
319 0.000623504552544
320 0.000373447451367
321 -0.000942049249737
322 0.000350167679572
323 0.000413973979987
324 -0.000360727875614
325 0.000130369676152
326 2.93799924672e-05
327 -0.000438718292725
328 0.000511111944098
329 -0.000310079279588
330 9.33418698069e-05
331 -0.000143391729787
332 9.64886971165e-05
333 7.93480373298e-05
334 -0.000245122811788
335 0.000534510058486
336 -0.000533957828848
337 -4.14724185093e-05
338 0.00036913112394
339 -0.000745259966336
340 0.000409366960879
341 0.000208659197164
342 -0.00013568168705
343 -0.00019710937254
344 0.000351623885519
345 0.00028311191826
346 -0.000373393260272
347 8.61564123978e-05
348 0.000362622794913
349 -0.000389213060578
350 -6.37877968949e-05
351 0.000486762687972
352 -0.000586293452241
353 0.000119884312476
354 9.08535821036e-05
355 0.000152102728029
356 5.07830552292e-05
357 -0.000759481291902
358 0.000649014627709
359 0.000222350938328
360 -0.00068719024892
361 0.000369094930315
362 0.000132915775833
363 -0.00028122395427
364 -2.17447783742e-06
365 0.00011078193155
366 0.000116288390512
367 -0.00010735685427
368 -0.00012534191496
369 9.29665511656e-05
370 9.32629753888e-05
371 -0.000168117138253
372 0.000117611433803
373 -0.000170208010288
374 7.22469438691e-05
375 0.00010926939777
376 -9.89113394299e-05
377 -3.57144248483e-05
378 -0.000117558649205
379 0.000203068674193
380 -9.07919656987e-05
381 -3.82745929902e-05
382 0.000115940058092
383 0.000166955972011
384 -0.000122795897642
385 -5.61630013742e-05
386 0.000216493562116
387 -0.000381826589507
388 7.11147131807e-05
389 0.000648871166328
390 -0.000599726247611
391 0.000423625380152
392 -0.000138113811434
393 -0.000407821979667
394 0.000457291026236
395 -5.07000527931e-05
396 -4.07268144137e-05
397 -0.000527262321592
398 0.000789407932251
399 0.000377416382911
400 -0.000513020575674
401 -0.000188190744868
402 0.000331726019872
403 0.00027686618342
404 -0.000607840963282
405 0.000256352553424
406 -0.000174390192739
407 -0.000155511133669
408 -0.000268238176784
409 0.00120313150864
410 -0.000715289497894
411 -0.000428760975475
412 -0.000131481134835
413 0.000466745068275
414 2.82315443055e-05
415 -0.000671183548396
416 0.000676955127728
417 0.000129420526237
418 -0.000724131478672
419 0.000750812795373
420 -0.000234430354445
421 -0.000211247388546
422 -4.7075753456e-05
423 0.00046341260149
424 -0.000486363445722
425 -0.000245389894157
426 -6.28599845055e-05
427 0.000374473745731
428 -0.000328429663656
429 9.47624502235e-05
430 0.000463113713225
431 -0.000218022557409
432 -0.000504588359484
433 0.000475722273506
434 9.21619224096e-05
435 -0.000216947634147
436 0.00020416471314
437 -0.000510908330811
438 -1.49674710505e-05
439 0.000447052715813
440 -0.000508282883806
441 -1.7525286617e-05
442 0.00051283895001
443 -0.000433246219106
444 -0.000140998264277
445 0.000907704931119
446 -0.00074770669095
447 0.000435429624942
448 -0.00050675042443
449 0.000660258581188
450 0.00015475660594
451 -0.000612934801615
452 -0.000224510820172
453 0.000208121333743
454 -0.000256596918941
455 -0.000552745283972
456 0.00106809607571
457 0.000607170833813
458 -0.00115272452312
459 -0.00056806896047
460 0.000426224117446
461 0.000209367066561
462 -6.16410103941e-05
463 -0.000232779559902
464 -0.000702722153835
465 0.00131005531806
466 0.000109451615419
467 -0.00141618675563
468 5.66070363096e-05
469 0.000320542300272
470 -0.00033065997625
471 0.000520250016932
472 -0.00138210915808
473 0.0016891694181
474 -0.00165350505767
475 0.000178644314007
476 0.000710884492353
477 -0.000596329525218
478 -0.000178494485102
479 0.00085385357649
480 -0.000630790821858
481 -0.000636223700661
482 -0.000278776522596
483 0.000994067304262
484 -0.00151192005321
485 0.000673947101602
486 8.82532828154e-05
487 0.00112862162315
488 -0.000335682019189
489 -0.00115979489899
490 0.00147040505206
491 -0.00136674253151
492 0.000769902608017
493 0.000521218552049
494 -0.00101502774719
495 0.000580898383258
496 0.000883347592272
497 -0.00163702422039
498 -0.000368424991987
499 0.00108188468644
500 -0.00167055257974
501 0.00137607039306
502 0.000417752705882
503 -0.00165653214373
504 0.00273974810169
505 -0.00160550306536
506 -0.00212295940806
507 0.000972570266824
508 0.00147500562985
509 -0.000765659357274
510 -0.000261435373256
511 0.000193043274295
512 0.000143302120655
513 0.0
514 0.0
515 0.0
516 0.0
517 0.0
518 0.0
519 0.0
520 0.0
521 0.0
522 0.0
523 0.0
524 0.0
525 0.0
526 0.0
527 0.0
528 0.0
529 0.0
530 0.0
531 0.0
532 0.0
533 0.0
534 0.0
535 0.0
536 0.0
537 0.0
538 0.0
539 0.0
540 0.0
541 0.0
542 0.0
543 0.0
544 0.0
545 0.0
546 0.0
547 0.0
548 0.0
549 0.0
550 0.0
551 0.0
552 0.0
553 0.0
554 0.0
555 0.0
556 0.0
557 0.0
558 0.0
559 0.0
560 0.0
561 0.0
562 0.0
563 0.0
564 0.0
565 0.0
566 0.0
567 0.0
568 0.0
569 0.0
570 0.0
571 0.0
572 0.0
573 0.0
574 0.0
575 0.0
576 0.0
577 0.0
578 0.0
579 0.0
580 0.0
581 0.0
582 0.0
583 0.0
584 0.0
585 0.0
586 0.0
587 0.0
588 0.0
589 0.0
590 0.0
591 0.0
592 0.0
593 0.0
594 0.0
595 0.0
596 0.0
597 0.0
598 0.0
599 0.0
600 0.0
601 0.0
602 0.0
603 0.0
604 0.0
605 0.0
606 0.0
607 0.0
608 0.0
609 0.0
610 0.0
611 0.0
612 0.0
613 0.0
614 0.0
615 0.0
616 0.0
617 0.0
618 0.0
619 0.0
620 0.0
621 0.0
622 0.0
623 0.0
624 0.0
625 0.0
626 0.0
627 0.0
628 0.0
629 0.0
630 0.0
631 0.0
632 0.0
633 0.0
634 0.0
635 0.0
636 0.0
637 0.0
638 0.0
639 0.0
640 0.0
641 0.0
642 0.0
643 0.0
644 0.0
645 0.0
646 0.0
647 0.0
648 0.0
649 0.0
650 0.0
651 0.0
652 0.0
653 0.0
654 0.0
655 0.0
656 0.0
657 0.0
658 0.0
659 0.0
660 0.0
661 0.0
662 0.0
663 0.0
664 0.0
665 0.0
666 0.0
667 0.0
668 0.0
669 0.0
670 0.0
671 0.0
672 0.0
673 0.0
674 0.0
675 0.0
676 0.0
677 0.0
678 0.0
679 0.0
680 0.0
681 0.0
682 0.0
683 0.0
684 0.0
685 0.0
686 0.0
687 0.0
688 0.0
689 0.0
690 0.0
691 0.0
692 0.0
693 0.0
694 0.0
695 0.0
696 0.0
697 0.0
698 0.0
699 0.0
700 0.0
701 0.0
702 0.0
703 0.0
704 0.0
705 0.0
706 0.0
707 0.0
708 0.0
709 0.0
710 0.0
711 0.0
712 0.0
713 0.0
714 0.0
715 0.0
716 0.0
717 0.0
718 0.0
719 0.0
720 0.0
721 0.0
722 0.0
723 0.0
724 0.0
725 0.0
726 0.0
727 0.0
728 0.0
729 0.0
730 0.0
731 0.0
732 0.0
733 0.0
734 0.0
735 0.0
736 0.0
737 0.0
738 0.0
739 0.0
740 0.0
741 0.0
742 0.0
743 0.0
744 0.0
745 0.0
746 0.0
747 0.0
748 0.0
749 0.0
750 0.0
751 0.0
752 0.0
753 0.0
754 0.0
755 0.0
756 0.0
757 0.0
758 0.0
759 0.0
760 0.0
761 0.0
762 0.0
763 0.0
764 0.0
765 0.0
766 0.0
767 0.0
768 0.0
769 0.0
770 0.0
771 0.0
772 0.0
773 0.0
774 0.0
775 0.0
776 0.0
777 0.0
778 0.0
779 0.0
780 0.0
781 0.0
782 0.0
783 0.0
784 0.0
785 0.0
786 0.0
787 0.0
788 0.0
789 0.0
790 0.0
791 0.0
792 0.0
793 0.0
794 0.0
795 0.0
796 0.0
797 0.0
798 0.0
799 0.0
800 0.0
801 0.0
802 0.0
803 0.0
804 0.0
805 0.0
806 0.0
807 0.0
808 0.0
809 0.0
810 0.0
811 0.0
812 0.0
813 0.0
814 0.0
815 0.0
816 0.0
817 0.0
818 0.0
819 0.0
820 0.0
821 0.0
822 0.0
823 0.0
824 0.0
825 0.0
826 0.0
827 0.0
828 0.0
829 0.0
830 0.0
831 0.0
832 0.0
833 0.0
834 0.0
835 0.0
836 0.0
837 0.0
838 0.0
839 0.0
840 0.0
841 0.0
842 0.0
843 0.0
844 0.0
845 0.0
846 0.0
847 0.0
848 0.0
849 0.0
850 0.0
851 0.0
852 0.0
853 0.0
854 0.0
855 0.0
856 0.0
857 0.0
858 0.0
859 0.0
860 0.0
861 0.0
862 0.0
863 0.0
864 0.0
865 0.0
866 0.0
867 0.0
868 0.0
869 0.0
870 0.0
871 0.0
872 0.0
873 0.0
874 0.0
875 0.0
876 0.0
877 0.0
878 0.0
879 0.0
880 0.0
881 0.0
882 0.0
883 0.0
884 0.0
885 0.0
886 0.0
887 0.0
888 0.0
889 0.0
890 0.0
891 0.0
892 0.0
893 0.0
894 0.0
895 0.0
896 0.0
897 0.0
898 0.0
899 0.0
900 0.0
901 0.0
902 0.0
903 0.0
904 0.0
905 0.0
906 0.0
907 0.0
908 0.0
909 0.0
910 0.0
911 0.0
912 0.0
913 0.0
914 0.0
915 0.0
916 0.0
917 0.0
918 0.0
919 0.0
920 0.0
921 0.0
922 0.0
923 0.0
924 0.0
925 0.0
926 0.0
927 0.0
928 0.0
929 0.0
930 0.0
931 0.0
932 0.0
933 0.0
934 0.0
935 0.0
936 0.0
937 0.0
938 0.0
939 0.0
940 0.0
941 0.0
942 0.0
943 0.0
944 0.0
945 0.0
946 0.0
947 0.0
948 0.0
949 0.0
950 0.0
951 0.0
952 0.0
953 0.0
954 0.0
955 0.0
956 0.0
957 0.0
958 0.0
959 0.0
960 0.0
961 0.0
962 0.0
963 0.0
964 0.0
965 0.0
966 0.0
967 0.0
968 0.0
969 0.0
970 0.0
971 0.0
972 0.0
973 0.0
974 0.0
975 0.0
976 0.0
977 0.0
978 0.0
979 0.0
980 0.0
981 0.0
982 0.0
983 0.0
984 0.0
985 0.0
986 0.0
987 0.0
988 0.0
989 0.0
990 0.0
991 0.0
992 0.0
993 0.0
994 0.0
995 0.0
996 0.0
997 0.0
998 0.0
999 0.0
1000 0.0
1001 0.0
1002 0.0
1003 0.0
1004 0.0
1005 0.0
1006 0.0
1007 0.0
1008 0.0
1009 0.0
1010 0.0
1011 0.0
1012 0.0
1013 0.0
1014 0.0
1015 0.0
1016 0.0
1017 0.0
1018 0.0
1019 0.0
1020 0.0
1021 0.0
1022 0.0
1023 0.0
