-0.634743498155
0 0.0
1 0.0
2 0.0
3 -0.000223056207347
4 -0.000379324902753
5 -0.000312132745698
6 -0.000128982122568
7 0.000287155047279
8 0.000178985083016
9 -3.0011489618e-05
10 -0.00019039550862
11 0.000149441620496
12 4.08204817477e-05
13 1.5557196851e-05
14 -0.000130004214577
15 -0.000233496613842
16 9.6864863778e-05
17 8.0287773254e-05
18 -8.02982188949e-06
19 -8.27833062959e-06
20 -0.000100384993231
21 2.72330716737e-05
22 6.34508930035e-05
23 -7.97178996189e-05
24 -0.000119212905385
25 8.92456407132e-05
26 -1.82247469443e-05
27 -2.35976970408e-05
28 -3.07756891558e-05
29 3.60382801516e-05
30 7.09871058906e-05
31 4.12986623449e-05
32 -5.32208977679e-05
33 -0.000162772956086
34 0.000160315073503
35 -1.69590519308e-05
36 -8.80919148734e-05
37 -2.19979557399e-05
38 -1.19077797203e-05
39 -5.08693746674e-05
40 5.05128669181e-05
41 1.43476687072e-05
42 1.32580904521e-05
43 1.91250959584e-06
44 6.61261588732e-06
45 2.92958050311e-06
46 -1.32520637241e-05
47 -6.23235786949e-07
48 5.37448946631e-06
49 -1.0963346444e-05
50 1.55135774711e-05
51 7.23605233739e-06
52 -9.89442888882e-07
53 -1.22812315734e-05
54 7.28368736322e-07
55 1.64017126325e-05
56 1.78149366014e-06
57 1.52289770752e-05
58 4.31567040863e-05
59 1.94239621322e-05
60 1.67047863611e-06
61 -1.10277457382e-05
62 -1.7344883843e-05
63 -4.08767744158e-05
64 2.04610431518e-05
65 3.14517530763e-05
66 -1.35864628889e-05
67 -1.15360856795e-05
68 5.95479269363e-06
69 -1.78652041122e-05
70 3.11727034684e-06
71 1.0203397043e-05
72 -7.5756284154e-07
73 4.45364176112e-06
74 1.65235753496e-05
75 1.25667032211e-05
76 1.5452544821e-05
77 -6.15201453894e-06
78 -1.41676091356e-05
79 4.24593633333e-05
80 2.22575138125e-05
81 -1.95937491838e-05
82 -5.17152334515e-06
83 -3.41101084158e-05
84 -4.01325759207e-05
85 -1.52525277735e-05
86 5.55321886997e-05
87 4.03309328003e-05
88 -2.48082960157e-05
89 -2.53262282082e-05
90 1.87492178837e-05
91 1.97664206869e-05
92 -6.6245726001e-05
93 -1.90660048214e-05
94 -6.0101111178e-06
95 -3.86933154147e-06
96 -1.40503899701e-05
97 6.26267550001e-05
98 6.00665997447e-06
99 -4.6064482021e-05
100 -4.91286016943e-05
101 -4.0686964217e-06
102 4.73686030952e-05
103 5.83611674039e-05
104 2.44399715947e-05
105 1.5226544913e-05
106 -1.43728479623e-05
107 2.8168816525e-05
108 -3.59836286258e-05
109 4.98547223421e-05
110 4.93452510195e-05
111 -2.33107429684e-05
112 5.46922243139e-05
113 -5.92428625031e-06
114 -1.37540550459e-05
115 -1.53752332897e-05
116 2.41274637574e-05
117 2.49132675928e-05
118 -1.11822324561e-05
119 -4.47404878415e-05
120 -6.60511485852e-05
121 9.12077516683e-05
122 8.04267191276e-05
123 -1.87657657918e-05
124 5.17771974145e-05
125 2.52140608416e-06
126 8.40658896585e-05
127 -3.35926777771e-05
128 1.12944252189e-05
129 5.17153538269e-06
130 -1.08476334935e-05
131 1.89370249208e-05
132 2.36282116767e-06
133 -2.59167161896e-05
134 -5.73673718877e-06
135 7.55640843308e-06
136 1.29360315111e-05
137 6.04056060012e-05
138 1.39921128224e-05
139 -9.16082216184e-07
140 -4.76300135736e-05
141 3.19706294814e-05
142 4.35817856857e-05
143 1.61564469544e-05
144 9.9084665913e-06
145 -4.00384265859e-05
146 -3.09915855704e-05
147 3.55093217144e-05
148 -2.02582222788e-05
149 4.3879040429e-05
150 2.66653080876e-05
151 3.10751238594e-05
152 -1.49392078338e-05
153 1.13714020448e-05
154 3.31168149595e-05
155 8.47978898438e-06
156 -2.40369187737e-05
157 -1.48021676345e-05
158 -1.29091221366e-05
159 1.57895958486e-05
160 -1.93457170643e-05
161 1.74300358398e-05
162 3.47506865144e-05
163 3.86754268545e-05
164 -7.77455481168e-05
165 -5.08549258106e-05
166 2.85470613126e-05
167 -1.35798616812e-05
168 -3.89713166712e-05
169 8.28609397199e-05
170 6.6891073709e-05
171 2.28270430223e-05
172 -5.22473469348e-05
173 -6.33778042349e-05
174 -7.2896577471e-06
175 2.50639661418e-05
176 -3.61493915845e-05
177 -8.38732407727e-05
178 -8.52969805889e-05
179 -0.000134382583461
180 4.44492577408e-05
181 -1.06836917854e-05
182 2.33325605462e-05
183 -3.20320573105e-08
184 -5.83389084797e-05
185 -7.8433987591e-05
186 -9.58392903192e-05
187 -1.6737904738e-06
188 4.15702786493e-05
189 8.80094080927e-05
190 -8.84643848389e-07
191 3.32584748407e-06
192 -4.79251889762e-05
193 1.66845948007e-06
194 4.3142205486e-05
195 -2.28964216976e-06
196 3.99906858413e-05
197 -1.89184266382e-05
198 -4.59216812258e-05
199 7.92693661501e-05
200 2.1336862693e-05
201 2.08381404503e-05
202 -7.75455743846e-05
203 -3.40595483022e-05
204 -2.9128080558e-06
205 -4.48122237371e-05
206 4.1275035557e-06
207 1.30773156409e-05
208 8.65786585216e-06
209 -2.61245412342e-05
210 -9.86055762278e-05
211 6.63659022895e-05
212 2.38720452952e-06
213 -3.44602219758e-05
214 -5.5229102271e-05
215 6.1090623267e-05
216 4.43272752476e-05
217 -4.80769579641e-05
218 -2.8403738068e-05
219 2.93897243415e-05
220 -1.80269646061e-05
221 3.12593771712e-05
222 -5.90985608466e-06
223 -1.57816820864e-05
224 2.33084900201e-05
225 -3.34281411635e-05
226 -2.99129897831e-06
227 6.74132434361e-06
228 8.31467075955e-07
229 2.38340874203e-05
230 -2.83378229066e-05
231 -3.00152847426e-05
232 -5.67760587516e-06
233 4.32640241051e-05
234 6.2056995628e-06
235 -1.68753193995e-05
236 1.99704917396e-05
237 -3.5989550464e-06
238 3.0286639782e-05
239 -5.20981933044e-05
240 -2.32913360456e-05
241 -2.03253940111e-05
242 4.5876636255e-05
243 5.34663221791e-05
244 -1.40249962194e-05
245 -1.95957901669e-06
246 6.95821563915e-05
247 -5.36349311683e-07
248 -5.00532778324e-06
249 6.59151945095e-05
250 -6.85053963585e-05
251 -4.80348446891e-05
252 4.563979116e-05
253 2.24746307248e-05
254 5.2497778424e-06
255 2.53140664563e-05
256 1.57549327408e-05
257 -9.94146246375e-06
258 3.58703873642e-05
259 -1.69119795546e-05
260 1.48708595123e-05
261 -3.39592542604e-05
262 3.08442537893e-05
263 -4.26330487611e-05
264 -4.1870302421e-05
265 1.15531281617e-05
266 -4.40014859897e-05
267 -3.06655343403e-05
268 8.17634280281e-06
269 4.63446347662e-05
270 1.85217937027e-05
271 -7.19254670284e-05
272 2.88947158212e-05
273 1.22705101532e-05
274 4.06931267592e-05
275 -2.13661715162e-05
276 -4.48502995935e-06
277 1.72056788745e-05
278 2.7317659065e-05
279 -3.73951298226e-05
280 -5.6508319114e-05
281 -8.48072753094e-06
282 -4.23658566075e-05
283 4.30297034851e-05
284 1.06417901865e-05
285 -7.13281293479e-06
286 0.000101461983517
287 -2.44303829191e-05
288 -2.43936448899e-05
289 -7.49868360858e-08
290 4.80516862551e-05
291 -1.39807398825e-05
292 1.82355545198e-06
293 -1.22429244365e-05
294 -5.6071256581e-05
295 1.27896497683e-06
296 -1.36897478412e-05
297 -2.88155411242e-05
298 1.89432816379e-05
299 7.29276305442e-05
300 1.81729276213e-05
301 -2.28042026973e-05
302 5.42448581594e-06
303 2.47416622068e-05
304 1.51924696339e-05
305 -2.26635470183e-05
306 -7.24955207041e-06
307 -3.96285517037e-06
308 -9.48664488773e-06
309 1.37401727926e-06
310 3.62934868081e-06
311 -1.54334084756e-05
312 -1.57485013421e-05
313 -1.1687974186e-06
314 -7.18791090294e-06
315 -8.75741146507e-06
316 -1.11624521369e-05
317 -0.000117597527187
318 -3.85796200941e-05
319 -4.235735283e-06
320 -8.23108735633e-06
321 -9.63553328849e-05
322 -6.56910752118e-06
323 2.23268340755e-05
324 -2.66443868864e-05
325 0.0
326 0.0
327 0.0
328 0.0
329 0.0
330 0.0
331 0.0
332 0.0
333 0.0
334 0.0
335 0.0
336 0.0
337 0.0
338 0.0
339 0.0
340 0.0
341 0.0
342 0.0
343 0.0
344 0.0
345 0.0
346 0.0
347 0.0
348 0.0
349 0.0
350 0.0
351 0.0
352 0.0
353 0.0
354 0.0
355 0.0
356 0.0
357 0.0
358 0.0
359 0.0
360 0.0
361 0.0
362 0.0
363 0.0
364 0.0
365 0.0
366 0.0
367 0.0
368 0.0
369 0.0
370 0.0
371 0.0
372 0.0
373 0.0
374 0.0
375 0.0
376 0.0
377 0.0
378 0.0
379 0.0
380 0.0
381 0.0
382 0.0
383 0.0
384 0.0
385 0.0
386 0.0
387 0.0
388 0.0
389 0.0
390 0.0
391 0.0
392 0.0
393 0.0
394 0.0
395 0.0
396 0.0
397 0.0
398 0.0
399 0.0
400 0.0
401 0.0
402 0.0
403 0.0
404 0.0
405 0.0
406 0.0
407 0.0
408 0.0
409 0.0
410 0.0
411 0.0
412 0.0
413 0.0
414 0.0
415 0.0
416 0.0
417 0.0
418 0.0
419 0.0
420 0.0
421 0.0
422 0.0
423 0.0
424 0.0
425 0.0
426 0.0
427 0.0
428 0.0
429 0.0
430 0.0
431 0.0
432 0.0
433 0.0
434 0.0
435 0.0
436 0.0
437 0.0
438 0.0
439 0.0
440 0.0
441 0.0
442 0.0
443 0.0
444 0.0
445 0.0
446 0.0
447 0.0
448 0.0
449 0.0
450 0.0
451 0.0
452 0.0
453 0.0
454 0.0
455 0.0
456 0.0
457 0.0
458 0.0
459 0.0
460 0.0
461 0.0
462 0.0
463 0.0
464 0.0
465 0.0
466 0.0
467 0.0
468 0.0
469 0.0
470 0.0
471 0.0
472 0.0
473 0.0
474 0.0
475 0.0
476 0.0
477 0.0
478 0.0
479 0.0
480 0.0
481 0.0
482 0.0
483 0.0
484 0.0
485 0.0
486 0.0
487 0.0
488 0.0
489 0.0
490 0.0
491 0.0
492 0.0
493 0.0
494 0.0
495 0.0
496 0.0
497 0.0
498 0.0
499 0.0
500 0.0
501 0.0
502 0.0
503 0.0
504 0.0
505 0.0
506 0.0
507 0.0
508 0.0
509 0.0
510 0.0
511 0.0
512 0.0
513 0.0
514 0.0
515 0.0
516 0.0
517 0.0
518 0.0
519 0.0
520 0.0
521 0.0
522 0.0
523 0.0
524 0.0
525 0.0
526 0.0
527 0.0
528 0.0
529 0.0
530 0.0
531 0.0
532 0.0
533 0.0
534 0.0
535 0.0
536 0.0
537 0.0
538 0.0
539 0.0
540 0.0
541 0.0
542 0.0
543 0.0
544 0.0
545 0.0
546 0.0
547 0.0
548 0.0
549 0.0
550 0.0
551 0.0
552 0.0
553 0.0
554 0.0
555 0.0
556 0.0
557 0.0
558 0.0
559 0.0
560 0.0
561 0.0
562 0.0
563 0.0
564 0.0
565 0.0
566 0.0
567 0.0
568 0.0
569 0.0
570 0.0
571 0.0
572 0.0
573 0.0
574 0.0
575 0.0
576 0.0
577 0.0
578 0.0
579 0.0
580 0.0
581 0.0
582 0.0
583 0.0
584 0.0
585 0.0
586 0.0
587 0.0
588 0.0
589 0.0
590 0.0
591 0.0
592 0.0
593 0.0
594 0.0
595 0.0
596 0.0
597 0.0
598 0.0
599 0.0
600 0.0
601 0.0
602 0.0
603 0.0
604 0.0
605 0.0
606 0.0
607 0.0
608 0.0
609 0.0
610 0.0
611 0.0
612 0.0
613 0.0
614 0.0
615 0.0
616 0.0
617 0.0
618 0.0
619 0.0
620 0.0
621 0.0
622 0.0
623 0.0
624 0.0
625 0.0
626 0.0
627 0.0
628 0.0
629 0.0
630 0.0
631 0.0
632 0.0
633 0.0
634 0.0
635 0.0
636 0.0
637 0.0
638 0.0
639 0.0
640 0.0
641 0.0
642 0.0
643 0.0
644 0.0
645 0.0
646 0.0
647 0.0
648 0.0
649 0.0
650 0.0
651 0.0
652 0.0
653 0.0
654 0.0
655 0.0
656 0.0
657 0.0
658 0.0
659 0.0
660 0.0
661 0.0
662 0.0
663 0.0
664 0.0
665 0.0
666 0.0
667 0.0
668 0.0
669 0.0
670 0.0
671 0.0
672 0.0
673 0.0
674 0.0
675 0.0
676 0.0
677 0.0
678 0.0
679 0.0
680 0.0
681 0.0
682 0.0
683 0.0
684 0.0
685 0.0
686 0.0
687 0.0
688 0.0
689 0.0
690 0.0
691 0.0
692 0.0
693 0.0
694 0.0
695 0.0
696 0.0
697 0.0
698 0.0
699 0.0
700 0.0
701 0.0
702 0.0
703 0.0
704 0.0
705 0.0
706 0.0
707 0.0
708 0.0
709 0.0
710 0.0
711 0.0
712 0.0
713 0.0
714 0.0
715 0.0
716 0.0
717 0.0
718 0.0
719 0.0
720 0.0
721 0.0
722 0.0
723 0.0
724 0.0
725 0.0
726 0.0
727 0.0
728 0.0
729 0.0
730 0.0
731 0.0
732 0.0
733 0.0
734 0.0
735 0.0
736 0.0
737 0.0
738 0.0
739 0.0
740 0.0
741 0.0
742 0.0
743 0.0
744 0.0
745 0.0
746 0.0
747 0.0
748 0.0
749 0.0
750 0.0
751 0.0
752 0.0
753 0.0
754 0.0
755 0.0
756 0.0
757 0.0
758 0.0
759 0.0
760 0.0
761 0.0
762 0.0
763 0.0
764 0.0
765 0.0
766 0.0
767 0.0
768 0.0
769 0.0
770 0.0
771 0.0
772 0.0
773 0.0
774 0.0
775 0.0
776 0.0
777 0.0
778 0.0
779 0.0
780 0.0
781 0.0
782 0.0
783 0.0
784 0.0
785 0.0
786 0.0
787 0.0
788 0.0
789 0.0
790 0.0
791 0.0
792 0.0
793 0.0
794 0.0
795 0.0
796 0.0
797 0.0
798 0.0
799 0.0
800 0.0
801 0.0
802 0.0
803 0.0
804 0.0
805 0.0
806 0.0
807 0.0
808 0.0
809 0.0
810 0.0
811 0.0
812 0.0
813 0.0
814 0.0
815 0.0
816 0.0
817 0.0
818 0.0
819 0.0
820 0.0
821 0.0
822 0.0
823 0.0
824 0.0
825 0.0
826 0.0
827 0.0
828 0.0
829 0.0
830 0.0
831 0.0
832 0.0
833 0.0
834 0.0
835 0.0
836 0.0
837 0.0
838 0.0
839 0.0
840 0.0
841 0.0
842 0.0
843 0.0
844 0.0
845 0.0
846 0.0
847 0.0
848 0.0
849 0.0
850 0.0
851 0.0
852 0.0
853 0.0
854 0.0
855 0.0
856 0.0
857 0.0
858 0.0
859 0.0
860 0.0
861 0.0
862 0.0
863 0.0
864 0.0
865 0.0
866 0.0
867 0.0
868 0.0
869 0.0
870 0.0
871 0.0
872 0.0
873 0.0
874 0.0
875 0.0
876 0.0
877 0.0
878 0.0
879 0.0
880 0.0
881 0.0
882 0.0
883 0.0
884 0.0
885 0.0
886 0.0
887 0.0
888 0.0
889 0.0
890 0.0
891 0.0
892 0.0
893 0.0
894 0.0
895 0.0
896 0.0
897 0.0
898 0.0
899 0.0
900 0.0
901 0.0
902 0.0
903 0.0
904 0.0
905 0.0
906 0.0
907 0.0
908 0.0
909 0.0
910 0.0
911 0.0
912 0.0
913 0.0
914 0.0
915 0.0
916 0.0
917 0.0
918 0.0
919 0.0
920 0.0
921 0.0
922 0.0
923 0.0
924 0.0
925 0.0
926 0.0
927 0.0
928 0.0
929 0.0
930 0.0
931 0.0
932 0.0
933 0.0
934 0.0
935 0.0
936 0.0
937 0.0
938 0.0
939 0.0
940 0.0
941 0.0
942 0.0
943 0.0
944 0.0
945 0.0
946 0.0
947 0.0
948 0.0
949 0.0
950 0.0
951 0.0
952 0.0
953 0.0
954 0.0
955 0.0
956 0.0
957 0.0
958 0.0
959 0.0
960 0.0
961 0.0
962 0.0
963 0.0
964 0.0
965 0.0
966 0.0
967 0.0
968 0.0
969 0.0
970 0.0
971 0.0
972 0.0
973 0.0
974 0.0
975 0.0
976 0.0
977 0.0
978 0.0
979 0.0
980 0.0
981 0.0
982 0.0
983 0.0
984 0.0
985 0.0
986 0.0
987 0.0
988 0.0
989 0.0
990 0.0
991 0.0
992 0.0
993 0.0
994 0.0
995 0.0
996 0.0
997 0.0
998 0.0
999 0.0
1000 0.0
1001 0.0
1002 0.0
1003 0.0
1004 0.0
1005 0.0
1006 0.0
1007 0.0
1008 0.0
1009 0.0
1010 0.0
1011 0.0
1012 0.0
1013 0.0
1014 0.0
1015 0.0
1016 0.0
1017 0.0
1018 0.0
1019 0.0
1020 0.0
1021 0.0
1022 0.0
1023 0.0
