0.730407391892
0 0.0
1 0.0
2 -0.000143214086994
3 -0.000461613394377
4 -0.000403055130102
5 -0.000204780019071
6 -1.81094377931e-05
7 0.00032965339073
8 0.000202681184302
9 2.29476055834e-06
10 0.000104915200075
11 0.000348070731787
12 0.000138231826854
13 3.32826835253e-05
14 -0.000210245735288
15 -0.00027866617475
16 2.53993288585e-05
17 6.21831641512e-05
18 9.53349876958e-05
19 -1.58057372182e-05
20 -0.000221036855949
21 -0.000192161817666
22 6.89082338106e-05
23 -1.65527712985e-05
24 -0.000170181297014
25 3.0664750277e-05
26 -7.60702830944e-05
27 -4.14035317768e-05
28 1.89916112953e-05
29 8.63502148375e-05
30 2.09074824921e-05
31 -0.000133145131017
32 -0.0001240440679
33 -0.000413874954942
34 9.34588130971e-05
35 2.39673959491e-06
36 -9.67504226763e-05
37 -9.89678877907e-05
38 -7.62946037372e-05
39 -8.08183569453e-05
40 1.41737619364e-05
41 -1.35760793325e-05
42 5.08089109178e-05
43 -1.97439466742e-05
44 1.92619701366e-05
45 4.06485810827e-05
46 -1.33062163433e-05
47 -1.23762254901e-05
48 -7.63495266945e-06
49 -1.4419846783e-05
50 4.12235327947e-05
51 7.12225253641e-06
52 7.56559729969e-06
53 -1.29274444019e-05
54 1.80060631687e-05
55 1.30296202025e-05
56 6.23579360482e-06
57 2.80542801476e-05
58 5.58742455948e-05
59 1.33790295675e-05
60 8.41867722596e-06
61 -3.72470957705e-05
62 -4.55716669394e-06
63 -2.28737162694e-05
64 6.52519800425e-06
65 5.6929765924e-05
66 -4.04099690317e-05
67 -1.06838145799e-05
68 6.46321177704e-06
69 -2.84807178082e-05
70 1.3673943446e-05
71 1.2332530891e-05
72 -1.76654625645e-06
73 -2.08164804001e-06
74 4.38084489524e-05
75 3.06274086347e-05
76 5.47492009191e-06
77 -2.67327019801e-05
78 4.06393545311e-06
79 4.33027383813e-05
80 8.73739884737e-06
81 -1.77420110379e-06
82 2.29867827328e-05
83 -5.41056659985e-05
84 -1.13590573869e-05
85 -0.000104566642163
86 -2.30025295457e-05
87 2.72493353364e-05
88 7.14325284434e-05
89 5.06330664103e-05
90 4.65760191706e-05
91 -9.43725114871e-05
92 -0.000161731414715
93 -1.3430191332e-05
94 8.30573871051e-05
95 4.53936619329e-05
96 -2.12602708678e-05
97 9.07954304447e-05
98 -6.09325339634e-06
99 -4.04427853244e-05
100 3.12809349243e-05
101 -0.000116326387886
102 6.14368102149e-05
103 3.69330990488e-05
104 3.48590702691e-05
105 4.31009016884e-05
106 -2.40991928722e-05
107 1.54967088671e-05
108 -8.34588426924e-05
109 2.63703462534e-05
110 0.000114745625651
111 7.96484257792e-05
112 4.27620999399e-05
113 -6.91516281568e-05
114 -4.82469570165e-05
115 -2.38934127615e-07
116 7.83701557397e-05
117 7.25218173706e-05
118 -2.10380333558e-05
119 -4.53827074232e-05
120 -7.96732140806e-05
121 9.42197795261e-06
122 0.000228610770042
123 0.000102377780876
124 6.23478685618e-05
125 -0.000114493376974
126 0.000106334509241
127 -4.89164513034e-05
128 2.27757202793e-05
129 3.9535473742e-06
130 -1.29470629184e-05
131 -1.75105766982e-05
132 3.03094962964e-05
133 -4.09632986621e-05
134 4.48662625114e-05
135 -6.81036700326e-06
136 6.43290974933e-05
137 9.89480902667e-05
138 2.96639419971e-05
139 2.33823053723e-05
140 -0.000111960010305
141 6.23548621691e-05
142 4.94206902558e-05
143 5.6919261829e-05
144 6.36217875449e-05
145 -7.67434615114e-05
146 -5.9731733018e-05
147 5.95171815517e-07
148 -3.51301057148e-05
149 0.000119043670143
150 5.09819423613e-05
151 8.82359323128e-05
152 -4.32560894006e-05
153 -1.58384097181e-05
154 4.97587126555e-05
155 7.41999403244e-06
156 -2.28249529917e-05
157 1.26571514481e-05
158 -3.16362920062e-06
159 -2.45600328848e-05
160 -8.50109910869e-05
161 -4.60131287874e-05
162 1.35265522488e-05
163 -3.81328372006e-05
164 -2.86640800835e-05
165 -5.35177781586e-05
166 -2.18377033651e-05
167 9.09624595024e-05
168 -6.0033423857e-05
169 2.35867429028e-05
170 3.60359304413e-05
171 -5.51217762965e-05
172 6.14858257446e-05
173 -6.12526900024e-05
174 -0.000112698317034
175 0.000125184370045
176 -7.27954002017e-05
177 -0.000195720680893
178 -0.000257560382824
179 -0.000206817137934
180 -0.000166157652986
181 0.000104008792428
182 9.7263504219e-05
183 0.000133247600411
184 -5.46404834879e-05
185 9.41901821192e-05
186 -6.14980026782e-05
187 -1.84086392712e-05
188 1.04895874634e-05
189 0.000130183574882
190 9.53806902772e-05
191 -8.09235375349e-05
192 -3.69476919095e-05
193 3.76013066613e-05
194 -6.74200175003e-05
195 -0.000166552614706
196 9.45806091873e-05
197 8.48364198294e-05
198 -6.53379199202e-05
199 0.000139436900108
200 9.23181218447e-05
201 -8.64442203308e-06
202 -7.00611349063e-05
203 -2.69657969849e-05
204 6.18605143148e-05
205 -4.2012111542e-05
206 -0.000126213037793
207 2.13788261326e-05
208 -4.00884452091e-06
209 -1.24805816211e-07
210 -6.23493173763e-05
211 0.000164688780142
212 -7.5334042397e-05
213 1.57825341851e-05
214 -8.37956557479e-05
215 -1.37244700154e-05
216 2.09375895365e-05
217 -6.67874843548e-05
218 -2.61480058964e-05
219 7.75719263818e-05
220 -7.43073671652e-05
221 4.6442894051e-05
222 -7.81681134335e-06
223 -0.000128571480043
224 1.24897425576e-05
225 -4.60091900274e-05
226 3.79177874702e-05
227 -1.22560070957e-05
228 1.99459940097e-05
229 3.39372726292e-05
230 -5.73403160847e-05
231 -4.42539011662e-05
232 1.00950687675e-05
233 6.9515114143e-05
234 -1.06466496478e-05
235 -5.0348078222e-05
236 2.16587628511e-05
237 -4.5445321725e-05
238 3.02333357279e-05
239 -5.31376361757e-05
240 5.94533505495e-06
241 -7.00820384229e-05
242 7.78825213486e-05
243 8.58749033205e-05
244 1.42695262357e-05
245 3.20403226677e-05
246 7.45201586951e-05
247 7.93219541807e-06
248 5.70869018054e-06
249 0.000136459721654
250 -1.12002827402e-05
251 -0.000227414752475
252 9.6364849488e-05
253 -7.9337387111e-06
254 1.35069174137e-05
255 4.36658904928e-05
256 -1.48032284191e-05
257 1.82832554789e-05
258 5.66932913855e-05
259 3.75173212157e-06
260 0.000107110388067
261 -2.52085633965e-05
262 1.30501654246e-05
263 -1.71517362421e-05
264 -3.1618697585e-05
265 4.29566498053e-08
266 -7.15432395611e-05
267 -2.93937376829e-05
268 9.22985696353e-07
269 -6.1856199468e-05
270 2.0498947702e-05
271 0.000113171326356
272 7.38637504091e-05
273 8.1489710951e-05
274 9.26737112965e-05
275 3.69382733769e-06
276 -7.6132751178e-05
277 5.75677356147e-05
278 5.65874843773e-05
279 -4.21249280829e-05
280 -9.7877728624e-05
281 2.03853062566e-05
282 -0.000101104326781
283 0.000118940432613
284 -2.1108470288e-05
285 2.82773014611e-05
286 0.000138355774812
287 -1.56601887113e-05
288 -6.00925317384e-06
289 5.69987372878e-05
290 0.000137781416099
291 -0.000142515461105
292 0.000116362933104
293 9.58097609317e-06
294 -0.000163369877213
295 -4.53302967982e-05
296 -3.12626627711e-05
297 -1.85485427119e-05
298 0.000172167263906
299 0.000113824145258
300 1.24784261982e-05
301 -4.56920628918e-05
302 -3.04143684447e-05
303 1.39005894671e-05
304 8.12508478382e-05
305 3.8372456752e-05
306 1.76262101393e-05
307 1.1502726282e-05
308 -7.4285231425e-05
309 -3.63683598508e-05
310 -2.41529468689e-05
311 1.50026126533e-05
312 3.35277615949e-05
313 7.2131202482e-05
314 -1.98017465595e-05
315 1.91641291838e-05
316 -3.88670530849e-05
317 -0.000140335653941
318 -0.000114587380337
319 8.41935398028e-05
320 7.75498884537e-05
321 -0.000139863541008
322 7.55921848902e-05
323 9.53191380188e-05
324 -1.66580721414e-05
325 -1.57184487413e-05
326 -5.23511455665e-05
327 -8.54776280386e-05
328 8.32508830639e-05
329 -4.47124724981e-05
330 2.50359252462e-05
331 -5.44430082587e-05
332 -1.05999255603e-06
333 1.83820744505e-05
334 1.22477848233e-05
335 4.48165076342e-05
336 -8.77265625963e-05
337 -5.16649230914e-05
338 -3.01257947779e-05
339 -0.000143415187123
340 0.000136421502827
341 2.76862701934e-05
342 3.41807607542e-05
343 -3.28063394036e-06
344 0.000103816661115
345 8.64208968792e-05
346 -1.55556717704e-05
347 7.79617114525e-05
348 3.82635753613e-05
349 -8.44202069789e-05
350 -1.19785737144e-05
351 7.28086549656e-05
352 -0.00014548987272
353 1.63419523287e-05
354 3.70683675169e-05
355 5.25501718918e-05
356 -4.16730298708e-05
357 -0.000148658604201
358 9.22015357282e-05
359 3.65220126479e-05
360 -8.62544434039e-05
361 2.08168044143e-05
362 1.22846151856e-05
363 -5.65958136354e-05
364 -2.28861347014e-05
365 3.77670823526e-05
366 5.1988061568e-05
367 -1.82057098534e-05
368 -4.72784075623e-05
369 6.44886972148e-06
370 1.89978769021e-05
371 -2.64568608967e-05
372 4.31469174768e-06
373 -4.7756650817e-05
374 1.08053590817e-06
375 8.89187231615e-06
376 -2.67705167048e-05
377 -2.96654135859e-05
378 -3.69406852707e-05
379 3.4153013208e-05
380 5.09010008686e-06
381 4.97569898837e-05
382 5.02014370679e-05
383 5.36014226343e-05
384 3.68910405146e-05
385 -4.68852417691e-05
386 -3.38933032756e-06
387 -4.08278249652e-05
388 6.94095068554e-05
389 0.000185686791992
390 -7.6356475736e-05
391 4.81100460265e-05
392 -5.57984816862e-05
393 -9.40264779148e-05
394 3.87932289367e-05
395 -3.53648816955e-06
396 1.09651122611e-05
397 -5.05209319785e-05
398 0.000259500590132
399 0.000105721677128
400 -4.92987751986e-05
401 -5.56656720346e-05
402 3.16061383001e-05
403 8.12415051159e-05
404 -0.000138429564369
405 -3.15786124958e-05
406 -0.000148861284287
407 1.4624573776e-05
408 -2.48405420309e-06
409 0.000213245154587
410 -0.000194425170693
411 -0.000163196917466
412 -7.40109727005e-05
413 5.86163239612e-05
414 4.67576136007e-05
415 -0.000109911511704
416 0.000129068456913
417 7.63359557427e-05
418 -0.000100863822603
419 9.28399182761e-05
420 -5.11954173741e-05
421 -2.53119757155e-05
422 -3.8715847872e-05
423 3.30976699572e-05
424 -0.000190574532746
425 -0.000113083023474
426 -0.000106389719998
427 2.94786784036e-05
428 -4.75000167357e-05
429 9.46997112269e-05
430 0.000122370021082
431 -1.18746873455e-05
432 -0.000115718614488
433 9.24677063465e-06
434 1.91277680544e-05
435 -1.01958069602e-05
436 -4.27533786899e-05
437 -0.000180241705994
438 -7.3827288227e-05
439 1.32171698085e-05
440 -2.70170766473e-05
441 1.70767379424e-05
442 6.68187457673e-05
443 -1.06939781327e-05
444 3.95034584938e-05
445 0.000183608144607
446 -0.000125238938201
447 0.000123083745873
448 -8.67523461445e-05
449 0.00023551656217
450 -9.02185718435e-06
451 -0.000225699228917
452 -0.000242600429639
453 -0.000132267757694
454 -4.50650769633e-05
455 4.37295016923e-06
456 0.00028664205507
457 0.000148449423861
458 -0.000289723892823
459 -0.000293241366215
460 7.08437500502e-06
461 0.000113365060246
462 -3.76581382266e-06
463 -0.000105184946101
464 -0.000138474419443
465 0.000235703227549
466 -7.55884311106e-05
467 -0.000447291534798
468 -0.000211127864758
469 -4.04103057324e-05
470 -9.45774038728e-05
471 1.21261908036e-05
472 -0.000305949889765
473 6.77804219771e-05
474 -0.000316852769322
475 1.83181186728e-05
476 1.84362608831e-05
477 -2.53896480103e-05
478 -4.8075934664e-05
479 6.28931556043e-05
480 -0.000210894312776
481 -0.000166643653351
482 -0.00026519049364
483 4.16142209754e-05
484 -0.000281464431807
485 0.000182190531274
486 0.000186265436214
487 0.000331688593077
488 -4.52439654887e-05
489 -0.000258459329646
490 0.000141468440011
491 -0.000126299464434
492 0.000260103893019
493 0.000116753709346
494 -9.30289107881e-05
495 0.000115502759436
496 -5.57764865139e-05
497 -0.000396768420225
498 -0.000403717193528
499 5.3159895578e-05
500 -0.000156101691639
501 0.000234376225358
502 0.000307313810444
503 -5.6150544225e-05
504 0.000185115809262
505 -0.000893070430903
506 -0.000880113518873
507 0.000120508512046
508 0.000542759186571
509 5.93533145682e-05
510 -3.12635735938e-05
511 5.7556001436e-05
512 3.36843164759e-05
513 0.0
514 0.0
515 0.0
516 0.0
517 0.0
518 0.0
519 0.0
520 0.0
521 0.0
522 0.0
523 0.0
524 0.0
525 0.0
526 0.0
527 0.0
528 0.0
529 0.0
530 0.0
531 0.0
532 0.0
533 0.0
534 0.0
535 0.0
536 0.0
537 0.0
538 0.0
539 0.0
540 0.0
541 0.0
542 0.0
543 0.0
544 0.0
545 0.0
546 0.0
547 0.0
548 0.0
549 0.0
550 0.0
551 0.0
552 0.0
553 0.0
554 0.0
555 0.0
556 0.0
557 0.0
558 0.0
559 0.0
560 0.0
561 0.0
562 0.0
563 0.0
564 0.0
565 0.0
566 0.0
567 0.0
568 0.0
569 0.0
570 0.0
571 0.0
572 0.0
573 0.0
574 0.0
575 0.0
576 0.0
577 0.0
578 0.0
579 0.0
580 0.0
581 0.0
582 0.0
583 0.0
584 0.0
585 0.0
586 0.0
587 0.0
588 0.0
589 0.0
590 0.0
591 0.0
592 0.0
593 0.0
594 0.0
595 0.0
596 0.0
597 0.0
598 0.0
599 0.0
600 0.0
601 0.0
602 0.0
603 0.0
604 0.0
605 0.0
606 0.0
607 0.0
608 0.0
609 0.0
610 0.0
611 0.0
612 0.0
613 0.0
614 0.0
615 0.0
616 0.0
617 0.0
618 0.0
619 0.0
620 0.0
621 0.0
622 0.0
623 0.0
624 0.0
625 0.0
626 0.0
627 0.0
628 0.0
629 0.0
630 0.0
631 0.0
632 0.0
633 0.0
634 0.0
635 0.0
636 0.0
637 0.0
638 0.0
639 0.0
640 0.0
641 0.0
642 0.0
643 0.0
644 0.0
645 0.0
646 0.0
647 0.0
648 0.0
649 0.0
650 0.0
651 0.0
652 0.0
653 0.0
654 0.0
655 0.0
656 0.0
657 0.0
658 0.0
659 0.0
660 0.0
661 0.0
662 0.0
663 0.0
664 0.0
665 0.0
666 0.0
667 0.0
668 0.0
669 0.0
670 0.0
671 0.0
672 0.0
673 0.0
674 0.0
675 0.0
676 0.0
677 0.0
678 0.0
679 0.0
680 0.0
681 0.0
682 0.0
683 0.0
684 0.0
685 0.0
686 0.0
687 0.0
688 0.0
689 0.0
690 0.0
691 0.0
692 0.0
693 0.0
694 0.0
695 0.0
696 0.0
697 0.0
698 0.0
699 0.0
700 0.0
701 0.0
702 0.0
703 0.0
704 0.0
705 0.0
706 0.0
707 0.0
708 0.0
709 0.0
710 0.0
711 0.0
712 0.0
713 0.0
714 0.0
715 0.0
716 0.0
717 0.0
718 0.0
719 0.0
720 0.0
721 0.0
722 0.0
723 0.0
724 0.0
725 0.0
726 0.0
727 0.0
728 0.0
729 0.0
730 0.0
731 0.0
732 0.0
733 0.0
734 0.0
735 0.0
736 0.0
737 0.0
738 0.0
739 0.0
740 0.0
741 0.0
742 0.0
743 0.0
744 0.0
745 0.0
746 0.0
747 0.0
748 0.0
749 0.0
750 0.0
751 0.0
752 0.0
753 0.0
754 0.0
755 0.0
756 0.0
757 0.0
758 0.0
759 0.0
760 0.0
761 0.0
762 0.0
763 0.0
764 0.0
765 0.0
766 0.0
767 0.0
768 0.0
769 0.0
770 0.0
771 0.0
772 0.0
773 0.0
774 0.0
775 0.0
776 0.0
777 0.0
778 0.0
779 0.0
780 0.0
781 0.0
782 0.0
783 0.0
784 0.0
785 0.0
786 0.0
787 0.0
788 0.0
789 0.0
790 0.0
791 0.0
792 0.0
793 0.0
794 0.0
795 0.0
796 0.0
797 0.0
798 0.0
799 0.0
800 0.0
801 0.0
802 0.0
803 0.0
804 0.0
805 0.0
806 0.0
807 0.0
808 0.0
809 0.0
810 0.0
811 0.0
812 0.0
813 0.0
814 0.0
815 0.0
816 0.0
817 0.0
818 0.0
819 0.0
820 0.0
821 0.0
822 0.0
823 0.0
824 0.0
825 0.0
826 0.0
827 0.0
828 0.0
829 0.0
830 0.0
831 0.0
832 0.0
833 0.0
834 0.0
835 0.0
836 0.0
837 0.0
838 0.0
839 0.0
840 0.0
841 0.0
842 0.0
843 0.0
844 0.0
845 0.0
846 0.0
847 0.0
848 0.0
849 0.0
850 0.0
851 0.0
852 0.0
853 0.0
854 0.0
855 0.0
856 0.0
857 0.0
858 0.0
859 0.0
860 0.0
861 0.0
862 0.0
863 0.0
864 0.0
865 0.0
866 0.0
867 0.0
868 0.0
869 0.0
870 0.0
871 0.0
872 0.0
873 0.0
874 0.0
875 0.0
876 0.0
877 0.0
878 0.0
879 0.0
880 0.0
881 0.0
882 0.0
883 0.0
884 0.0
885 0.0
886 0.0
887 0.0
888 0.0
889 0.0
890 0.0
891 0.0
892 0.0
893 0.0
894 0.0
895 0.0
896 0.0
897 0.0
898 0.0
899 0.0
900 0.0
901 0.0
902 0.0
903 0.0
904 0.0
905 0.0
906 0.0
907 0.0
908 0.0
909 0.0
910 0.0
911 0.0
912 0.0
913 0.0
914 0.0
915 0.0
916 0.0
917 0.0
918 0.0
919 0.0
920 0.0
921 0.0
922 0.0
923 0.0
924 0.0
925 0.0
926 0.0
927 0.0
928 0.0
929 0.0
930 0.0
931 0.0
932 0.0
933 0.0
934 0.0
935 0.0
936 0.0
937 0.0
938 0.0
939 0.0
940 0.0
941 0.0
942 0.0
943 0.0
944 0.0
945 0.0
946 0.0
947 0.0
948 0.0
949 0.0
950 0.0
951 0.0
952 0.0
953 0.0
954 0.0
955 0.0
956 0.0
957 0.0
958 0.0
959 0.0
960 0.0
961 0.0
962 0.0
963 0.0
964 0.0
965 0.0
966 0.0
967 0.0
968 0.0
969 0.0
970 0.0
971 0.0
972 0.0
973 0.0
974 0.0
975 0.0
976 0.0
977 0.0
978 0.0
979 0.0
980 0.0
981 0.0
982 0.0
983 0.0
984 0.0
985 0.0
986 0.0
987 0.0
988 0.0
989 0.0
990 0.0
991 0.0
992 0.0
993 0.0
994 0.0
995 0.0
996 0.0
997 0.0
998 0.0
999 0.0
1000 0.0
1001 0.0
1002 0.0
1003 0.0
1004 0.0
1005 0.0
1006 0.0
1007 0.0
1008 0.0
1009 0.0
1010 0.0
1011 0.0
1012 0.0
1013 0.0
1014 0.0
1015 0.0
1016 0.0
1017 0.0
1018 0.0
1019 0.0
1020 0.0
1021 0.0
1022 0.0
1023 0.0
