1.94457293441
0 0.0
1 0.0
2 0.0
3 -0.000475976591149
4 -0.000682059880185
5 -0.000524644177286
6 -0.000194835370434
7 0.000326899685796
8 0.000159544196916
9 -7.33201500483e-05
10 -6.51731807394e-05
11 0.000358032033357
12 0.000122920104374
13 3.26877515738e-05
14 -0.000337067198241
15 -0.00027537124071
16 7.81087937094e-05
17 0.00011311620807
18 -2.12281641193e-05
19 8.33506137004e-06
20 -0.000165887096046
21 -5.15634616447e-05
22 4.04400182714e-05
23 -9.35823028098e-05
24 -0.000247957138651
25 2.94463181444e-05
26 8.88437186756e-06
27 -3.0903551859e-05
28 -1.60112772446e-05
29 0.000128431679015
30 6.44514050694e-05
31 9.81965992372e-06
32 -8.18124801901e-05
33 -0.000279642238932
34 0.000279096027982
35 7.81025953244e-05
36 -3.20378571951e-05
37 -0.000129941159487
38 -1.81707113885e-06
39 -0.000117188599009
40 0.000120765620276
41 -3.88484245037e-05
42 4.90902230527e-05
43 -2.26362346433e-05
44 -8.80508865302e-06
45 3.06006142077e-05
46 -2.3012017484e-05
47 -2.39441982939e-05
48 3.30779882159e-06
49 -1.41884604625e-05
50 5.78206826989e-05
51 3.61388467869e-06
52 6.51355864481e-06
53 -1.31756184528e-05
54 5.03049804571e-06
55 5.83610529738e-06
56 2.51241487724e-06
57 4.8089564153e-05
58 8.51818217734e-05
59 2.21938574316e-05
60 5.79243555369e-06
61 -2.72990931188e-05
62 -4.85904278158e-05
63 -4.63145411772e-05
64 1.44800507913e-05
65 7.80021459176e-05
66 -5.45069615232e-05
67 -1.5652653072e-05
68 1.50023047183e-05
69 -5.47431951747e-05
70 1.65737476034e-05
71 4.16644113431e-06
72 -1.69154579773e-05
73 2.50383724075e-05
74 1.37358073689e-05
75 2.17732585753e-05
76 1.85057791364e-06
77 -2.59893773013e-05
78 5.42721972622e-05
79 2.49024417116e-05
80 5.18043560409e-05
81 -3.82683227165e-05
82 -6.01315907424e-06
83 -0.000111476536581
84 4.19726665421e-06
85 -1.48077721035e-05
86 8.35907984381e-05
87 3.50612827864e-05
88 4.27956494503e-05
89 1.93658509527e-06
90 6.77841531753e-05
91 -0.000119801824894
92 -0.000122487151702
93 6.64084899981e-05
94 5.20946960697e-05
95 2.2213112549e-05
96 -8.04592233757e-05
97 0.00013386457051
98 1.6204067855e-05
99 -6.74147448383e-05
100 -0.000126967743352
101 -4.6718175622e-05
102 9.05216059381e-05
103 9.60656861521e-05
104 -3.2115232754e-05
105 6.31499069137e-05
106 -1.13966269574e-05
107 8.91737829266e-05
108 7.17956111119e-06
109 -2.15019785035e-05
110 0.000179848067076
111 -1.71345531238e-05
112 0.000163118450068
113 -2.95874774356e-05
114 -9.46090529634e-05
115 -5.76983628609e-05
116 2.75978111249e-05
117 0.000111098565859
118 -3.24740218273e-05
119 -6.70631095489e-05
120 -7.99596013081e-05
121 6.68874790116e-05
122 0.00028076404597
123 -2.483740024e-05
124 0.000169697044765
125 9.28180512612e-05
126 0.000210910666601
127 -5.95270946083e-05
128 9.51613907642e-05
129 -6.09033363462e-05
130 -7.93123315785e-05
131 -3.17823726718e-05
132 9.16045014864e-05
133 -0.000104925785332
134 0.000127375871892
135 -1.04886958598e-05
136 7.52492705492e-05
137 0.000150895597006
138 0.000108912434685
139 1.26929345973e-05
140 -0.000142756198598
141 1.93855407956e-05
142 6.38599812035e-05
143 0.000118845777605
144 6.58893915909e-05
145 -0.000111620758308
146 -2.8688917012e-05
147 6.86900093849e-05
148 -9.75795614123e-05
149 0.000207571334378
150 7.79237694072e-05
151 4.75881445977e-05
152 -4.97823521596e-05
153 6.69889117971e-06
154 0.000149849537519
155 -2.58269102857e-05
156 -4.68802436125e-05
157 4.73785623794e-05
158 -1.31988208422e-05
159 -0.000109437732945
160 -0.000109538482417
161 -0.00013146887834
162 4.50628067779e-05
163 7.77929529728e-05
164 -0.000103303037089
165 0.000153907608229
166 -1.65675999767e-05
167 8.85208080404e-05
168 -0.000121962059585
169 0.00014167115492
170 0.000158202838787
171 -0.000146936087224
172 5.25081155993e-05
173 -0.000173172455743
174 -6.4217556599e-05
175 0.000139912700947
176 -0.000124948141031
177 -0.000161387919797
178 -0.000329373052224
179 -0.000225036173795
180 -0.000138624235563
181 0.000102833426931
182 -1.67606417356e-05
183 0.000126785026443
184 5.83418880751e-06
185 8.8700946874e-05
186 -6.5495507762e-05
187 1.16366490517e-06
188 7.27648275518e-05
189 9.30177988557e-05
190 0.000159111956487
191 -6.41093955976e-05
192 -0.000144382900812
193 4.98743113997e-05
194 -0.000162974206508
195 -0.000166587015794
196 0.000125934649275
197 0.000222194831928
198 -0.000110191047274
199 0.000239430077456
200 6.04224030122e-05
201 4.43048271933e-05
202 -0.000184167058917
203 5.59443511551e-05
204 0.000150450013135
205 -0.000115081942668
206 -0.000143311574125
207 2.45467310023e-05
208 5.59832021854e-05
209 -6.87999333218e-05
210 -0.000168481312909
211 0.000170339019234
212 -2.65645707799e-05
213 -2.47513660621e-05
214 -0.00014795906733
215 5.50725533978e-05
216 0.000148071366234
217 -9.60213909804e-05
218 -3.2908808501e-05
219 0.000139354766
220 -0.000154053934324
221 3.23914955714e-05
222 -2.38420626488e-05
223 -5.69098023913e-05
224 0.000106190713536
225 -6.80697929052e-05
226 1.59055647649e-05
227 2.26175067033e-05
228 2.51911020242e-05
229 4.16231185271e-05
230 -7.63552444737e-05
231 -5.46825360823e-05
232 -9.71041291384e-05
233 0.000101741071192
234 -2.24400572473e-05
235 9.37969055411e-06
236 3.43224336583e-05
237 3.22337786324e-06
238 4.3854479102e-05
239 -0.000138181940566
240 -7.40386655429e-05
241 -5.2742283705e-05
242 8.56091490208e-05
243 -3.57983522286e-05
244 0.000107489243033
245 7.91822274551e-05
246 0.000126263570552
247 3.66884220949e-05
248 -4.12837463996e-05
249 0.000126345722452
250 -0.000153586412847
251 -0.000161805504392
252 0.000111431158785
253 -6.43642700815e-05
254 8.89099051028e-05
255 4.01302090788e-05
256 -7.32894065534e-05
257 1.36087153377e-05
258 5.0588432225e-06
259 2.20040402717e-05
260 6.31983382745e-05
261 -1.85998868254e-05
262 0.000117861172165
263 -0.000113034992602
264 -8.10015831814e-05
265 1.35105775684e-05
266 -6.65428726426e-05
267 -9.14019935479e-05
268 3.84755687389e-05
269 -4.50809117344e-05
270 4.49998345812e-05
271 0.000114477577069
272 8.17299740328e-05
273 8.41652129247e-05
274 0.000107780092943
275 7.58559391638e-05
276 -3.58831123665e-05
277 -2.50056384604e-05
278 -6.54837075747e-06
279 -9.94836800036e-07
280 -8.55289811787e-05
281 5.64924934024e-05
282 -8.14317681878e-05
283 7.64184944979e-05
284 -5.79998402068e-05
285 -1.81392225762e-05
286 0.000261173032193
287 -1.8583762977e-05
288 1.05389952127e-05
289 2.35895636003e-05
290 0.000133935865971
291 -0.000144478321421
292 8.54259819449e-05
293 2.31956591524e-05
294 -0.000276444465392
295 3.98197456048e-05
296 6.39797621364e-05
297 -5.93168778131e-05
298 0.000136572703391
299 5.18277812197e-05
300 2.47021734995e-06
301 -3.90160221962e-05
302 -2.71836456005e-05
303 -1.17179961666e-05
304 4.27553443313e-05
305 2.77626585895e-05
306 -1.16491326387e-05
307 1.40520168552e-05
308 -4.45027912253e-05
309 -2.34908415438e-05
310 -3.01091428529e-05
311 2.12388962152e-06
312 2.00240905342e-05
313 3.57292799982e-05
314 -1.43636661469e-06
315 -1.32057947454e-05
316 -1.27027191091e-05
317 -8.85925781906e-05
318 -4.67944105067e-05
319 4.50652865444e-05
320 5.01664359289e-05
321 -8.89859726972e-05
322 4.68956812978e-05
323 9.67842021037e-05
324 -4.06969126831e-06
325 -1.80507518224e-05
326 -3.91318346628e-05
327 -5.2636128346e-05
328 3.31844859878e-05
329 -1.30880812061e-05
330 -3.41960172464e-09
331 -4.18593579887e-05
332 8.70649580036e-06
333 7.09578309452e-06
334 2.40519444336e-05
335 4.22631637528e-05
336 -6.63727043979e-05
337 -7.09783879923e-05
338 -8.7527758762e-05
339 -0.000110904659749
340 7.93267875174e-05
341 -3.39745662206e-05
342 2.66611413653e-05
343 9.07198933365e-06
344 7.89837530744e-05
345 5.84866467019e-05
346 -9.4465622197e-06
347 7.11560787726e-05
348 2.30062384644e-05
349 -2.57124791577e-05
350 2.76751317113e-05
351 5.1007304476e-05
352 -9.58971883452e-05
353 4.07871944605e-06
354 4.72345037548e-06
355 3.16282727368e-05
356 -3.25204048775e-05
357 -9.50804772603e-05
358 6.7486869282e-05
359 2.32900733173e-05
360 -9.13153727052e-05
361 4.62522486575e-05
362 -3.82766288929e-06
363 -3.87016540325e-05
364 -7.32740944998e-06
365 -3.79045913786e-05
366 4.16162464869e-05
367 8.60563514005e-06
368 -3.87414361259e-05
369 -1.12948120607e-05
370 3.04423365285e-05
371 -4.29353131637e-05
372 -1.46426748199e-06
373 5.52055712289e-07
374 -2.65837957608e-06
375 2.40216619819e-05
376 -3.49896927026e-05
377 -1.46249638781e-05
378 -2.22297523364e-05
379 1.6738577909e-05
380 -1.78869532001e-05
381 1.50426750209e-05
382 2.72923423048e-05
383 4.78796722832e-05
384 3.99152088575e-05
385 -3.80730090834e-05
386 -3.43580013962e-05
387 -7.23747599972e-05
388 5.82113669799e-05
389 0.000114385990569
390 -5.27647919757e-05
391 5.62458580528e-05
392 -3.35314645248e-05
393 -8.72159792458e-05
394 3.27916114041e-05
395 -1.09218296927e-05
396 -2.10745891891e-05
397 -5.93096726115e-05
398 0.000203824525997
399 6.7615814302e-05
400 6.82206584844e-06
401 -3.21410075601e-05
402 8.22854459296e-05
403 8.41391057654e-05
404 -5.2195976297e-05
405 -1.65699274519e-05
406 -0.000148005721861
407 3.58714232338e-05
408 2.80504217146e-05
409 6.79528299832e-05
410 -0.000105827451185
411 -0.000102576274797
412 -1.93256915282e-05
413 7.84392721624e-05
414 2.10219445421e-05
415 -5.00866071884e-05
416 7.7708243154e-05
417 6.4513061907e-05
418 -9.13096592658e-05
419 7.29702769096e-05
420 -5.73009250616e-05
421 -3.80718674487e-05
422 -2.2902457095e-05
423 2.36051226678e-05
424 -7.76626415178e-05
425 -8.22041840637e-05
426 -7.82194276123e-05
427 3.74153704279e-05
428 -6.33762753343e-06
429 7.24706122619e-05
430 6.31323707848e-05
431 1.35161014377e-05
432 -0.000100090506892
433 -9.82685528964e-06
434 4.32204354797e-05
435 -3.20789335688e-05
436 -4.74272963174e-05
437 -0.000100823673282
438 -8.33311300855e-05
439 1.29111390982e-05
440 -1.28803940556e-05
441 9.33159555142e-05
442 9.74022092013e-05
443 -9.05189847132e-06
444 3.07790017052e-05
445 0.000123920187688
446 -0.000137889810385
447 1.99478055686e-05
448 -8.89069725832e-05
449 0.000132572348848
450 2.85595938532e-05
451 -6.35896147231e-05
452 -0.000174311334702
453 -8.01813851631e-05
454 -3.17262419882e-05
455 3.06916065175e-05
456 0.000194624418956
457 0.000111456330898
458 -0.000157509455041
459 -0.000170613364291
460 -2.61057374123e-05
461 0.000191046944188
462 -2.69942089559e-05
463 -6.56836508475e-05
464 -9.46102728271e-05
465 8.87138050168e-05
466 -8.91955277653e-05
467 -0.000240121757733
468 -0.000187682829709
469 6.78464404064e-05
470 2.00400518084e-05
471 -4.04685154598e-05
472 -0.000205550294873
473 9.33223827779e-05
474 -0.000164191787459
475 -8.65908932044e-05
476 5.10421505168e-05
477 -6.59900561071e-05
478 -3.98055275046e-05
479 6.64121516665e-05
480 -0.000292323043433
481 -6.01586260232e-05
482 -0.000139853589509
483 0.000101020156274
484 -1.33347864713e-05
485 0.00012672693898
486 8.24926692223e-06
487 7.04101226776e-05
488 4.98868793175e-05
489 -0.000127434299497
490 3.84577981815e-05
491 9.9482021638e-05
492 0.000191000244237
493 5.01432997274e-05
494 -9.70323227476e-06
495 7.11062138577e-05
496 5.74373789017e-06
497 -0.000287481374562
498 -0.000278363148219
499 5.79597151132e-05
500 -1.4611247554e-05
501 0.000141097651453
502 0.000215862723943
503 -1.74778400104e-06
504 0.000106737728145
505 -0.000802995823562
506 -0.000834588470154
507 7.19292782258e-05
508 0.000279927967043
509 2.8963687063e-06
510 3.75435162167e-05
511 -9.44153093487e-05
512 -4.45847786106e-05
513 0.000154212879805
514 2.14502626459e-06
515 0.000291611705129
516 9.13227031049e-05
517 -0.000734569183332
518 -0.000782951780016
519 -2.23544925822e-05
520 3.84282453529e-05
521 0.000235481045367
522 0.000264820493034
523 -7.75573217772e-05
524 5.14899922639e-05
525 -0.000304739046037
526 -0.000308132959942
527 7.44925315603e-05
528 9.90205146621e-05
529 4.07315293314e-05
530 0.000159151702334
531 0.000226362685705
532 4.41885505631e-05
533 8.33427261608e-05
534 -0.000221483030137
535 1.39795958753e-05
536 0.000128059723454
537 1.02703972973e-05
538 0.000135331605503
539 -5.68234430839e-05
540 9.1662168221e-05
541 -0.000168108641657
542 -5.48804783402e-05
543 -0.000248128602694
544 -2.88328651241e-05
545 1.25616526896e-05
546 -0.000100636299581
547 8.55841254045e-06
548 -5.98683732224e-05
549 -0.000131457661166
550 5.85782417011e-05
551 -0.000230276190576
552 3.7758903757e-05
553 -5.51473604036e-05
554 5.48842029649e-05
555 -0.000223200908842
556 -0.000281609008329
557 -0.000107300066456
558 0.000152288781766
559 -7.39614966469e-05
560 -0.000115465737258
561 -3.77087583165e-05
562 0.00016174405267
563 -6.34016743732e-05
564 -0.000193955033859
565 -0.00014942203155
566 0.000122920729011
567 0.000292119579941
568 0.000118934228737
569 -4.61661556145e-05
570 -8.94402745204e-05
571 -0.000231282250521
572 -5.84144021075e-05
573 -3.53497710379e-05
574 0.000194476801048
575 -8.49248174953e-05
576 1.61794203229e-05
577 -0.000132844148655
578 0.00016577331849
579 4.02176510398e-06
580 1.02392639572e-05
581 0.000114673480312
582 1.84554866617e-05
583 -4.25094355814e-05
584 1.77271546205e-05
585 -0.000119716637691
586 -0.000164819945146
587 -6.68359427671e-05
588 -3.06456572121e-05
589 7.11015780747e-05
590 -9.03093863902e-05
591 -0.000165832333338
592 -3.41659590507e-06
593 8.43895988229e-05
594 6.9860189487e-05
595 -2.0671859467e-05
596 -8.51306085483e-06
597 -7.5911878109e-05
598 -0.000105881313782
599 -8.9112483302e-05
600 1.47877122224e-05
601 -4.87382897363e-05
602 -1.41182621963e-05
603 -8.46476760468e-05
604 0.000113472287563
605 -0.000129947324727
606 6.45700734713e-05
607 0.000122537695227
608 -7.56243256427e-05
609 -1.26403457862e-05
610 9.6954915934e-05
611 -6.7650551915e-05
612 -0.000126282078841
613 -0.000167113159252
614 0.000105834468113
615 1.53956266324e-05
616 5.26497501749e-05
617 -0.000180158831468
618 -7.34394918491e-05
619 -6.44869677512e-05
620 0.000114344294515
621 6.28068428242e-05
622 -2.86443947533e-05
623 -1.6226640616e-05
624 8.96677068049e-05
625 0.000334522325717
626 -7.38956546535e-05
627 2.2562175291e-06
628 -3.18211429861e-05
629 5.51810333742e-05
630 -9.91675278164e-05
631 -6.14203233177e-05
632 0.000110662571946
633 -7.28980634292e-05
634 0.000201736311513
635 6.43524925361e-05
636 -9.2560606655e-05
637 -5.99863910058e-05
638 -3.57082052203e-05
639 7.98227557504e-05
640 6.53644202666e-05
641 5.8235678986e-05
642 2.33641542964e-05
643 -2.40747361793e-05
644 3.73529443722e-05
645 -3.21942812229e-05
646 -4.02195540049e-05
647 -5.68644521284e-05
648 3.87523117578e-05
649 -9.55679564462e-06
650 -1.167588621e-05
651 -1.0320116315e-05
652 -6.6445810891e-05
653 3.95029377822e-05
654 -3.09321314422e-06
655 -6.49155695177e-05
656 7.91806779753e-07
657 7.67901885348e-05
658 -2.79308480461e-05
659 -2.63779688287e-05
660 -5.98478162939e-05
661 1.13148219107e-05
662 7.58924555651e-05
663 -0.000138241379823
664 3.94993134351e-05
665 0.000103975086896
666 -0.00017062391868
667 -5.45171401486e-05
668 5.37279290583e-05
669 1.87026935403e-05
670 -3.63205632334e-06
671 -0.000158101316342
672 0.000117234217045
673 4.38110173367e-05
674 -6.7980610672e-05
675 6.68108866933e-05
676 0.000139997195689
677 -5.46206912642e-05
678 5.1460255519e-05
679 0.000134802757842
680 -2.74315413264e-05
681 3.32006128813e-05
682 -5.31968102099e-05
683 0.000159732904867
684 -0.000120798325798
685 -0.000118331504506
686 -5.13427261142e-05
687 -0.000105532562027
688 2.09513410559e-05
689 5.4537589916e-05
690 1.4993307687e-05
691 -6.16375097172e-06
692 -6.3029551353e-05
693 5.93035258501e-06
694 -2.09989497448e-05
695 7.60640451902e-05
696 -0.000103058117852
697 -7.76978319035e-05
698 -2.00977276979e-06
699 -4.52304915546e-07
700 0.000169627747398
701 6.00482299956e-05
702 -0.000139574353155
703 9.50283276228e-05
704 7.27949643346e-05
705 -0.000113335075867
706 -0.000200819949959
707 -3.37102982648e-05
708 1.16892549473e-05
709 6.61955979446e-06
710 7.46024698204e-05
711 8.1093481574e-05
712 1.82241085187e-05
713 -6.94073923571e-05
714 -3.49876000053e-05
715 -7.57746099147e-05
716 3.34119977031e-05
717 -5.77957487219e-07
718 2.84948074976e-05
719 7.12358771038e-05
720 -1.24752001272e-05
721 -2.87867999744e-05
722 -9.09464185072e-05
723 4.12685964602e-05
724 0.000129467937749
725 0.0
726 0.0
727 0.0
728 0.0
729 0.0
730 0.0
731 0.0
732 0.0
733 0.0
734 0.0
735 0.0
736 0.0
737 0.0
738 0.0
739 0.0
740 0.0
741 0.0
742 0.0
743 0.0
744 0.0
745 0.0
746 0.0
747 0.0
748 0.0
749 0.0
750 0.0
751 0.0
752 0.0
753 0.0
754 0.0
755 0.0
756 0.0
757 0.0
758 0.0
759 0.0
760 0.0
761 0.0
762 0.0
763 0.0
764 0.0
765 0.0
766 0.0
767 0.0
768 0.0
769 0.0
770 0.0
771 0.0
772 0.0
773 0.0
774 0.0
775 0.0
776 0.0
777 0.0
778 0.0
779 0.0
780 0.0
781 0.0
782 0.0
783 0.0
784 0.0
785 0.0
786 0.0
787 0.0
788 0.0
789 0.0
790 0.0
791 0.0
792 0.0
793 0.0
794 0.0
795 0.0
796 0.0
797 0.0
798 0.0
799 0.0
800 0.0
801 0.0
802 0.0
803 0.0
804 0.0
805 0.0
806 0.0
807 0.0
808 0.0
809 0.0
810 0.0
811 0.0
812 0.0
813 0.0
814 0.0
815 0.0
816 0.0
817 0.0
818 0.0
819 0.0
820 0.0
821 0.0
822 0.0
823 0.0
824 0.0
825 0.0
826 0.0
827 0.0
828 0.0
829 0.0
830 0.0
831 0.0
832 0.0
833 0.0
834 0.0
835 0.0
836 0.0
837 0.0
838 0.0
839 0.0
840 0.0
841 0.0
842 0.0
843 0.0
844 0.0
845 0.0
846 0.0
847 0.0
848 0.0
849 0.0
850 0.0
851 0.0
852 0.0
853 0.0
854 0.0
855 0.0
856 0.0
857 0.0
858 0.0
859 0.0
860 0.0
861 0.0
862 0.0
863 0.0
864 0.0
865 0.0
866 0.0
867 0.0
868 0.0
869 0.0
870 0.0
871 0.0
872 0.0
873 0.0
874 0.0
875 0.0
876 0.0
877 0.0
878 0.0
879 0.0
880 0.0
881 0.0
882 0.0
883 0.0
884 0.0
885 0.0
886 0.0
887 0.0
888 0.0
889 0.0
890 0.0
891 0.0
892 0.0
893 0.0
894 0.0
895 0.0
896 0.0
897 0.0
898 0.0
899 0.0
900 0.0
901 0.0
902 0.0
903 0.0
904 0.0
905 0.0
906 0.0
907 0.0
908 0.0
909 0.0
910 0.0
911 0.0
912 0.0
913 0.0
914 0.0
915 0.0
916 0.0
917 0.0
918 0.0
919 0.0
920 0.0
921 0.0
922 0.0
923 0.0
924 0.0
925 0.0
926 0.0
927 0.0
928 0.0
929 0.0
930 0.0
931 0.0
932 0.0
933 0.0
934 0.0
935 0.0
936 0.0
937 0.0
938 0.0
939 0.0
940 0.0
941 0.0
942 0.0
943 0.0
944 0.0
945 0.0
946 0.0
947 0.0
948 0.0
949 0.0
950 0.0
951 0.0
952 0.0
953 0.0
954 0.0
955 0.0
956 0.0
957 0.0
958 0.0
959 0.0
960 0.0
961 0.0
962 0.0
963 0.0
964 0.0
965 0.0
966 0.0
967 0.0
968 0.0
969 0.0
970 0.0
971 0.0
972 0.0
973 0.0
974 0.0
975 0.0
976 0.0
977 0.0
978 0.0
979 0.0
980 0.0
981 0.0
982 0.0
983 0.0
984 0.0
985 0.0
986 0.0
987 0.0
988 0.0
989 0.0
990 0.0
991 0.0
992 0.0
993 0.0
994 0.0
995 0.0
996 0.0
997 0.0
998 0.0
999 0.0
1000 0.0
1001 0.0
1002 0.0
1003 0.0
1004 0.0
1005 0.0
1006 0.0
1007 0.0
1008 0.0
1009 0.0
1010 0.0
1011 0.0
1012 0.0
1013 0.0
1014 0.0
1015 0.0
1016 0.0
1017 0.0
1018 0.0
1019 0.0
1020 0.0
1021 0.0
1022 0.0
1023 0.0
