-1.54761887406
0 1.09642636455e-05
1 -4.20019697294e-05
2 -9.26533794839e-06
3 -9.92874189874e-06
4 -3.71550930131e-05
5 2.57972245491e-05
6 2.09372298428e-05
7 8.02179697661e-06
8 -1.2834683859e-05
9 5.59675018301e-06
10 -7.92967163198e-06
11 4.42603755357e-05
12 -3.56408586019e-05
13 3.4850535893e-05
14 2.52446423964e-05
15 7.83000319956e-06
16 2.50716991215e-05
17 1.17684532661e-06
18 3.97300530435e-05
19 3.29597711163e-05
20 1.85501192628e-05
21 3.67853589305e-06
22 3.06945631907e-05
23 1.58527820056e-06
24 1.40992368711e-05
25 5.78308556103e-05
26 1.26945655693e-05
27 -3.16879006261e-07
28 2.1185334676e-05
29 1.08771732563e-05
30 -4.4461020554e-05
31 -6.55660592033e-05
32 3.9838260413e-06
33 -1.79629201065e-05
34 1.56316142746e-05
35 -5.37044366536e-05
36 -1.31199605169e-05
37 -1.61152971076e-05
38 -6.0931388644e-05
39 -7.82278009051e-05
40 -1.06894370129e-05
41 -1.89546953533e-05
42 -6.98568414788e-05
43 -0.000104815773788
44 -7.57527539522e-05
45 -0.000120747353417
46 2.63127735606e-05
47 -0.000132093453865
48 -0.000192815381235
49 -0.000201982577202
50 -8.77268184117e-05
51 2.18457230955e-05
52 1.14215386411e-05
53 -2.34606651276e-06
54 0.000108675327483
55 -2.15470321781e-05
56 3.85251240882e-06
57 0.000195962679604
58 5.65187541613e-05
59 1.90686451685e-05
60 9.0319632089e-05
61 0.000135931347715
62 5.74411401489e-05
63 3.62057297653e-05
64 5.53419502339e-05
65 9.06422562492e-05
66 2.28134296193e-05
67 -0.00010640626591
68 -2.26697261109e-06
69 -3.51126019419e-05
70 5.37227844895e-05
71 0.000125451495803
72 1.75388524704e-05
73 4.61390986512e-05
74 8.92236952393e-06
75 0.000145509473719
76 0.000213560382506
77 -7.30262336858e-06
78 1.72306059739e-05
79 0.000124467812419
80 -8.66002365104e-05
81 -6.20806881381e-05
82 -4.53748751907e-05
83 8.19772225906e-05
84 -7.45537796906e-05
85 -0.00021091752427
86 -5.06827193489e-05
87 5.50426347212e-05
88 8.74107849034e-06
89 -4.97363428303e-05
90 -7.63544088193e-05
91 -1.57128017576e-05
92 2.24955982439e-05
93 -9.77431142897e-05
94 1.79286203487e-05
95 0.000154420232365
96 4.07866751605e-06
97 1.08620921919e-05
98 0.000185454129075
99 1.21863015739e-05
100 4.86432147721e-05
101 -6.99215386742e-05
102 -0.000223082063928
103 -4.16127869398e-05
104 5.95207371409e-05
105 1.17288282074e-05
106 0.000157742250467
107 8.25265893147e-05
108 0.00021348971917
109 5.60072408165e-05
110 0.000136961033994
111 -6.26101049496e-05
112 -8.06063564812e-05
113 -0.00016114861806
114 -0.000113193847717
115 0.000377340809104
116 0.000217425786615
117 0.000247440291873
118 0.000245059053334
119 0.000252291906432
120 0.000306344674033
121 -8.57559231109e-05
122 -9.4401930061e-05
123 0.000172449650313
124 0.000222595153749
125 3.52978394877e-05
126 -1.14707311507e-06
127 8.30314247885e-05
128 3.68840716369e-05
129 -0.000101519482319
130 -5.23271751396e-05
131 0.000113899513435
132 0.00012590137379
133 -0.000230855092648
134 0.00101672748704
135 0.000199197301599
136 -0.000210322640119
137 -9.8474141005e-05
138 1.31109946909e-05
139 0.00041414836674
140 -0.000266415693891
141 -0.000152841482275
142 0.000135973488962
143 -0.000387431492197
144 0.000168027292181
145 -0.000344051214121
146 0.000164721205054
147 0.000290927385422
148 0.000736226441512
149 -0.000181155326276
150 -0.000116974148383
151 -0.000489247179557
152 3.73963882692e-07
153 -0.000130119396077
154 -1.41199490486e-05
155 -0.000202610753766
156 -0.000139527282005
157 4.95170912514e-05
158 -0.000875980301355
159 -0.000545367849802
160 -2.66922066272e-05
161 -0.000222300758023
162 1.02907030973e-06
163 -0.000209443988345
164 0.000106620063636
165 -0.000140423669543
166 -9.04721362682e-05
167 -0.000546811441541
168 0.000145169067454
169 -0.000215862046349
170 -0.000265318536678
171 0.000570721364721
172 -0.000225055096864
173 0.000267020036131
174 -7.7627868456e-05
175 -2.86360790127e-05
176 -0.000284566450368
177 0.000179891931005
178 0.000124047500917
179 2.03794014676e-05
180 0.000336048446168
181 -0.000221428143031
182 8.26697974018e-06
183 -0.00038188566106
184 -0.000460391248662
185 -0.000538184279931
186 7.2539230396e-06
187 -2.3546038128e-05
188 9.63202899315e-05
189 -0.000121245977399
190 9.4531656908e-05
191 -5.87700312914e-05
192 -0.000335169268969
193 -0.000339519068663
194 5.00048933659e-05
195 -0.000202991245547
196 -0.000237044095307
197 -0.000133572217036
198 -0.000335145900265
199 0.000395927681471
200 -1.2501056518e-05
201 -0.000101498180408
202 0.000374595850744
203 -0.000398181492044
204 -0.000501471666028
205 0.000124116079082
206 -0.00018093439162
207 3.74267548421e-05
208 -0.000343896428603
209 -1.95673395041e-05
210 1.23949001361e-05
211 -1.57452106789e-05
212 0.00035310913546
213 0.000221161298522
214 -0.00046131939533
215 -0.000557670234946
216 -0.000784751536769
217 -0.000169819329584
218 -5.85523956353e-05
219 0.000219601606554
220 0.000260581787714
221 0.000332210297263
222 -0.000746685767856
223 -0.000107106181045
224 -0.000249152399148
225 -0.000388820421825
226 0.000412737524538
227 0.000771227656164
228 -0.000413540468578
229 0.00074676524184
230 9.89221052585e-05
231 8.36767479895e-05
232 -0.000167623390251
233 -0.000490656234773
234 0.000225595417911
235 -0.000372298118579
236 -0.00029142125494
237 0.000763005910492
238 0.000226170919053
239 -6.01856862265e-05
240 0.000566034760777
241 1.77236363217e-05
242 0.000768546674524
243 -0.000536197594395
244 -0.000302275598132
245 -0.000650918332583
246 2.20493888145e-05
247 -0.000395807252877
248 -0.000110213310201
249 -1.12928527208e-05
250 0.000110827357563
251 -0.000178534204004
252 -0.000466631615664
253 -0.000616156095264
254 -0.000116253483305
255 -2.93156526857e-05
256 -3.34068286905e-05
257 5.31740397931e-05
258 -0.000252424611912
259 -0.000261885338912
260 -0.000465723749736
261 -0.000401909625512
262 0.000265126278866
263 -0.00024378594441
264 -0.00076764967778
265 -0.000442026139452
266 5.22204276809e-06
267 -0.000439545179551
268 -0.000101420250122
269 -0.000476726989146
270 0.000253003493017
271 0.00014790491542
272 0.000125240030467
273 0.000312588030689
274 -3.21951048026e-05
275 0.00042079254907
276 -0.000262283634557
277 -0.000426141225483
278 0.000405804365146
279 0.000160238860044
280 -0.000192361013076
281 0.000451525944431
282 0.000623083394946
283 0.00065527474833
284 -0.000802934387821
285 -0.000157996962524
286 0.000628398625056
287 -0.000363750119289
288 -1.04756607465e-05
289 -0.00126784151626
290 -0.000771915844154
291 -0.000500057945104
292 -0.000127146318734
293 -0.000762007517524
294 -0.000174356098693
295 -0.000632129936142
296 -0.00043586946987
297 -0.000173413075508
298 -0.000406231876508
299 2.96691771371e-05
300 0.000563088150203
301 -0.000680592247291
302 -0.000456157664559
303 -4.96265444256e-05
304 -0.000499729728819
305 -0.000247785207044
306 0.000257993642216
307 -0.000481877432798
308 -0.000412885150568
309 -0.0010999472143
310 0.000344720796768
311 1.49201408623e-05
312 9.77243324695e-05
313 0.00018483221008
314 -4.95226754274e-05
315 0.000761722199528
316 -0.000334736495809
317 9.85236216045e-06
318 -0.000136645185005
319 3.31789249042e-05
320 -0.000220047443772
321 0.000260443943552
322 5.30142647382e-06
323 -1.67563579753e-05
324 -6.62525385549e-05
325 0.000144751325726
326 -0.000178912943021
327 -0.000229555929688
328 -0.000655753860807
329 0.000109979723281
330 -0.000108333207177
331 4.91559617875e-06
332 -0.000309234209113
333 0.000263777127992
334 -0.000215857196213
335 5.86012019406e-05
336 -0.000357425023809
337 -3.16963106856e-05
338 -0.000127158555225
339 -6.55004331946e-06
340 -0.000190113364949
341 -0.000232870489764
342 8.683938128e-05
343 8.77505694633e-05
344 -0.000224953738445
345 -0.000207493066062
346 -0.000120390396643
347 0.000953043051063
348 0.000200587577485
349 -0.00018998922789
350 -0.00044785532698
351 9.91568707864e-05
352 -1.34667165745e-05
353 -0.000218956882222
354 -3.99025997242e-06
355 -0.000235882483374
356 -0.000173104059664
357 -0.000119319557322
358 -1.15698624892e-06
359 8.88718659425e-06
360 -5.72491896995e-05
361 1.91369499608e-06
362 -0.000105601038377
363 1.3663288643e-05
364 -0.000774311229624
365 -0.00014599810304
366 0.000315846823257
367 -0.000691742068614
368 2.24524402305e-05
369 -4.07211547274e-05
370 -4.45668024559e-05
371 -0.000360626970509
372 0.000347723187094
373 0.000995318918908
374 7.16146948548e-05
375 -0.000380269875467
376 -0.000261108569679
377 0.000206186212156
378 0.000467377442742
379 -0.00018549557773
380 0.000112755068738
381 0.00102043818289
382 0.000435144799639
383 6.95596627289e-06
384 0.000462619971196
385 -0.000194718320396
386 7.96152194447e-05
387 0.00036233093124
388 0.000490613545433
389 7.29696790089e-05
390 0.000652610919484
391 -0.000248786399679
392 0.000426699183668
393 -0.000211848318128
394 0.000232757677116
395 0.000758360334763
396 0.00134497115269
397 -0.000389715821428
398 -0.00158771425932
399 -0.000139609359789
400 0.000296914234928
401 0.000254036156849
402 -3.1439535538e-05
403 -0.000185809481406
404 -0.000231344969193
405 0.000556482590089
406 0.00060120756278
407 -0.000206012916959
408 -0.00038045539972
409 2.26782899695e-05
410 -0.000210000349187
411 -9.84140652071e-05
412 -1.24094340539e-05
413 -0.000458804618932
414 0.000453275197104
415 -2.58232924391e-05
416 -5.49240599871e-05
417 0.000786267753448
418 -3.75453691261e-05
419 9.0731983652e-05
420 0.000150533366851
421 -0.000427108572097
422 -0.000156337443692
423 2.25440702769e-05
424 -8.67316965669e-05
425 -8.10116435924e-05
426 -0.000185937911978
427 -0.000676630371825
428 -6.6681717686e-05
429 0.000344557489436
430 -0.000154911999623
431 -0.000138820364311
432 -4.84404499197e-05
433 0.000508729813718
434 0.000156672845619
435 0.00015925854669
436 0.000774449537487
437 0.000480607149055
438 3.67249140524e-05
439 2.68363510699e-06
440 1.02970026914e-05
441 0.000322191391222
442 0.000288265714294
443 1.3724595874e-05
444 0.000118803300178
445 -0.000477953071641
446 -4.840187777e-05
447 0.000927399400051
448 0.000242140489552
449 0.000219032051099
450 0.000399803052981
451 0.00051912524351
452 0.000271091719687
453 0.000163258972478
454 0.00042968106937
455 0.000667771253967
456 0.0002713096037
457 0.000256162073848
458 0.000825613010378
459 -1.92357809353e-05
460 8.16985075738e-06
461 -0.000154147835531
462 -0.000671003013461
463 -0.000730287123313
464 -0.000444376420717
465 -0.000262799418082
466 -0.000285587708965
467 -0.000156694208558
468 -0.0005183060116
469 -0.000481925906869
470 -0.000363750864745
471 0.000434049576682
472 -0.000443639555941
473 -0.00014066383272
474 -0.000593298736151
475 -0.000292970848188
476 0.000139165173304
477 0.000177490249497
478 0.0001953527335
479 -2.2933761924e-05
480 0.000153469678601
481 -6.17362291414e-05
482 -0.000304952519326
483 6.15720936932e-05
484 0.000184081626732
485 -0.00038570443876
486 0.000385187993274
487 0.000710189193152
488 0.000258903084403
489 2.30820327317e-05
490 6.40848316623e-05
491 7.72549645536e-05
492 0.000580771558919
493 0.00114491962201
494 0.000246388488076
495 -5.22188585041e-05
496 0.000108558451811
497 0.000640838539662
498 0.000699501875924
499 0.00115482693757
500 -0.00101744272739
501 0.000370325803615
502 5.31024370659e-05
503 0.000458251963003
504 -0.000543695567265
505 0.000705734024538
506 0.000278373024547
507 0.0016541726507
508 -0.00297250478259
509 -0.00774943079897
510 -0.000520820943921
511 -0.0015671508104
512 0.0
513 -0.0106768743748
514 0.00446267057772
515 -0.00124551813349
516 -0.00524211487775
517 0.0012952236902
518 0.000249945255818
519 0.000483902408005
520 -0.000255692587878
521 0.000332913810635
522 -0.000242325452978
523 0.00046125398653
524 -0.00083520549492
525 0.000771398681286
526 0.000697982763951
527 8.15962784129e-05
528 0.000107757052445
529 0.000556001928445
530 0.000348170720651
531 0.000787994509173
532 0.000310853109493
533 0.00020139662426
534 0.000240033156135
535 0.000184042718045
536 8.91235355131e-07
537 0.000538859371229
538 0.000184422297851
539 -3.8051930239e-05
540 0.000231569050508
541 0.000148906875656
542 -0.000490012660232
543 -0.000570553219073
544 0.000268750988385
545 -0.000265909928703
546 -0.00025835014718
547 -0.000649455374842
548 -0.000628466009752
549 -3.4648425337e-05
550 -0.000693218788298
551 -0.00040477155698
552 -0.000831481345175
553 0.000137852864635
554 3.38789298057e-05
555 -0.00103844113838
556 -0.000756920138953
557 -0.000832174048256
558 -1.12492740955e-05
559 -0.000762284928169
560 -0.000293295520767
561 -0.00023041763105
562 -0.000729355901813
563 0.000217595344426
564 1.3950811932e-05
565 -0.000199500823132
566 0.000733694855134
567 0.000213089227933
568 -5.70356488612e-05
569 0.000801643751173
570 0.000372207044039
571 2.14242963955e-05
572 0.000553123562644
573 0.000698771372324
574 0.000303748769874
575 0.000321493028711
576 0.000488395171312
577 0.000505211233996
578 -0.000106606173605
579 -0.00024579310901
580 5.54230672811e-05
581 -0.000143069900327
582 0.000140626884056
583 0.000431142567374
584 0.000286567100665
585 -5.54190810419e-05
586 8.05861328039e-05
587 0.000477070548165
588 0.000467991426164
589 4.02515386193e-05
590 0.000171241765665
591 0.00041439110036
592 -0.000420668218312
593 -0.000207550508676
594 -0.000203556990491
595 0.000432506035045
596 -7.30999919111e-05
597 -0.000877130472005
598 -0.000308812812222
599 0.000313256382688
600 0.000116314094284
601 -2.92615364438e-05
602 -9.34783843382e-05
603 -0.000174889360092
604 -6.3081161242e-05
605 -1.93257159733e-05
606 -0.000117393805452
607 0.000131701095654
608 0.000473124460599
609 -0.00010245115146
610 -0.000302161093259
611 -0.000154484748051
612 -0.000309489434756
613 -0.000132720568634
614 -0.000663851855559
615 -1.08771100894e-05
616 -0.000355935078699
617 0.000212882332816
618 0.000611156783958
619 0.000919885922385
620 -0.000681255821651
621 -0.000120214824961
622 -0.000492941657474
623 9.24929991529e-05
624 0.000127464810936
625 0.00070516068148
626 -6.17115942847e-06
627 -0.000705630458927
628 -0.000306152035344
629 0.000345760725474
630 -0.000147912668228
631 0.000238383151275
632 0.000162190196442
633 4.67690639159e-05
634 0.000237164437191
635 0.000190065894117
636 -1.11611125632e-05
637 0.000327020911015
638 0.000358653939279
639 1.79248105117e-05
640 0.000392020951592
641 5.76984977432e-05
642 0.000665432488199
643 0.000724733092316
644 0.000454118701935
645 -0.000182695042133
646 -0.00107760246466
647 -0.000181149083307
648 0.000729403958746
649 -0.000131778192786
650 0.000787294777894
651 0.00123504039639
652 0.000200390628932
653 -0.00039615697436
654 0.000505771310836
655 0.000759835924516
656 -0.000455120619969
657 -0.00026755136123
658 0.000721438217107
659 -0.000565797536101
660 -0.00218890157774
661 -0.000155277524224
662 -7.08526895621e-05
663 0.000473411370727
664 -0.000355309855379
665 -0.000414803108824
666 -0.000195998812526
667 -0.000567422508642
668 -7.03256505116e-05
669 -0.000378004144238
670 0.000528099751374
671 0.000102681970295
672 -0.000668838643925
673 -0.000805746941482
674 -0.000648571645396
675 -6.57755476667e-05
676 -1.48980807252e-06
677 0.000485756681345
678 -7.43535432456e-05
679 -0.000244417740837
680 0.000131664891058
681 -0.000268423993046
682 -6.44696066679e-06
683 -0.000543578686924
684 0.000155170326367
685 -0.000767462841461
686 -0.000240308201375
687 -0.000227077405231
688 3.45503488244e-05
689 0.000271191885215
690 -0.000328246262826
691 -9.28593075938e-06
692 -0.000352438754659
693 -0.000839627672485
694 -0.000438651936013
695 -0.000596234205781
696 -0.00103081732419
697 0.000670002610932
698 -0.000151830528704
699 -2.7430770669e-06
700 6.03304468636e-05
701 -0.000401594877867
702 1.11141768182e-05
703 -0.000319538966557
704 -0.000234950740977
705 8.97825637492e-05
706 0.000187934329647
707 -0.000378734638312
708 -0.000399769309466
709 -5.74430900948e-05
710 -0.000452838765603
711 0.000141619226552
712 -0.00039394441542
713 -8.93895714789e-05
714 0.000185684427823
715 -0.000517139023673
716 -0.000512567298255
717 -0.000885429364385
718 0.000867668788798
719 -3.18387987337e-05
720 -0.000565025520963
721 -0.000283025744704
722 0.000334768521163
723 -0.000902021499358
724 0.000297427179232
725 9.17092216744e-05
726 -0.000421732410368
727 -6.03222557155e-05
728 -0.000591123674773
729 7.26170725503e-05
730 -0.0003174522536
731 -0.000223132796308
732 -8.575437217e-05
733 0.000174710340098
734 -0.00101964755126
735 -5.26777881626e-05
736 0.000245737677936
737 -0.000561964075744
738 0.000643289656618
739 0.00029013962165
740 -0.000120544735299
741 0.000580920837111
742 0.0013883578795
743 -0.000801238763924
744 -0.00122310589636
745 1.65382079555e-05
746 0.000756083076339
747 -0.000466634705906
748 -0.000356025744963
749 0.000775035730066
750 0.000436875723142
751 -6.97677925536e-06
752 0.000391723483339
753 0.000219302940394
754 0.000251737639655
755 -0.000549019471357
756 -0.000465723638115
757 -0.000960847743124
758 0.000174267748576
759 -9.84802983848e-05
760 -0.000313358595782
761 -1.50990680898e-05
762 9.13281872384e-05
763 8.47875717088e-05
764 -0.000796043016994
765 -0.000344829280068
766 -0.000275222260973
767 9.21170722998e-05
768 8.75838353329e-05
769 -6.4688109049e-05
770 -0.000307260532518
771 -7.20076811905e-05
772 -0.000365833630506
773 -0.000460756353523
774 -6.94595754847e-06
775 -0.000405267597236
776 -0.000631361520569
777 -0.000303328230394
778 -8.75081767312e-05
779 -0.000610040036523
780 -5.55403324491e-05
781 -0.000312726063257
782 -4.75780861156e-05
783 0.000195409748458
784 0.000201445823476
785 0.000555342438427
786 0.000168885791925
787 0.000318149581855
788 9.27874198355e-05
789 -7.34100963843e-05
790 6.26137263203e-05
791 -0.000445181880424
792 -8.59676594263e-05
793 -0.000834308606333
794 0.000847293664143
795 0.000398113473941
796 -0.000177830206851
797 2.5152701135e-05
798 0.000520331166869
799 -0.000186580024009
800 -8.33789337223e-06
801 -0.000387519612712
802 -0.0005040734119
803 -0.000380916940877
804 -0.000278829734883
805 -0.000564224567609
806 0.000221492220392
807 -0.000151437337123
808 -0.000600459451877
809 4.88460151203e-05
810 -7.18555653356e-05
811 -0.000154823897407
812 0.000402307319992
813 -0.000288354516585
814 -0.000154650510099
815 -8.25282702752e-05
816 -0.00038531411058
817 -0.000155667832316
818 2.5453914056e-05
819 -0.000350951893446
820 -0.000411357494604
821 2.59190264797e-06
822 0.00016293482786
823 4.93107998374e-05
824 -0.000134805239549
825 0.000206086240898
826 -0.000200716144747
827 0.000373466300801
828 -0.000235770337272
829 0.000264304170107
830 -5.88470877863e-05
831 -3.83017101492e-05
832 -0.000241260107967
833 8.96252950954e-05
834 0.000174785275115
835 0.000109015229176
836 0.000150223145159
837 -2.19259421463e-05
838 -5.87088689126e-05
839 0.000264507498064
840 -0.000300588569764
841 -9.51032486132e-05
842 -0.000187997101512
843 -0.000319112225935
844 -6.44550326817e-05
845 5.27405494768e-05
846 -4.3394516698e-05
847 -0.000193511790854
848 1.28833929504e-05
849 0.000201143071902
850 -4.94458387198e-05
851 -0.000273372178917
852 -0.000107902775093
853 -8.24788149599e-06
854 7.21305044335e-05
855 0.000192462709941
856 9.06025694037e-05
857 -0.000344097107844
858 0.000110754229431
859 -0.000156106560097
860 0.000258601125078
861 -0.000131010709708
862 -9.60897929002e-05
863 -0.000134748319452
864 -0.000102077075484
865 -0.000216925282588
866 4.67774194364e-05
867 -3.35727481151e-05
868 -8.95960781103e-05
869 -5.41545320098e-05
870 -0.000210198592781
871 -7.91333471538e-05
872 -6.12142392508e-05
873 -0.000434885115163
874 -9.78025901157e-05
875 6.41717613804e-05
876 -0.000122280786334
877 -1.9011471593e-05
878 0.000242752859481
879 -8.27923542159e-05
880 4.09841949423e-05
881 6.56629907612e-05
882 -3.59926119021e-06
883 8.30148636615e-05
884 -0.000221292006565
885 0.000441148180758
886 0.000213960161527
887 9.60335392203e-05
888 0.000166777579875
889 -1.98196473626e-05
890 0.000175257876516
891 -0.000196100098863
892 -1.68671050934e-08
893 0.000178524109015
894 0.00010549165104
895 4.88972839711e-05
896 0.000224902077663
897 0.000158561475893
898 2.92955219865e-05
899 0.000136336642033
900 0.000196136073843
901 6.71770422677e-05
902 -4.49526284172e-07
903 7.00417628149e-05
904 0.000135433658795
905 6.33915769914e-05
906 0.000207737850249
907 7.79484129031e-05
908 -9.42629758162e-05
909 -0.000102570750259
910 0.000536746783189
911 -3.21049220324e-05
912 0.00023508881436
913 0.000107766716923
914 0.000188301790457
915 0.000164887427335
916 1.16433878057e-05
917 0.000206073199723
918 6.98118186087e-05
919 4.78647940251e-05
920 8.44834019062e-05
921 9.81521080832e-05
922 2.92752994962e-06
923 -1.71451581351e-05
924 -0.000103493309764
925 -0.000111298284829
926 7.5193176962e-05
927 5.46798696198e-05
928 -3.19554149886e-05
929 0.000309250462528
930 -4.75145766228e-05
931 5.5050876818e-05
932 -0.000125544487051
933 -9.54593564424e-05
934 -6.40911997366e-05
935 -4.5374166593e-05
936 -1.28206985627e-05
937 3.39985119785e-06
938 -5.25756022965e-05
939 -0.000194162848626
940 3.85757807418e-06
941 7.62918271009e-05
942 -6.03113407798e-05
943 -2.47341986702e-05
944 -5.35291385866e-05
945 8.29689273817e-05
946 5.13526315459e-05
947 4.68315250025e-05
948 0.000252442866375
949 0.000203522700034
950 6.41115102077e-05
951 3.62106918405e-05
952 3.71842197849e-05
953 0.000133607907767
954 8.00031421721e-05
955 1.86408723375e-05
956 3.86104215245e-05
957 -7.89771357438e-05
958 -1.14555727452e-05
959 9.02999848198e-05
960 2.86539880056e-05
961 9.65704288482e-05
962 8.19632837666e-05
963 8.58626970465e-05
964 3.25050973708e-05
965 2.62763949221e-05
966 4.9148790796e-05
967 7.6857096821e-05
968 2.84560912002e-05
969 3.4123299028e-05
970 0.000147052533589
971 -4.02007843566e-05
972 -1.45855882644e-05
973 -1.16006588141e-05
974 -4.91957304875e-05
975 -5.86982549076e-05
976 -6.84592749288e-05
977 -7.0072021784e-06
978 -6.19975658744e-05
979 -9.66927471524e-05
980 -8.6209360656e-05
981 -1.4378128394e-05
982 -8.65402603963e-06
983 -1.88276688382e-05
984 -5.12420796402e-06
985 -1.98831091264e-05
986 -0.0001277448946
987 2.09673005698e-06
988 -4.2646916753e-05
989 -7.58397737718e-05
990 2.07122641807e-05
991 -9.56584771753e-06
992 1.38480630306e-05
993 -3.39461373932e-05
994 -2.69252164464e-05
995 3.86117739448e-05
996 1.03910065697e-05
997 -2.56585406727e-05
998 3.16458730553e-05
999 4.28785925399e-05
1000 1.20938342731e-05
1001 1.51203204658e-05
1002 2.95042938632e-06
1003 1.35142377637e-05
1004 2.01864622094e-05
1005 -9.0539616641e-06
1006 1.53693078026e-05
1007 1.38195387066e-05
1008 1.51978976215e-05
1009 -1.37578726323e-05
1010 1.5203918325e-05
1011 3.91869286114e-05
1012 -1.74601665444e-05
1013 2.69826960802e-05
1014 -2.3233291049e-05
1015 3.64681054274e-05
1016 -3.04245509631e-05
1017 1.46347852977e-05
1018 1.93161026744e-05
1019 1.24605678017e-05
1020 -3.17127149242e-05
1021 -1.53920552801e-05
1022 -1.17339700691e-05
1023 -6.37031213162e-05
