-0.62134898646
0 0.0
1 0.0
2 -0.000134303192873
3 -0.000202357935995
4 -0.000362791840571
5 -0.000300062028496
6 -0.000125138066741
7 0.000288796020898
8 0.000179292877362
9 -2.07499812082e-05
10 -0.000183688649237
11 0.000152078423594
12 3.94748039719e-05
13 1.51719731306e-05
14 -0.00013107362586
15 -0.000228660495251
16 9.65155633491e-05
17 7.74442605137e-05
18 -8.44689857551e-06
19 -8.38114905799e-06
20 -0.000100523272436
21 2.91584483026e-05
22 6.25940202183e-05
23 -7.97901669193e-05
24 -0.000119456909019
25 9.35509582955e-05
26 -1.77661737329e-05
27 -2.3181347114e-05
28 -3.106278858e-05
29 3.34520954179e-05
30 7.14038043697e-05
31 4.3090521385e-05
32 -5.34110420213e-05
33 -0.00016060937993
34 0.000159733154809
35 -1.59357621507e-05
36 -8.85421211339e-05
37 -2.24385917432e-05
38 -1.07409839526e-05
39 -4.83716283586e-05
40 5.02782951596e-05
41 1.61145724051e-05
42 1.35500622899e-05
43 1.44973782634e-06
44 6.72851660168e-06
45 2.68176490932e-06
46 -1.31005411735e-05
47 -4.37400881292e-07
48 5.38804609944e-06
49 -1.12864930012e-05
50 1.58814122518e-05
51 7.24356623143e-06
52 -1.00009692699e-06
53 -1.24172043124e-05
54 7.59567096954e-07
55 1.6547343925e-05
56 1.9198350546e-06
57 1.49904302357e-05
58 4.3602969037e-05
59 1.94690279253e-05
60 1.41648802915e-06
61 -1.09290870328e-05
62 -1.76582887606e-05
63 -4.08142874715e-05
64 2.10890931049e-05
65 3.18116138822e-05
66 -1.37687960298e-05
67 -1.17553315291e-05
68 6.47111733564e-06
69 -1.82557808202e-05
70 2.96249316326e-06
71 1.04482363716e-05
72 -7.85493419757e-07
73 4.22653252437e-06
74 1.68232640092e-05
75 1.22869013399e-05
76 1.55910767038e-05
77 -5.89442358646e-06
78 -1.40451805965e-05
79 4.26928157903e-05
80 2.18559324675e-05
81 -1.97248238172e-05
82 -5.69160942888e-06
83 -3.47999420685e-05
84 -3.92542832065e-05
85 -1.4624913841e-05
86 5.42152650504e-05
87 4.06980137447e-05
88 -2.51508178738e-05
89 -2.52845151376e-05
90 1.81095718204e-05
91 2.03749458192e-05
92 -6.43754150357e-05
93 -1.90417204463e-05
94 -6.99095917077e-06
95 -3.581646656e-06
96 -1.4284519289e-05
97 6.29772005066e-05
98 5.4541142705e-06
99 -4.50366655437e-05
100 -4.98762153688e-05
101 -5.12425561773e-06
102 4.8131733138e-05
103 5.79473485696e-05
104 2.44029732553e-05
105 1.56326366271e-05
106 -1.40506433407e-05
107 2.80591875131e-05
108 -3.56073658084e-05
109 5.03723615215e-05
110 4.89856200914e-05
111 -2.35538015413e-05
112 5.58968718904e-05
113 -6.37547929471e-06
114 -1.41411642389e-05
115 -1.59903654016e-05
116 2.40564914296e-05
117 2.51827637976e-05
118 -1.10105296216e-05
119 -4.56828002298e-05
120 -6.57675658687e-05
121 9.22782793856e-05
122 8.17870644767e-05
123 -1.87215674345e-05
124 5.21440059617e-05
125 3.39696915979e-06
126 8.42826707461e-05
127 -3.45717799662e-05
128 1.20156454089e-05
129 4.54307200327e-06
130 -1.1061235525e-05
131 1.89420451789e-05
132 2.23194962307e-06
133 -2.58357407029e-05
134 -5.248099471e-06
135 7.14130222477e-06
136 1.29209944841e-05
137 6.14265097924e-05
138 1.44248589193e-05
139 -2.46200647176e-06
140 -4.67597719195e-05
141 3.2614047765e-05
142 4.29804373435e-05
143 1.52977109114e-05
144 9.62564956525e-06
145 -3.96911722413e-05
146 -3.13336242866e-05
147 3.71420076936e-05
148 -2.03143307209e-05
149 4.25085491636e-05
150 2.66365832587e-05
151 3.13208908783e-05
152 -1.46481869462e-05
153 1.15712849325e-05
154 3.33689253355e-05
155 6.53187017049e-06
156 -2.33549030781e-05
157 -1.56609997803e-05
158 -1.22305343244e-05
159 1.58320778543e-05
160 -1.96850021299e-05
161 1.73006795751e-05
162 3.5609109675e-05
163 3.9243413095e-05
164 -7.7487612828e-05
165 -5.09734247849e-05
166 2.70058870272e-05
167 -1.37104512079e-05
168 -3.87845360356e-05
169 8.36260888702e-05
170 6.54040495771e-05
171 2.23069893198e-05
172 -4.96638401837e-05
173 -6.2772061706e-05
174 -9.24721657105e-06
175 2.51862051531e-05
176 -3.54552741212e-05
177 -8.37863042196e-05
178 -8.33108808973e-05
179 -0.000133505129479
180 4.45647948577e-05
181 -1.13483342219e-05
182 2.15470439733e-05
183 -5.10763263599e-09
184 -5.698423874e-05
185 -7.90342416226e-05
186 -9.17969172299e-05
187 -1.80558355488e-06
188 4.12999139758e-05
189 8.98127903533e-05
190 -1.79526292512e-06
191 2.64613555994e-06
192 -4.74383309404e-05
193 2.14801539773e-06
194 4.20703790387e-05
195 -4.06915457579e-06
196 4.10118358801e-05
197 -1.87802036121e-05
198 -4.60513379081e-05
199 8.03162601024e-05
200 2.09984306383e-05
201 2.03129205105e-05
202 -7.82667332318e-05
203 -3.31836026898e-05
204 -2.95636672307e-06
205 -4.47829970842e-05
206 4.02299388637e-06
207 1.30573370149e-05
208 8.83221462086e-06
209 -2.67683278982e-05
210 -9.92609452716e-05
211 6.80966803859e-05
212 1.40484394008e-06
213 -3.36401934834e-05
214 -5.54933071109e-05
215 6.05598157532e-05
216 4.42844813697e-05
217 -4.85094457071e-05
218 -2.75616487141e-05
219 2.90649326908e-05
220 -1.75982175054e-05
221 3.10646515393e-05
222 -6.57237957039e-06
223 -1.57529696556e-05
224 2.40027874088e-05
225 -3.32938385111e-05
226 -3.26760245549e-06
227 6.92982608619e-06
228 6.75272961953e-07
229 2.38028395802e-05
230 -2.85698902832e-05
231 -2.92810656106e-05
232 -5.42415992568e-06
233 4.22354471215e-05
234 6.23745131907e-06
235 -1.64371189821e-05
236 2.04361231316e-05
237 -3.9764334246e-06
238 3.00061688408e-05
239 -5.20394284347e-05
240 -2.22401191842e-05
241 -2.00233136243e-05
242 4.4843707011e-05
243 5.30084392786e-05
244 -1.47348766624e-05
245 -1.41242195501e-06
246 6.87047037134e-05
247 1.29400867951e-06
248 -5.27611597907e-06
249 6.44864460432e-05
250 -6.72033357142e-05
251 -4.70474444773e-05
252 4.50252983889e-05
253 2.16230148111e-05
254 5.98132070048e-06
255 2.48133710193e-05
256 1.46472665848e-05
257 -9.22636825577e-06
258 3.61378185669e-05
259 -1.73055145248e-05
260 1.52159853945e-05
261 -3.31567575112e-05
262 3.07852417581e-05
263 -4.27472152726e-05
264 -4.21376478321e-05
265 1.01131782404e-05
266 -4.4470366958e-05
267 -2.95772695882e-05
268 8.25726380044e-06
269 4.71164305525e-05
270 1.88046711861e-05
271 -7.30590034637e-05
272 2.86326217764e-05
273 1.2183765543e-05
274 4.0540350444e-05
275 -2.13699607481e-05
276 -4.67621939758e-06
277 1.67611565076e-05
278 2.78549135071e-05
279 -3.69598219406e-05
280 -5.69743406555e-05
281 -8.32730863521e-06
282 -4.15435894731e-05
283 4.33737610221e-05
284 9.63052267669e-06
285 -7.02605570256e-06
286 0.000101685804526
287 -2.4631515511e-05
288 -2.42450872107e-05
289 -3.93624436344e-08
290 4.76765849747e-05
291 -1.41509185212e-05
292 2.6741148819e-06
293 -1.22147097935e-05
294 -5.57292352695e-05
295 1.09793061778e-06
296 -1.31368927776e-05
297 -2.86524366662e-05
298 1.92230089064e-05
299 7.25099559846e-05
300 1.85622779275e-05
301 -2.23147079298e-05
302 6.02776621289e-06
303 2.46660327291e-05
304 1.62292774471e-05
305 -2.31116248704e-05
306 -6.44268627426e-06
307 -4.30873384122e-06
308 -9.95890181094e-06
309 9.02435927348e-07
310 3.46497844873e-06
311 -1.59497382144e-05
312 -1.52037146597e-05
313 -5.10840638766e-07
314 -7.72989985997e-06
315 -9.42726810562e-06
316 -1.09942062478e-05
317 -0.000117159648707
318 -3.96161786385e-05
319 -4.7905627499e-06
320 -7.3127788537e-06
321 -9.54289998413e-05
322 -6.20736005169e-06
323 2.21656499538e-05
324 -2.7621965326e-05
325 0.0
326 0.0
327 0.0
328 0.0
329 0.0
330 0.0
331 0.0
332 0.0
333 0.0
334 0.0
335 0.0
336 0.0
337 0.0
338 0.0
339 0.0
340 0.0
341 0.0
342 0.0
343 0.0
344 0.0
345 0.0
346 0.0
347 0.0
348 0.0
349 0.0
350 0.0
351 0.0
352 0.0
353 0.0
354 0.0
355 0.0
356 0.0
357 0.0
358 0.0
359 0.0
360 0.0
361 0.0
362 0.0
363 0.0
364 0.0
365 0.0
366 0.0
367 0.0
368 0.0
369 0.0
370 0.0
371 0.0
372 0.0
373 0.0
374 0.0
375 0.0
376 0.0
377 0.0
378 0.0
379 0.0
380 0.0
381 0.0
382 0.0
383 0.0
384 0.0
385 0.0
386 0.0
387 0.0
388 0.0
389 0.0
390 0.0
391 0.0
392 0.0
393 0.0
394 0.0
395 0.0
396 0.0
397 0.0
398 0.0
399 0.0
400 0.0
401 0.0
402 0.0
403 0.0
404 0.0
405 0.0
406 0.0
407 0.0
408 0.0
409 0.0
410 0.0
411 0.0
412 0.0
413 0.0
414 0.0
415 0.0
416 0.0
417 0.0
418 0.0
419 0.0
420 0.0
421 0.0
422 0.0
423 0.0
424 0.0
425 0.0
426 0.0
427 0.0
428 0.0
429 0.0
430 0.0
431 0.0
432 0.0
433 0.0
434 0.0
435 0.0
436 0.0
437 0.0
438 0.0
439 0.0
440 0.0
441 0.0
442 0.0
443 0.0
444 0.0
445 0.0
446 0.0
447 0.0
448 0.0
449 0.0
450 0.0
451 0.0
452 0.0
453 0.0
454 0.0
455 0.0
456 0.0
457 0.0
458 0.0
459 0.0
460 0.0
461 0.0
462 0.0
463 0.0
464 0.0
465 0.0
466 0.0
467 0.0
468 0.0
469 0.0
470 0.0
471 0.0
472 0.0
473 0.0
474 0.0
475 0.0
476 0.0
477 0.0
478 0.0
479 0.0
480 0.0
481 0.0
482 0.0
483 0.0
484 0.0
485 0.0
486 0.0
487 0.0
488 0.0
489 0.0
490 0.0
491 0.0
492 0.0
493 0.0
494 0.0
495 0.0
496 0.0
497 0.0
498 0.0
499 0.0
500 0.0
501 0.0
502 0.0
503 0.0
504 0.0
505 0.0
506 0.0
507 0.0
508 0.0
509 0.0
510 0.0
511 0.0
512 0.0
513 0.0
514 0.0
515 0.0
516 0.0
517 0.0
518 0.0
519 0.0
520 0.0
521 0.0
522 0.0
523 0.0
524 0.0
525 0.0
526 0.0
527 0.0
528 0.0
529 0.0
530 0.0
531 0.0
532 0.0
533 0.0
534 0.0
535 0.0
536 0.0
537 0.0
538 0.0
539 0.0
540 0.0
541 0.0
542 0.0
543 0.0
544 0.0
545 0.0
546 0.0
547 0.0
548 0.0
549 0.0
550 0.0
551 0.0
552 0.0
553 0.0
554 0.0
555 0.0
556 0.0
557 0.0
558 0.0
559 0.0
560 0.0
561 0.0
562 0.0
563 0.0
564 0.0
565 0.0
566 0.0
567 0.0
568 0.0
569 0.0
570 0.0
571 0.0
572 0.0
573 0.0
574 0.0
575 0.0
576 0.0
577 0.0
578 0.0
579 0.0
580 0.0
581 0.0
582 0.0
583 0.0
584 0.0
585 0.0
586 0.0
587 0.0
588 0.0
589 0.0
590 0.0
591 0.0
592 0.0
593 0.0
594 0.0
595 0.0
596 0.0
597 0.0
598 0.0
599 0.0
600 0.0
601 0.0
602 0.0
603 0.0
604 0.0
605 0.0
606 0.0
607 0.0
608 0.0
609 0.0
610 0.0
611 0.0
612 0.0
613 0.0
614 0.0
615 0.0
616 0.0
617 0.0
618 0.0
619 0.0
620 0.0
621 0.0
622 0.0
623 0.0
624 0.0
625 0.0
626 0.0
627 0.0
628 0.0
629 0.0
630 0.0
631 0.0
632 0.0
633 0.0
634 0.0
635 0.0
636 0.0
637 0.0
638 0.0
639 0.0
640 0.0
641 0.0
642 0.0
643 0.0
644 0.0
645 0.0
646 0.0
647 0.0
648 0.0
649 0.0
650 0.0
651 0.0
652 0.0
653 0.0
654 0.0
655 0.0
656 0.0
657 0.0
658 0.0
659 0.0
660 0.0
661 0.0
662 0.0
663 0.0
664 0.0
665 0.0
666 0.0
667 0.0
668 0.0
669 0.0
670 0.0
671 0.0
672 0.0
673 0.0
674 0.0
675 0.0
676 0.0
677 0.0
678 0.0
679 0.0
680 0.0
681 0.0
682 0.0
683 0.0
684 0.0
685 0.0
686 0.0
687 0.0
688 0.0
689 0.0
690 0.0
691 0.0
692 0.0
693 0.0
694 0.0
695 0.0
696 0.0
697 0.0
698 0.0
699 0.0
700 0.0
701 0.0
702 0.0
703 0.0
704 0.0
705 0.0
706 0.0
707 0.0
708 0.0
709 0.0
710 0.0
711 0.0
712 0.0
713 0.0
714 0.0
715 0.0
716 0.0
717 0.0
718 0.0
719 0.0
720 0.0
721 0.0
722 0.0
723 0.0
724 0.0
725 0.0
726 0.0
727 0.0
728 0.0
729 0.0
730 0.0
731 0.0
732 0.0
733 0.0
734 0.0
735 0.0
736 0.0
737 0.0
738 0.0
739 0.0
740 0.0
741 0.0
742 0.0
743 0.0
744 0.0
745 0.0
746 0.0
747 0.0
748 0.0
749 0.0
750 0.0
751 0.0
752 0.0
753 0.0
754 0.0
755 0.0
756 0.0
757 0.0
758 0.0
759 0.0
760 0.0
761 0.0
762 0.0
763 0.0
764 0.0
765 0.0
766 0.0
767 0.0
768 0.0
769 0.0
770 0.0
771 0.0
772 0.0
773 0.0
774 0.0
775 0.0
776 0.0
777 0.0
778 0.0
779 0.0
780 0.0
781 0.0
782 0.0
783 0.0
784 0.0
785 0.0
786 0.0
787 0.0
788 0.0
789 0.0
790 0.0
791 0.0
792 0.0
793 0.0
794 0.0
795 0.0
796 0.0
797 0.0
798 0.0
799 0.0
800 0.0
801 0.0
802 0.0
803 0.0
804 0.0
805 0.0
806 0.0
807 0.0
808 0.0
809 0.0
810 0.0
811 0.0
812 0.0
813 0.0
814 0.0
815 0.0
816 0.0
817 0.0
818 0.0
819 0.0
820 0.0
821 0.0
822 0.0
823 0.0
824 0.0
825 0.0
826 0.0
827 0.0
828 0.0
829 0.0
830 0.0
831 0.0
832 0.0
833 0.0
834 0.0
835 0.0
836 0.0
837 0.0
838 0.0
839 0.0
840 0.0
841 0.0
842 0.0
843 0.0
844 0.0
845 0.0
846 0.0
847 0.0
848 0.0
849 0.0
850 0.0
851 0.0
852 0.0
853 0.0
854 0.0
855 0.0
856 0.0
857 0.0
858 0.0
859 0.0
860 0.0
861 0.0
862 0.0
863 0.0
864 0.0
865 0.0
866 0.0
867 0.0
868 0.0
869 0.0
870 0.0
871 0.0
872 0.0
873 0.0
874 0.0
875 0.0
876 0.0
877 0.0
878 0.0
879 0.0
880 0.0
881 0.0
882 0.0
883 0.0
884 0.0
885 0.0
886 0.0
887 0.0
888 0.0
889 0.0
890 0.0
891 0.0
892 0.0
893 0.0
894 0.0
895 0.0
896 0.0
897 0.0
898 0.0
899 0.0
900 0.0
901 0.0
902 0.0
903 0.0
904 0.0
905 0.0
906 0.0
907 0.0
908 0.0
909 0.0
910 0.0
911 0.0
912 0.0
913 0.0
914 0.0
915 0.0
916 0.0
917 0.0
918 0.0
919 0.0
920 0.0
921 0.0
922 0.0
923 0.0
924 0.0
925 0.0
926 0.0
927 0.0
928 0.0
929 0.0
930 0.0
931 0.0
932 0.0
933 0.0
934 0.0
935 0.0
936 0.0
937 0.0
938 0.0
939 0.0
940 0.0
941 0.0
942 0.0
943 0.0
944 0.0
945 0.0
946 0.0
947 0.0
948 0.0
949 0.0
950 0.0
951 0.0
952 0.0
953 0.0
954 0.0
955 0.0
956 0.0
957 0.0
958 0.0
959 0.0
960 0.0
961 0.0
962 0.0
963 0.0
964 0.0
965 0.0
966 0.0
967 0.0
968 0.0
969 0.0
970 0.0
971 0.0
972 0.0
973 0.0
974 0.0
975 0.0
976 0.0
977 0.0
978 0.0
979 0.0
980 0.0
981 0.0
982 0.0
983 0.0
984 0.0
985 0.0
986 0.0
987 0.0
988 0.0
989 0.0
990 0.0
991 0.0
992 0.0
993 0.0
994 0.0
995 0.0
996 0.0
997 0.0
998 0.0
999 0.0
1000 0.0
1001 0.0
1002 0.0
1003 0.0
1004 0.0
1005 0.0
1006 0.0
1007 0.0
1008 0.0
1009 0.0
1010 0.0
1011 0.0
1012 0.0
1013 0.0
1014 0.0
1015 0.0
1016 0.0
1017 0.0
1018 0.0
1019 0.0
1020 0.0
1021 0.0
1022 0.0
1023 0.0
