2.19166919369
0 -4.70285660137e-05
1 -1.86152205141e-05
2 -2.7276559734e-05
3 -3.61409695719e-05
4 -1.63383619649e-05
5 1.2784468844e-05
6 2.28007510311e-06
7 1.11533280991e-05
8 -2.4584383274e-05
9 2.17982556563e-06
10 -5.35910106002e-06
11 1.58545123521e-05
12 -4.58505307321e-06
13 2.60499712848e-06
14 2.20207604643e-05
15 6.94970554441e-06
16 1.89343464706e-05
17 3.08806068969e-05
18 7.74470937106e-06
19 -9.13100452795e-06
20 -2.92856047355e-07
21 -7.21719795139e-06
22 1.12315283407e-05
23 1.65973474015e-06
24 -6.2367592692e-06
25 1.35716136683e-05
26 4.82790236519e-06
27 2.78230398659e-06
28 -2.05249249226e-06
29 6.58238102166e-06
30 -1.84744067954e-05
31 -1.83522633978e-05
32 3.11584020648e-06
33 -1.04705845784e-05
34 -1.19807373143e-05
35 -2.40408079049e-05
36 1.86900778839e-06
37 5.25249238516e-06
38 -1.65966595018e-05
39 -3.73952003055e-06
40 -6.17271157701e-06
41 2.05659573465e-05
42 -5.3263992724e-05
43 3.63968561336e-06
44 -1.78117432885e-05
45 -1.67495021888e-05
46 -6.56848062809e-06
47 -3.31951114615e-05
48 -5.01232948455e-05
49 -9.74175171074e-05
50 -2.47348627874e-05
51 2.06390647896e-05
52 1.46785980264e-05
53 2.99645553136e-05
54 2.70357408641e-05
55 4.72931744112e-05
56 -6.44899440342e-05
57 5.65211362323e-05
58 6.11284195443e-05
59 4.2962204974e-05
60 7.35615130012e-05
61 8.10811676194e-06
62 4.06058711001e-05
63 -1.36132363158e-05
64 -1.04275000266e-05
65 5.99756074411e-05
66 4.13064176309e-05
67 -9.11756571619e-05
68 7.57624531459e-06
69 7.80757938249e-06
70 4.40862146152e-06
71 7.48622015315e-05
72 1.22200761003e-05
73 8.17204543718e-06
74 -0.000109738267285
75 6.59370147913e-06
76 0.000123734945352
77 3.28595367977e-05
78 2.04754279009e-05
79 6.2936547298e-05
80 -2.99860629214e-05
81 -7.17439134116e-05
82 -8.22805922473e-05
83 -9.10962440854e-05
84 -4.12313478169e-05
85 -0.000103617431978
86 -7.34100649161e-05
87 -8.71864307377e-07
88 -6.7344043958e-05
89 -0.000127088945868
90 -0.000143294700017
91 -9.77849363597e-05
92 5.04781329916e-05
93 0.000137551256855
94 5.70047319954e-05
95 0.000175812712057
96 0.000204340389652
97 -3.1026580901e-06
98 6.21923235277e-05
99 0.000112234760743
100 9.56310389343e-05
101 -4.4118947871e-05
102 -0.000183384715608
103 0.000152340898045
104 -0.0001802604017
105 -0.000158424058941
106 0.00014710707598
107 0.000162687492248
108 -8.31678138303e-05
109 -0.000119070138616
110 -3.80773197176e-05
111 8.76558300047e-06
112 -0.000154118025502
113 -4.00073637731e-05
114 0.000138662523208
115 0.000320300104303
116 -0.000295789483484
117 0.000253252591609
118 -0.000850823195425
119 0.00012784977557
120 5.63794491939e-05
121 -9.99070830937e-05
122 -2.76033703866e-05
123 5.28439683724e-05
124 -1.70603387532e-05
125 9.35634827297e-06
126 8.04687511658e-05
127 0.000237794788982
128 -6.04821801058e-05
129 -8.26170130796e-05
130 5.44381458946e-05
131 0.000247887167429
132 -6.66970417258e-05
133 9.83937282036e-06
134 0.000177568473908
135 0.000265828100331
136 -0.000292538449395
137 3.60119117333e-05
138 -0.000284787407261
139 -5.86911804857e-05
140 5.47545920943e-05
141 -0.000174896101232
142 0.000171910313701
143 0.000115253334104
144 0.000141762970357
145 -0.000125332033372
146 -5.69480375299e-05
147 -2.72091308743e-05
148 0.000845441900536
149 -0.000638352334633
150 -0.000143056842372
151 -0.000274010567854
152 -0.000103627987382
153 -0.000465832939749
154 7.89687804185e-05
155 -2.5996510515e-05
156 -6.39483464152e-05
157 9.27566313292e-05
158 -0.000215501859134
159 -9.12040032753e-05
160 -0.000791137256327
161 -8.31672239832e-05
162 -0.000173107344253
163 0.000302994566894
164 -0.000392176971545
165 6.98510286345e-05
166 -0.000144732774574
167 -0.000331213562722
168 -0.000161294077719
169 -0.000283447494445
170 -0.000169821121082
171 -0.000153319619419
172 2.41187071896e-05
173 -0.000139560718275
174 -8.91696090067e-06
175 -8.34067163126e-05
176 -7.05063977007e-05
177 -6.26520151562e-05
178 -5.94334693316e-05
179 0.000289949044966
180 -5.66921505691e-05
181 -0.000415587929905
182 -4.97618963281e-05
183 0.000165577914905
184 -8.82906553467e-05
185 3.52891705752e-05
186 2.27365338298e-05
187 -0.000141819899143
188 -0.000203418729346
189 3.31326871627e-05
190 0.000197401700955
191 -6.56163633626e-06
192 -1.61418448442e-05
193 2.64062744785e-05
194 -9.33892034295e-05
195 -0.0002139249007
196 2.06293439956e-05
197 3.15738607101e-05
198 8.37147918795e-05
199 0.000247956722797
200 -1.74527728196e-08
201 -0.000185632752472
202 4.09512587134e-05
203 -0.00013329027669
204 -6.18241808052e-05
205 7.2041729329e-05
206 0.000172283718113
207 -8.93253268592e-05
208 -0.000106149172345
209 -7.97266425492e-05
210 0.000111949854515
211 -2.49447272849e-05
212 0.000116467700621
213 0.000109139715964
214 -0.00030449503518
215 -0.000102336507328
216 -9.6102634501e-05
217 7.7146245324e-05
218 1.9586110495e-05
219 0.000112397931448
220 8.18757116399e-05
221 -5.33124775086e-05
222 -0.000154604366774
223 -0.0001798000277
224 0.000140314813458
225 0.000120431916778
226 0.000375955344085
227 0.000350859575428
228 2.92540642307e-05
229 -0.000442845162621
230 0.0005651798277
231 -0.000303529206344
232 3.06226519579e-05
233 1.91496289323e-05
234 -0.000321447295634
235 5.34233330992e-05
236 -0.000167473638446
237 0.000561372525688
238 6.42727096964e-05
239 0.000119389792423
240 0.000119737163241
241 0.000209212064469
242 0.000159237006805
243 -0.000154683666309
244 -8.23821823249e-06
245 2.50186683143e-05
246 -4.60010301474e-05
247 -0.000207732810997
248 0.000432837657965
249 -0.000136534880475
250 9.01943815404e-06
251 3.07566882078e-05
252 -0.000110601451943
253 -0.000162690043852
254 -2.77650877767e-05
255 0.000119412760659
256 9.97502819532e-05
257 5.40801987034e-06
258 -9.02800051034e-05
259 -2.65721908541e-05
260 -0.000101399043079
261 -0.000142961965552
262 -5.33366292765e-05
263 3.24311717785e-05
264 -0.000141000094383
265 -8.82678488498e-05
266 -0.000123252836544
267 3.64747997237e-05
268 -9.14357321595e-05
269 -7.32304767643e-05
270 -1.09899934535e-05
271 0.000104998092409
272 0.000115186264278
273 0.000373721327848
274 -6.78901327524e-07
275 0.000383540862681
276 -0.000325879465337
277 0.000230324618084
278 6.99981623586e-05
279 8.41137102793e-05
280 0.000301551343232
281 -0.00019218116254
282 0.00031772372391
283 -8.36445512183e-05
284 5.80819383305e-05
285 0.000288698402405
286 0.000523744971425
287 -2.46174872657e-05
288 -5.51637993584e-05
289 -0.000251469746398
290 -0.000192180737958
291 -4.97991154012e-05
292 4.96170151333e-05
293 -0.000319151863774
294 -0.000128025447324
295 -4.03003414004e-05
296 0.000454382043396
297 -0.000284380295856
298 -0.000217118439636
299 0.000129268496111
300 2.71804733781e-05
301 -6.93373424876e-05
302 -0.000106701261854
303 9.2782141372e-05
304 -0.000237943788567
305 2.2265372325e-05
306 0.000139971355384
307 0.000231108920126
308 1.10037432276e-05
309 -0.000180541136526
310 0.000160799286934
311 2.51847498601e-05
312 -0.000168869866146
313 -7.71363628579e-05
314 0.000326645405891
315 5.1411424632e-05
316 -0.000118633058596
317 -0.000106171892928
318 0.000210705221456
319 2.71744091818e-05
320 -3.51692672842e-05
321 -4.1670415772e-05
322 0.00018428173547
323 0.000131356610466
324 7.58538273576e-05
325 0.000194671241391
326 -0.000216793959785
327 0.000622851321102
328 -0.00022965446032
329 -0.00129974821068
330 -0.000117946330063
331 -0.000155032270658
332 -0.000356567907569
333 0.000311410371079
334 -0.000374425911276
335 -0.000236765630643
336 0.000149202874869
337 1.98485297331e-05
338 2.74806310403e-05
339 -0.00073062193036
340 -0.000544684287368
341 0.000243667453123
342 -0.000220184093785
343 0.000247259830221
344 -0.000194983704406
345 -0.000119881619602
346 0.000379075176109
347 -0.00013983946539
348 2.17661262849e-06
349 0.000220867820377
350 -0.000271097913051
351 0.000311914539769
352 -0.000350291674746
353 -0.000307690304291
354 0.000344788612202
355 -5.47761120845e-05
356 -0.000812025034382
357 -8.21521856491e-05
358 9.82676320488e-05
359 0.000156233807245
360 -0.00195692654979
361 -0.00034654396331
362 0.000153596969389
363 1.2043413533e-05
364 -0.000572512949218
365 0.000227459289084
366 0.000138857225169
367 -0.000665058520348
368 -8.48201570248e-07
369 1.4111681667e-05
370 0.000164869007144
371 -0.000101564262334
372 -8.46781396157e-05
373 -0.000315001904575
374 -0.000183517054536
375 -0.000454765213047
376 2.30901222428e-05
377 2.53483475519e-05
378 0.000572707609789
379 -0.000234259941635
380 -0.000263055456671
381 0.000637625428379
382 0.000537221995176
383 -0.000438305927779
384 0.000732728084492
385 0.000102777915218
386 -0.000287950342227
387 1.93466642788e-05
388 0.000288439720121
389 -3.98870499656e-05
390 -8.05152410655e-05
391 -0.000550735488858
392 0.00052533262556
393 0.000188125800638
394 -0.00068414366469
395 0.000409720617494
396 0.000323835497202
397 -3.70913400823e-05
398 0.0002575810905
399 -0.000288133728364
400 0.000201309258005
401 7.51499014731e-05
402 0.000229402501995
403 0.000401685050685
404 -0.000223662168988
405 0.000437441929049
406 0.000505915853101
407 -1.99555006471e-05
408 0.000733130187149
409 0.000381900479457
410 -0.000148801813847
411 -0.000217211459753
412 -0.000208090091298
413 7.45087572866e-05
414 -0.000422449557624
415 0.000149666398791
416 4.54225907601e-05
417 0.000149788933576
418 0.000247006135216
419 0.000592501805717
420 5.19205594603e-05
421 -0.00014531224129
422 -7.73981569256e-05
423 -0.000195977781003
424 0.000188849886442
425 -0.000206033384471
426 -3.19294007329e-05
427 0.000119827659304
428 -0.000134445335378
429 -0.000250445203693
430 -0.000196684113786
431 6.49840478678e-06
432 -2.79097097423e-05
433 0.000163540209038
434 5.3648370705e-05
435 0.000130859905567
436 0.000681319133216
437 -0.000143083100027
438 -0.000312307705233
439 -7.59518378027e-05
440 8.78393447378e-05
441 0.000119033059057
442 0.000252079798541
443 -0.000111799362995
444 -4.32412940514e-06
445 2.09251454589e-05
446 1.90220431009e-05
447 0.000333198876982
448 0.000244317536249
449 -3.61403530047e-05
450 0.000270893708082
451 5.95769437119e-05
452 0.000340493386127
453 0.000156143127972
454 0.000212955111404
455 0.000450203202579
456 -0.000233366866977
457 0.000294399337845
458 0.000275653281182
459 -0.000211712367009
460 3.84846749579e-05
461 -7.31892203969e-05
462 -3.15923103265e-05
463 -0.000464304744201
464 -0.000148472053596
465 -0.000143613714645
466 8.43243977585e-06
467 -3.13397441914e-05
468 2.10427533315e-05
469 3.37472277461e-05
470 -0.000156874424934
471 0.000115549069086
472 -3.22542849847e-05
473 -9.53037810604e-05
474 -0.00010070777855
475 -6.77757380184e-05
476 6.2492211911e-05
477 -7.09781584598e-05
478 -0.000114413548701
479 -4.1562577664e-05
480 -5.94774108997e-05
481 -0.000278349596946
482 -0.000165084021832
483 4.07129006345e-05
484 6.9096192745e-05
485 9.00568836212e-05
486 0.000109286176497
487 0.000149141188069
488 -1.11655797539e-05
489 2.03690646083e-05
490 0.000255935742133
491 -7.17591574628e-05
492 4.74463221312e-05
493 0.000168918620186
494 7.28771289579e-05
495 0.000671699621053
496 9.89273172337e-05
497 0.000120409778871
498 0.000780330730866
499 0.00022491986043
500 -5.99828657132e-05
501 -7.87953287195e-05
502 4.4414633482e-05
503 -4.57922134397e-06
504 -0.00100152142952
505 0.000611519009675
506 0.000912709001694
507 0.000761702413534
508 -0.00229222726895
509 -0.00116044341398
510 -0.00732221411465
511 0.00105633031984
512 0.0
513 0.00449161607109
514 -0.00702237270793
515 -0.00318494116681
516 -0.00354002004786
517 0.00151009314857
518 0.000259126763123
519 0.000773142261964
520 -0.00115227219118
521 -0.000144812398077
522 0.00015863129187
523 0.000249501232633
524 0.000201562159619
525 0.000237589313316
526 0.000234690497736
527 0.00035963161393
528 -6.18641239901e-05
529 0.000431784536352
530 0.000104960733534
531 0.000459733471763
532 -1.19924634159e-05
533 -1.23394189729e-05
534 0.000162625731513
535 8.71973421663e-05
536 -1.2111499492e-05
537 0.000194760060055
538 7.59207778333e-05
539 -1.30492840228e-06
540 -1.52478366507e-05
541 2.7122805263e-05
542 -0.000200232514967
543 -0.000301660011249
544 3.04028372521e-06
545 -3.56842298794e-05
546 -0.000163942924185
547 -9.57950113156e-05
548 -3.74287661478e-06
549 -3.54841493793e-05
550 -0.000148649956187
551 -1.90710431126e-05
552 5.68810327092e-05
553 6.87908024884e-05
554 -0.000317645620443
555 -3.99189440973e-05
556 -7.74750963368e-05
557 -0.000346945555949
558 2.101267137e-05
559 -0.000321796364063
560 -0.000348287044626
561 -0.000415670943454
562 1.36105565177e-07
563 -0.00015121873613
564 0.000258786401809
565 -0.000177175269819
566 1.16165511746e-05
567 0.000260526056463
568 -0.000107393285668
569 0.000445472132021
570 0.000338985536484
571 0.000175616427684
572 0.000506351134999
573 0.000267381429797
574 0.00021401511834
575 -8.75339318606e-05
576 -0.000227259333272
577 0.000113141313084
578 0.000133657900477
579 -0.000338967117051
580 -6.02173280491e-05
581 -0.000130804808617
582 4.68129520582e-05
583 0.000145075127432
584 0.000171240944015
585 -3.87559843591e-05
586 -0.000595435011203
587 0.000220363345452
588 0.000425560255956
589 -8.8594217617e-05
590 5.09185164135e-05
591 0.00027605646237
592 -4.85418198086e-05
593 -0.000264985076125
594 -0.000356733257519
595 -0.000315629745923
596 -0.000142408164623
597 -0.000166342932546
598 0.000248638891921
599 -0.000227607878446
600 -4.19452553911e-08
601 -0.000283026392531
602 -0.000352523807668
603 -0.000284533204789
604 0.000104835008062
605 0.000540719923103
606 0.000312658983597
607 1.09315353207e-05
608 1.0273785283e-05
609 -0.000260416281341
610 5.20921311698e-05
611 0.000435005823212
612 -0.000681932835745
613 -0.000281472085948
614 -5.26153727058e-05
615 -0.000540860990266
616 0.00082532041744
617 0.000334295186542
618 0.00073156540792
619 0.00109008763064
620 0.000141964640916
621 0.000331776780508
622 7.00198991025e-05
623 6.15385044143e-05
624 0.00028366002581
625 -0.000162362824505
626 -0.000146977084586
627 -0.000507086209982
628 0.00100805842817
629 -5.69994277776e-05
630 0.00206928747021
631 0.000675012387371
632 0.000200656896839
633 -0.000250485001861
634 -7.4072548047e-06
635 0.000531841808867
636 0.000254027550368
637 -4.43547669299e-06
638 -0.00028371335361
639 -0.000511135994405
640 0.000465433694327
641 -2.02472045778e-05
642 0.000237077659407
643 7.49012789047e-05
644 0.000421701765874
645 -0.00020911090476
646 0.000333652003214
647 -0.000416233361667
648 0.00108387616976
649 -0.000347344625585
650 0.000569872871723
651 -0.0001858273125
652 -0.000117756122841
653 0.000214549871563
654 -8.59074703049e-05
655 -0.000274238001745
656 -0.000320533039749
657 -0.000440266832387
658 0.000632018614034
659 0.000358932694442
660 -0.00200920861898
661 0.000508350533549
662 0.000104220175707
663 -0.000108429778108
664 9.7124644695e-05
665 0.000958559363189
666 -7.10727925599e-05
667 -0.000298477102089
668 -0.000251988912577
669 -0.000106329267432
670 2.60957963063e-05
671 -0.00022490097108
672 0.000404276294732
673 -4.1478951246e-06
674 -0.000340363335379
675 -0.000879587474548
676 0.000127431972995
677 -0.000625021631715
678 0.000209766524481
679 -0.000648937727372
680 0.000421971339819
681 -5.22132572903e-05
682 -0.000254803575885
683 0.000601801640183
684 -0.000433953921457
685 -0.000479558147097
686 -0.000398571012013
687 -0.000279574126036
688 -0.000267114368262
689 -0.00024098305881
690 0.000202758153779
691 -0.00013164633199
692 -0.000519079740553
693 -0.000317420598131
694 3.00970137358e-05
695 -0.000810336276629
696 -0.000246341984345
697 0.000402690860431
698 3.38796172395e-05
699 -8.02080216763e-05
700 0.00023106735862
701 9.81206354296e-05
702 0.000201058614412
703 -0.000152300972873
704 -9.79080630899e-05
705 0.00017812208133
706 9.3795402511e-05
707 -0.00040125456584
708 8.96199243043e-05
709 0.000149805457835
710 0.000230237217719
711 -0.00023962229289
712 -0.000111002693792
713 4.87139647746e-05
714 5.05363615626e-05
715 -0.000320075651766
716 -2.38345125939e-05
717 0.000105781335764
718 0.000314892968775
719 -5.26319416816e-05
720 -0.000169897025713
721 1.11238013651e-05
722 0.000142137449456
723 -0.000131654944623
724 -0.000178691588726
725 3.73186484881e-05
726 -0.000228450111684
727 -0.000335701594602
728 -3.08830205905e-05
729 0.000117265332524
730 0.000147486060575
731 4.21686784521e-05
732 2.41503958998e-05
733 -0.000208614221882
734 -1.07626093584e-05
735 0.000323585364419
736 -0.000175314383437
737 -8.98350856342e-05
738 0.000699202125749
739 0.000219215381045
740 0.000287715262149
741 -0.000581158025861
742 0.000154852801257
743 -0.00034889364454
744 -0.000240367864345
745 0.000294258282017
746 0.000257593120843
747 0.000194814058519
748 -0.000108129490146
749 0.000392071724993
750 8.90819925547e-05
751 0.000224822363655
752 0.000193555235008
753 0.000155094972159
754 0.000126675538726
755 -0.000104557810261
756 -0.000136309034397
757 9.59040420817e-05
758 -4.20278185563e-05
759 -8.61754023202e-05
760 -0.000429301211828
761 6.00822426764e-05
762 -2.47320266592e-05
763 -9.32633381519e-05
764 -0.000183084707503
765 -6.10714579922e-06
766 -2.33930136113e-05
767 3.01374551683e-05
768 -0.000197072375846
769 0.000116153793696
770 -0.000107795767341
771 -6.20680200952e-05
772 7.34178556877e-06
773 -4.51753279963e-05
774 -5.594342997e-05
775 8.10865542679e-05
776 2.17448972046e-05
777 -0.000116285862631
778 -0.000143081649169
779 0.000116243616372
780 7.53491279293e-05
781 -1.99075907771e-05
782 6.87176818201e-05
783 0.000232315795972
784 0.00010988435572
785 0.000193888641739
786 -4.7023728862e-05
787 0.000245927335251
788 -8.28004596965e-05
789 1.04067286681e-05
790 -0.000108622195575
791 6.45856603117e-05
792 0.000228356347987
793 -0.000127964122848
794 -8.34244302031e-05
795 -0.000355999538768
796 0.000131429441414
797 0.000177967598349
798 0.000349475620261
799 -0.000222873293911
800 0.000260941435869
801 -0.000178880076033
802 -7.30694459562e-05
803 -0.000248864273335
804 -3.67712789101e-05
805 1.50773321258e-05
806 0.000186926398855
807 -0.000259226831138
808 -0.000458645133373
809 -9.2497275406e-05
810 -0.000171100250855
811 0.000120716132117
812 9.11838746752e-05
813 -0.000145592648616
814 9.37800846797e-05
815 -0.000212193553101
816 -9.664767538e-05
817 -4.29296888931e-05
818 2.15679447662e-05
819 -0.000177715134628
820 -2.36519614769e-05
821 -9.55079783203e-05
822 3.10161491932e-05
823 -8.54954176852e-05
824 -2.08291830202e-05
825 -5.05845749238e-06
826 0.000164489343733
827 0.000131085627462
828 9.11346251494e-07
829 -3.97968789059e-05
830 -5.48528552935e-06
831 0.000145474204178
832 0.000139242031988
833 -5.96078750307e-05
834 0.000103548740518
835 0.000169800148161
836 -1.48799593283e-05
837 -9.58533587916e-05
838 -0.0001665901609
839 -8.73147976838e-05
840 -2.19477983583e-05
841 0.000612913689441
842 -7.84976367793e-05
843 -0.000173786487109
844 -0.000252424100299
845 8.49116945627e-05
846 6.06320018519e-05
847 3.87599372239e-05
848 -0.000197415035416
849 -0.000151684159244
850 2.15248045414e-05
851 -0.000190968733668
852 9.73819637235e-05
853 -0.000314741761399
854 -0.00010968409075
855 -2.46688939198e-05
856 -0.000110431310054
857 -0.000333275737646
858 -2.69142018249e-05
859 0.000162143206646
860 4.69249218657e-05
861 -0.000122299811864
862 -9.92738861108e-05
863 -6.58387478087e-06
864 -0.000311031170644
865 -0.000115740688335
866 0.000129077352601
867 -0.000111108916247
868 0.000124072384683
869 -0.000100112829721
870 -0.000111965592725
871 -0.000136529608723
872 0.000824984215095
873 -8.27512337031e-05
874 -0.000194506726718
875 -8.60112606131e-06
876 5.16533613984e-05
877 -6.26412255483e-05
878 0.000100306123883
879 2.28598887855e-05
880 -9.91170351281e-06
881 -4.84247780413e-05
882 -0.000100923926164
883 8.32965927127e-07
884 -1.94292261392e-05
885 2.4951617577e-05
886 -2.1704093956e-05
887 0.00016567103935
888 -2.16487421425e-05
889 6.58466755645e-05
890 -4.88402414901e-05
891 8.41173471646e-06
892 -2.24315582934e-06
893 -1.74423307877e-05
894 4.1083765498e-05
895 0.000103484642322
896 -1.81743895007e-05
897 0.000143249796819
898 2.40273171558e-06
899 2.99536956241e-05
900 0.000123001925943
901 0.000108362252626
902 0.000100092438378
903 -2.72090517362e-06
904 2.8750197766e-05
905 3.0629606864e-05
906 0.000258111315985
907 0.000132371760483
908 0.000131780987989
909 -7.41186934182e-05
910 -3.22504384694e-05
911 6.05491149497e-05
912 0.000143943635967
913 6.89322217377e-05
914 -4.50845800403e-05
915 -7.98246046297e-05
916 -3.10157885215e-05
917 0.000132829157808
918 0.000149248014255
919 -2.99711470012e-05
920 -0.00014947782914
921 -8.00549506927e-06
922 3.57816184653e-05
923 -3.07713849966e-05
924 -4.70180491642e-05
925 2.25799855607e-05
926 0.000163504195177
927 -0.00014865352421
928 -2.87746269755e-05
929 0.000177101341451
930 -2.14538536821e-05
931 0.000130598908557
932 -3.75063361883e-05
933 -0.000124579770725
934 -9.14117781644e-05
935 -2.89390495287e-05
936 -0.000118778871727
937 -0.000130368664518
938 4.23960407e-05
939 -6.66853708977e-05
940 -8.81528908629e-07
941 -9.01641228823e-05
942 -9.62748274661e-05
943 -7.66505362797e-05
944 -7.58043322657e-07
945 2.25651122831e-05
946 2.48431190628e-05
947 -4.84568235537e-06
948 0.000129540668997
949 3.61888465013e-05
950 -5.66070822172e-05
951 -4.16596658341e-05
952 7.6703568091e-06
953 1.68160371386e-05
954 1.67140116038e-06
955 1.10244288655e-05
956 2.00828708793e-05
957 -6.09475185043e-05
958 -1.09582794016e-05
959 8.96780654301e-05
960 -4.39146124762e-05
961 -5.10531765926e-05
962 2.88313169239e-05
963 1.80145402682e-05
964 2.82279890352e-05
965 5.21659360898e-05
966 3.08244859184e-05
967 4.37105251549e-05
968 -3.76925992082e-05
969 3.16362880476e-05
970 4.18816995375e-05
971 4.91079797611e-05
972 -6.1935684331e-06
973 -3.71445738827e-05
974 -1.79191628162e-05
975 -4.39503972939e-05
976 -5.49281988801e-05
977 -1.45019712051e-05
978 -5.17666331455e-06
979 -2.05408067848e-05
980 -1.12344223972e-05
981 -3.31681187691e-06
982 -4.47050187975e-05
983 1.04689131942e-05
984 -7.0508207337e-06
985 -6.47090240311e-06
986 -8.97888651973e-06
987 -9.66417749362e-06
988 -7.95858187736e-06
989 -5.75302249307e-06
990 -1.18025512451e-05
991 -5.92849499259e-06
992 -1.56986015858e-06
993 -1.78672518767e-05
994 -9.22653560982e-06
995 5.6464619964e-06
996 5.27974520075e-06
997 4.02044727191e-06
998 4.47438160465e-06
999 1.87761309647e-05
1000 -7.49507157271e-06
1001 6.66544714409e-06
1002 1.47176989057e-05
1003 1.8003361569e-07
1004 3.41029733855e-06
1005 1.17840957897e-05
1006 1.16696666407e-06
1007 3.25715050141e-06
1008 1.68434723559e-06
1009 1.73008612107e-06
1010 -1.570359578e-06
1011 8.03502845624e-06
1012 1.23138162262e-05
1013 1.1310728752e-05
1014 8.90278044637e-06
1015 -8.03077342418e-07
1016 -2.97482351199e-05
1017 1.44431883373e-05
1018 -7.4650402834e-06
1019 1.88995969898e-05
1020 -1.63289434888e-05
1021 -0.000102546367057
1022 -3.20289339106e-05
1023 6.78589386518e-06
