-0.596939547627
0 9.26840151017e-06
1 2.07628996904e-05
2 3.74978593325e-05
3 1.0143312369e-05
4 8.62188412241e-06
5 1.61221548629e-05
6 7.81659123217e-06
7 1.55669271331e-05
8 9.1556704299e-06
9 -1.22241744115e-05
10 -3.7514450553e-05
11 -3.05205076747e-05
12 -1.78334712538e-05
13 -1.19854332662e-05
14 3.39446012988e-06
15 4.20894481273e-06
16 7.11298299149e-06
17 6.68062785584e-06
18 -1.10066761168e-05
19 1.34408994848e-05
20 2.75567747003e-05
21 -1.71892078925e-05
22 -3.5015434773e-05
23 -1.09955013501e-05
24 1.34859169019e-05
25 3.72057918713e-05
26 1.56249956735e-06
27 -0.000132748767879
28 -0.000138507602989
29 -9.62938702474e-05
30 -3.01702102689e-05
31 -1.44296487837e-05
32 1.15128101922e-05
33 1.9568276881e-05
34 1.28280418931e-06
35 -2.44319621788e-05
36 3.65925881488e-05
37 3.44304043828e-05
38 1.81267851989e-05
39 7.16590752689e-05
40 0.000131634316446
41 3.23079952455e-05
42 -4.24732086115e-05
43 -0.000125401731914
44 -9.02520072896e-05
45 4.20818077437e-05
46 -2.72749509048e-05
47 -0.000130547472838
48 -0.000184578521574
49 -9.96881928878e-05
50 -2.48321635751e-05
51 4.79822787395e-05
52 -1.48123154087e-06
53 -0.000196493928699
54 -0.000301706641872
55 5.93401949304e-05
56 0.000148542425211
57 -4.05246951222e-06
58 -6.50663040234e-05
59 -4.08644319264e-05
