-0.254031134349
0 -1.80244222496e-06
1 -1.60847111146e-05
2 7.07729258764e-05
3 1.24193612054e-05
4 -3.84013733399e-05
5 9.20034839225e-06
6 6.53757459047e-06
7 -1.6835174448e-06
8 -2.55646749706e-05
9 2.20856826427e-05
10 -1.54625050371e-07
11 2.61905005345e-05
12 -1.71249405061e-05
13 4.53505681331e-05
14 4.17490642299e-05
15 -5.49821572501e-06
16 2.67421899983e-05
17 2.01689663716e-05
18 2.38544331326e-05
19 5.59468945981e-05
20 2.16392729656e-05
21 7.83067651391e-06
22 3.70684240485e-05
23 3.79082957866e-06
24 9.35877582627e-06
25 4.24706803918e-05
26 4.91787638279e-06
27 -5.96150651367e-07
28 1.05472268891e-05
29 3.7405105805e-06
30 -6.09515144155e-05
31 -5.94927277244e-05
32 4.25364752994e-05
33 -3.45460872182e-05
34 -5.04521779171e-05
35 -8.07345070879e-05
36 -5.97373779632e-05
37 -4.04720964807e-05
38 -9.2365159711e-05
39 -9.96555752686e-05
40 -5.4791294431e-05
41 -6.47048805114e-05
42 -2.74592546506e-05
43 -0.000117895566158
44 -0.000100843938298
45 -0.000180868633997
46 8.61504647813e-06
47 -0.000121610873747
48 -5.53568963786e-05
49 -8.29271068404e-05
50 -9.24140986735e-05
51 4.15376230597e-05
52 -2.24009780835e-05
53 -4.51160719171e-05
54 0.000146673193868
55 -9.50633680198e-06
56 4.61706118949e-05
57 0.000201505842632
58 8.02626246014e-05
59 2.19625108425e-05
60 0.000121359703382
61 0.000144293856186
62 3.96567379949e-05
63 6.29332928875e-05
64 0.000114993369604
65 0.000122945148081
66 3.91925125614e-06
67 -8.32039504857e-05
68 -3.28426779217e-05
69 -2.62028324746e-05
70 6.89317683718e-05
71 0.000136625291166
72 3.20085816241e-05
73 1.47012986958e-05
74 2.2870302487e-06
75 0.000123531128952
76 0.00016074203564
77 3.61810450522e-05
78 3.53586837921e-05
79 7.55590077318e-05
80 -8.09293295448e-05
81 -0.000104063445481
82 -0.000114641856946
83 8.231231451e-05
84 -4.24715078577e-05
85 -0.000267221927769
86 -7.85938277227e-05
87 9.84210731077e-05
88 1.41058442153e-05
89 -2.60861258089e-06
90 -3.93962502365e-05
91 -3.62836235371e-05
92 7.15181213386e-06
93 -9.50248906726e-05
94 4.42799484277e-05
95 8.09054893753e-05
96 6.55692575387e-05
97 -4.21628024077e-05
98 9.76270858824e-06
99 -7.6467848204e-05
100 -7.53681301877e-06
101 -0.000140396791393
102 -0.000328365151809
103 -6.15127441957e-05
104 4.65173829088e-05
105 -4.73129159295e-05
106 0.000208910521821
107 0.000199364925937
108 1.11288717785e-05
109 2.98652901631e-05
110 -3.60905494978e-05
111 4.42328251752e-05
112 -1.76974850545e-06
113 0.00014385138262
114 -0.000134765609019
115 -6.43783036815e-05
116 -3.33355248854e-05
117 0.000284242607502
118 0.000128238051701
119 0.000283708610723
120 0.000285321136284
121 -0.000116731954724
122 4.76678266323e-05
123 0.000140138804667
124 0.000200598947101
125 0.00010065761885
126 -0.000209771807099
127 -2.95068589506e-05
128 -1.15765445406e-05
129 1.71225093996e-05
130 7.11932660265e-05
131 9.09352309665e-05
132 0.000254021207917
133 -0.000217731049615
134 0.000520548769456
135 7.11355294707e-05
136 0.000133742557192
137 5.35364429967e-05
138 0.000139248284296
139 -0.000457531628584
140 -4.30267920214e-05
141 -0.000176272363688
142 0.000204958570756
143 5.38207790201e-05
144 -6.14208141314e-05
145 -0.0003030371402
146 4.94359765191e-05
147 -8.72138958975e-05
148 9.8794430156e-05
149 -1.37291728585e-05
150 -0.000388612160857
151 -3.02067340099e-05
152 9.65839321375e-06
153 -0.000235176673257
154 0.000120024949531
155 -0.000248512820911
156 -4.17564440626e-05
157 -0.000199454470496
158 -0.000300310995734
159 -0.000299125439983
160 -0.000251525088904
161 -0.00024947037843
162 -1.06718773943e-05
163 -0.000127899687629
164 4.65389110461e-05
165 0.000225544843057
166 -0.000147796776278
167 -0.000242432761604
168 0.000217247204968
169 9.88684281672e-05
170 -0.00016098998389
171 -4.8395252805e-05
172 -0.000299132306747
173 4.22510468686e-05
174 -0.000310795321292
175 -7.26330077995e-05
176 -0.000195872147112
177 0.000241429560273
178 -8.68331444607e-05
179 -8.47282966866e-05
180 4.26623634806e-05
181 -0.000164602156702
182 -0.000186568530193
183 -0.000313375137916
184 -0.000669564125102
185 -8.26363419053e-05
186 -1.66608375405e-06
187 -2.5688219715e-05
188 0.000104119056485
189 -0.000311814487312
190 -1.46750854548e-06
191 -5.38421862448e-05
192 -0.000224318696504
193 -0.000117051494678
194 -9.4228357933e-07
195 -0.000221378132425
196 1.73079531475e-05
197 9.25612618186e-05
198 -0.000186921146209
199 -7.87103173277e-05
200 -6.49573123822e-05
201 -0.000128178999865
202 0.000200222224399
203 -0.000310950773603
204 -0.000499606489967
205 -0.000159208597245
206 0.000195151051201
207 9.97476172484e-06
208 -0.000465892955423
209 -9.41637743657e-05
210 2.64706927632e-06
211 -0.000427350588271
212 3.41736103032e-05
213 7.7864495756e-05
214 -0.000788880891219
215 -0.000450450202128
216 -0.000746909832292
217 -9.64657262375e-05
218 -0.000224116824122
219 -0.000276316529193
220 1.93684739715e-05
221 4.58199785524e-05
222 -0.000791802749259
223 -0.000387272238939
224 0.000288132812298
225 -0.000594853613855
226 0.000753588939289
227 0.000780293877563
228 -0.000206763234643
229 0.000659386194913
230 0.00217580818324
231 -0.000818161812637
232 -0.000527664847179
233 -0.000336326828706
234 0.000105727785351
235 -0.00063565469986
236 -0.000289498317304
237 0.00074401956671
238 0.000127679046494
239 -6.43943007156e-05
240 0.000613183789811
241 0.000236133864388
242 0.00026780813761
243 -0.000285715008642
244 -0.000514832004126
245 -0.000334772736884
246 0.000163077118054
247 -0.000117949990279
248 -0.000408385831204
249 1.02651583924e-05
250 4.35031271062e-05
251 -0.000133896095584
252 -0.000707687910993
253 -0.00040718392236
254 -0.000241621695587
255 7.59188763468e-05
256 -7.50219093682e-05
257 -0.000209187876203
258 -0.000235791643408
259 -0.00011477951415
260 -0.000461459760648
261 -0.000758288650117
262 0.000239994829804
263 -0.000620138690647
264 -0.000774055325795
265 -0.000406998292122
266 0.00015139925756
267 -0.00040832929714
268 -7.01257082651e-05
269 -0.000403396516254
270 -5.01385410275e-05
271 0.000417606282862
272 5.47784581035e-05
273 0.00050407231233
274 -0.000202412890153
275 -7.6278614122e-05
276 0.000229654301574
277 -0.000291074738832
278 0.000144808850969
279 -0.000395055937344
280 0.00025795534459
281 -0.00193123471945
282 0.00105536349426
283 -4.0608788942e-05
284 -0.000585127939227
285 0.000299571143789
286 0.00108054160375
287 -0.000455815229959
288 4.79697483877e-05
289 -0.00103919243532
290 -0.000303497218801
291 -0.00087324893735
292 -0.000445920837614
293 -0.000798220314093
294 -0.000174948011709
295 -0.000347210234785
296 -0.000619232252076
297 -6.66266027271e-05
298 -0.000531083168571
299 -0.00034038681301
300 0.00053620007579
301 -0.000472253171745
302 -0.000418333808949
303 4.58081648447e-05
304 -0.000616325092303
305 -0.000155520472671
306 0.000353790126582
307 -0.000630714473164
308 -0.000507873051173
309 -0.000649506767267
310 0.000220226385735
311 -6.24963874467e-06
312 -3.79357958417e-06
313 0.000295059656128
314 -1.57992276989e-05
315 0.000622701292932
316 -8.55820072994e-05
317 0.00017737824808
318 0.000278974707518
319 -7.78377119785e-05
320 -9.41348937343e-05
321 0.000415866126868
322 0.00031192922353
323 -6.87438424963e-05
324 5.92197896317e-05
325 0.000131474284519
326 -0.000300348171665
327 3.64861085354e-05
328 -0.000737990167866
329 0.000361867912069
330 0.000162167194405
331 -0.000146689502344
332 -0.000125147561921
333 0.000131431124782
334 1.87281947129e-05
335 0.00025558471214
336 -0.000486817592449
337 0.000335843245562
338 -0.000246189814077
339 -1.85367937551e-05
340 -0.000167922012929
341 -0.000489729476763
342 7.80177466508e-05
343 -0.000161503919318
344 7.64378392062e-05
345 -0.000231867341536
346 4.58164187473e-05
347 0.000173033657221
348 0.00107007211209
349 -0.000153548943604
350 -0.00034107909369
351 -9.55778246839e-05
352 0.000230175936714
353 -0.000372656115157
354 0.000119858140828
355 -0.000158921532563
356 -0.000184265404021
357 -0.000132250474687
358 4.07014793103e-05
359 -8.55618864682e-05
360 -0.000177393066644
361 -0.000535079225147
362 -9.65096079146e-05
363 -7.20729865759e-05
364 -0.000844756652807
365 -3.11773895092e-05
366 0.000881441628562
367 -0.000466956320108
368 0.000711881614671
369 0.000191050839278
370 -5.03184994327e-05
371 2.51659992774e-05
372 0.000207423898764
373 0.000468886188137
374 0.000574091010494
375 -0.000445694641455
376 2.25968070088e-05
377 -3.17781271509e-06
378 0.000770560956495
379 -0.000646449646139
380 0.000340098189605
381 0.000710906829167
382 0.000416507114647
383 0.000681578127796
384 0.000313046577034
385 -7.92541838895e-06
386 -0.000173061905805
387 -0.00179525772899
388 0.000450940920332
389 -0.000222713116619
390 0.000493123540011
391 -0.00015575149779
392 0.000197206891748
393 2.84792933419e-05
394 0.000584819945661
395 0.000494118629379
396 0.000278215102702
397 -0.000427418191986
398 -0.000330431197829
399 -0.000195409424784
400 6.93729644011e-05
401 0.000517685176768
402 -1.89363635067e-05
403 6.59900503464e-05
404 -0.000221905618653
405 0.000617079305367
406 0.00132136323862
407 7.45692449272e-05
408 9.43791272599e-05
409 0.000565837884939
410 -0.000132255431631
411 -6.16351501392e-05
412 -0.000161527882992
413 -0.000629785518398
414 0.000258091827121
415 7.01951257351e-05
416 -0.000418543071526
417 0.000929656803711
418 2.98489105357e-06
419 0.000180353657307
420 1.64649924543e-05
421 -0.000560978439197
422 -0.00037158294227
423 -0.000232729535739
424 -0.000147092385895
425 -3.23158278876e-05
426 -0.000325338477872
427 -0.000852125324427
428 -3.59985049428e-05
429 0.000345695754773
430 -0.000347931507204
431 -0.000243479292437
432 -0.000130850373059
433 0.000451133386496
434 1.84325262188e-05
435 0.000157518275831
436 0.000990453275173
437 0.000879555399327
438 0.000238119127318
439 5.46783034372e-05
440 -0.000118108479326
441 0.000476034921411
442 0.000229806159762
443 -0.000162500703984
444 0.000392604581019
445 -0.000555881597407
446 -6.71303442509e-05
447 0.000692045821564
448 0.000200727992346
449 0.000382021835872
450 0.000385333597848
451 0.000578262603283
452 0.00041674378971
453 0.000141769643596
454 0.000373794160431
455 0.000555834743109
456 0.00045301891838
457 0.000186349991762
458 0.00107147401447
459 -0.000365524706922
460 0.000104614272377
461 -8.98840214937e-05
462 -0.000177282516389
463 -0.000279729156428
464 -6.06574772374e-05
465 -7.88306764958e-06
466 -0.000480983028548
467 -0.000300277948827
468 3.40943478518e-05
469 -9.72812754233e-06
470 -0.000139484388155
471 2.28107264416e-05
472 -0.000381743815058
473 -0.000195152332394
474 -0.000927350914526
475 -0.000458443132374
476 -0.000121516763806
477 -0.000348011279866
478 1.05676988459e-05
479 -0.00013130361178
480 0.000340287528125
481 -0.000270497018327
482 -0.000538114372899
483 0.000156150773975
484 0.00016313810589
485 -6.37998481386e-05
486 0.000482036102205
487 0.00083339209165
488 -2.81643029874e-05
489 9.05407548277e-05
490 0.000166185832594
491 0.00025237388445
492 0.000461453864726
493 0.000311538413966
494 0.000140720869128
495 -0.000198191424142
496 0.000198887772591
497 -0.000308336565722
498 0.000345148171437
499 0.00144467898385
500 0.00038498161058
501 0.000743793491378
502 -3.00282505998e-05
503 0.000819643731563
504 -0.00182727553351
505 0.000857946944549
506 0.000399742381641
507 0.00153370185707
508 -0.00160895292368
509 -0.00182001914978
510 0.0106059578869
511 -0.0231790511896
512 0.0
513 0.0
514 0.0058243263214
515 0.00115390480436
516 -0.00306860771577
517 0.00112780497765
518 0.000484341897763
519 2.60436527691e-05
520 -0.00162810820063
521 0.000213600590536
522 -0.000209726750732
523 0.000709031354017
524 6.94099591981e-05
525 0.000984470413584
526 0.000743435283856
527 -0.000118404556217
528 -2.48126351301e-05
529 0.000361572903246
530 0.000451884975629
531 0.000817839139073
532 0.000284280485537
533 0.000275691771659
534 0.000521809361234
535 0.000132247310769
536 3.21744535644e-05
537 0.00073993313085
538 0.000251073000271
539 -8.92274595648e-05
540 0.000336798160691
541 2.93560031927e-05
542 -0.00053560144137
543 -0.000785315460457
544 -6.2122730599e-05
545 -0.00022357120788
546 4.31108882321e-05
547 -0.000634043901597
548 -0.000654382699735
549 -8.95340922335e-05
550 -0.000934965971628
551 -0.000519977741775
552 -0.000395104263894
553 3.14002750844e-05
554 -0.000210612663318
555 -0.00125437679337
556 -0.00016753685567
557 -0.000557882384718
558 0.00050136144178
559 -0.000858854598454
560 -0.000734541162525
561 -0.00075595765067
562 -0.000881397100874
563 0.000135005468623
564 -0.000355773850239
565 -0.000249270113852
566 0.000884592666165
567 7.44078296469e-05
568 0.000154271925831
569 0.00112290375624
570 0.000538339503756
571 0.000328092188411
572 0.00055148424576
573 0.000958114789002
574 0.000433506334428
575 0.000284868584933
576 0.000440437383124
577 0.000679064750241
578 -0.000234243728702
579 -0.000373193725471
580 5.97257506674e-05
581 -0.000191318641131
582 0.000117693009856
583 0.000536284088655
584 0.000135378034723
585 7.83459968804e-05
586 7.66326685492e-05
587 0.000473989608909
588 0.000900238848005
589 -3.15889419229e-05
590 6.6422301655e-05
591 0.00066650603267
592 -0.000570680761376
593 -0.000230038877055
594 -3.11984461734e-05
595 0.000295736291909
596 -2.97334447727e-05
597 -0.000858448141048
598 -0.000224849827469
599 0.000238833004194
600 -9.37621356233e-05
601 -0.000193240315371
602 -0.00034754966006
603 -0.000373072325904
604 -9.9329230275e-05
605 3.68618519806e-05
606 4.22724432532e-06
607 0.000618102546878
608 -0.000224450270399
609 -9.33016379236e-05
610 0.000106819064749
611 6.60155740187e-06
612 -0.00019237016245
613 2.03279529245e-07
614 -0.000566302372521
615 0.000288178439438
616 2.36014757935e-05
617 0.00068879648906
618 0.00047829949222
619 0.000520856890095
620 0.000153977398336
621 -6.03835348103e-05
622 -3.68533984713e-05
623 -0.000477026060611
624 -0.000249072853046
625 -0.000147773704299
626 2.70805574456e-05
627 0.000166993063161
628 0.000211059269308
629 0.00020329660623
630 0.000280609970263
631 -0.000128203373038
632 5.23824816659e-05
633 0.000159726757057
634 -8.01808155908e-05
635 5.90433235158e-06
636 0.000140581161047
637 -0.000187443292722
638 0.00074703955499
639 0.000266828259194
640 0.000156151937577
641 0.000144023320342
642 0.000123193382477
643 0.000639891815363
644 0.000225800583582
645 -0.000162110357477
646 0.000368850512056
647 5.69003477729e-05
648 -0.000102207363266
649 -0.000187763967173
650 0.000436420703431
651 0.00208383200255
652 6.61158750775e-05
653 -0.000216746553591
654 0.000509700918909
655 1.66336053101e-05
656 -9.7988976575e-05
657 -0.000462480175971
658 0.000969523093888
659 0.000110794437047
660 -0.00113195842309
661 -0.000372899018452
662 0.00038841309108
663 -5.64901132374e-05
664 -9.22233646152e-05
665 0.0
666 -1.6345870372e-05
667 -0.000494649127242
668 -0.000101637858566
669 4.00213513215e-05
670 -0.000482765176975
671 -0.000116835186713
672 -0.00019056911878
673 -0.000772985802761
674 -0.000284754243456
675 2.26568831586e-05
676 0.00030357423727
677 -0.000242234763373
678 6.09379779303e-05
679 -0.000633313963057
680 0.000240621739777
681 -0.000303817394834
682 -0.000413710189841
683 0.000304451126261
684 -0.000206006147829
685 -0.000655635122188
686 -0.000309834359458
687 -0.000505062933821
688 -0.000335612852191
689 0.000224021945942
690 -1.52222928037e-05
691 6.83171637772e-05
692 -1.99906739493e-05
693 -0.000626570175827
694 0.000154820189856
695 -0.000214835315802
696 -0.000771341024463
697 -1.57307168935e-05
698 -0.000128579176937
699 -1.91227496249e-05
700 0.000178025774825
701 -0.000292502014305
702 8.17051120199e-05
703 -0.000208418487029
704 -0.000510747485423
705 -9.85376115724e-05
706 0.00025701163829
707 -0.000420203240427
708 -0.000869480547162
709 -8.24078885558e-05
710 -0.000845972968811
711 0.000922018073527
712 -0.000301794701659
713 3.85875037121e-05
714 0.000208366143492
715 -0.00065346751115
716 -0.000549294492701
717 -0.000318506648352
718 0.00037848952264
719 8.06429386838e-05
720 -0.00063000461482
721 -4.65058814137e-05
722 0.000280638048308
723 -0.00064186780485
724 0.000521224876194
725 0.000314781979101
726 -0.000665307742492
727 -0.000417109852534
728 -0.00103242179348
729 0.000235876494388
730 -0.000427576666685
731 -6.80130273697e-05
732 -0.000180058411985
733 0.000507673505371
734 -0.00105836272573
735 -0.00048494852372
736 -0.000383938655415
737 -0.000541880166972
738 0.000849747802637
739 0.000698656689138
740 -0.000236478232247
741 0.000289123071075
742 -0.00125989901308
743 -0.000304337293471
744 -0.000544729669343
745 -0.000584719999274
746 0.00106161782724
747 -0.000796810880087
748 -0.000524698461269
749 0.000398665324217
750 0.000760737852608
751 -0.000183887904302
752 0.000445481866851
753 0.000279695924712
754 0.000861540352999
755 -0.000968200312721
756 -0.000386615256704
757 -0.000896646001821
758 0.000156688169993
759 -0.00048684825079
760 -0.000272179360805
761 -0.000189158575381
762 0.000334144191754
763 -9.21360738936e-05
764 -0.000641556680331
765 -0.000502392170194
766 -0.000239826454323
767 0.000147106418601
768 0.000144052383624
769 2.49212499072e-05
770 -0.000368945523989
771 2.13112931748e-05
772 -0.000437997380071
773 -0.000314340561084
774 0.000356996753588
775 -0.000272219497822
776 -0.000653897746328
777 -0.000330872971419
778 -0.000132948171907
779 -0.0004643493469
780 -0.000204328337898
781 -0.000360318284232
782 0.000177643214767
783 -2.46599209988e-05
784 0.000414239570021
785 0.000342835167407
786 0.000305669859916
787 0.000527471038463
788 -8.22191455433e-05
789 -0.000440805868443
790 0.000123465856279
791 -0.000141077136521
792 -0.000213694640192
793 0.000468955249196
794 0.000702680311131
795 0.00080621353992
796 -0.000745376785842
797 -0.000121001203729
798 0.000705464060173
799 -0.000388724124521
800 9.2812779107e-05
801 -0.000895343204158
802 -0.000501322931609
803 -0.000230751579236
804 -0.000257663050107
805 -0.000959524663882
806 -5.11488077794e-05
807 -0.000432091486189
808 -0.00059421536372
809 -6.39633963595e-05
810 -0.000278689440912
811 -6.95897958595e-05
812 0.000337430560724
813 -0.000622758038001
814 -0.000363508747507
815 -0.000150053789043
816 -0.000446132603437
817 -0.00019454236339
818 5.23510212397e-06
819 -0.000356512371343
820 -0.000252345035516
821 -0.000328166080013
822 0.000256587208319
823 -2.02190141465e-05
824 -0.000186361754573
825 7.60522172371e-05
826 -9.20987862691e-05
827 0.000557405570984
828 -0.000300611769327
829 0.000152517120401
830 -0.000283359606559
831 0.000211934631755
832 -0.000325497907266
833 0.00020382257966
834 -5.75553711053e-05
835 5.23674993334e-05
836 7.40160745637e-05
837 -6.45849001719e-05
838 -6.57309942579e-05
839 0.000137066365507
840 -0.000310627871942
841 -0.000101158276748
842 -0.000208802820964
843 -0.000289718970857
844 -0.000187844420904
845 0.000234723766201
846 -0.000190458554798
847 -0.000334278014365
848 -0.000205891716198
849 -0.000104463925841
850 -7.16366696362e-05
851 -0.000260608269127
852 -0.000279861173417
853 -1.32459692962e-05
854 4.75207324476e-07
855 0.000356774673442
856 0.000145440793473
857 -0.000379189109089
858 0.00022865879346
859 0.000249071474667
860 -0.000101953151824
861 -3.05950725054e-05
862 -0.000169321610883
863 9.37929088681e-06
864 -0.000131384143599
865 -2.92842465297e-05
866 5.30239062507e-05
867 -6.22847151817e-05
868 -3.20010371367e-05
869 -6.73865268141e-05
870 -0.000127328547689
871 0.00015006593103
872 0.000103529308472
873 -0.000103548586119
874 -9.83691372319e-05
875 0.000275600421207
876 -0.000159842835196
877 -0.000150562809187
878 2.18759924053e-05
879 -0.00024669441739
880 -0.000245916050274
881 -1.46109091154e-05
882 -3.75290482371e-05
883 -9.53662242296e-05
884 6.19976982186e-06
885 0.000256212616324
886 -9.5828928812e-05
887 0.000109523704418
888 6.32018685991e-05
889 0.000123323229524
890 0.00011750150912
891 -0.000120674575974
892 6.06566181561e-05
893 0.000324390495654
894 1.25358683366e-05
895 -0.000143153604902
896 0.000186015588128
897 -3.2986676865e-05
898 9.56700153713e-05
899 0.0009259934941
900 0.00022846804843
901 0.000218247363495
902 0.000118835530315
903 6.81062127164e-05
904 0.000119664715565
905 -6.9162765586e-05
906 0.000190854032938
907 0.000173933321498
908 0.000170061525887
909 -0.000100504188058
910 0.000178422706113
911 -0.000103291199796
912 0.000322524424135
913 -1.43650684205e-06
914 0.000146708663868
915 0.000154923215806
916 5.52129991621e-05
917 0.000215137507197
918 -0.000142707096802
919 4.08307491032e-05
920 1.91709784222e-05
921 7.89878971714e-06
922 3.00015181388e-05
923 -5.32647519755e-06
924 -7.17744865444e-05
925 -5.5048661579e-05
926 6.70051701542e-05
927 -3.89878293339e-05
928 -6.18789212485e-05
929 0.000371340196094
930 -3.96812808394e-05
931 1.65798224538e-05
932 -7.22780441279e-05
933 -0.000114527385932
934 -2.39512269421e-05
935 -2.35632228457e-06
936 -5.28929616072e-05
937 4.57758161248e-05
938 -1.11576114159e-05
939 -0.000159360030376
940 -2.33620511837e-05
941 6.40821068317e-05
942 -9.26591599443e-05
943 -2.37110263814e-05
944 -4.974928641e-05
945 9.17902622662e-05
946 0.000102475875008
947 0.000108775433176
948 0.000236411845466
949 0.000126953881887
950 3.71020910777e-05
951 -3.01939651608e-06
952 4.91618344395e-05
953 0.000124455079791
954 7.60010992347e-05
955 3.02931330121e-05
956 -2.45270238794e-05
957 -6.5360670227e-05
958 -3.67228597064e-05
959 0.000195440214077
960 5.47149388614e-05
961 7.09802331281e-05
962 0.000102291524481
963 0.000128553223017
964 6.48833952858e-05
965 4.9605930867e-05
966 0.000109267475193
967 9.49835906969e-05
968 9.58792296002e-05
969 7.66754014148e-05
970 0.00017065665393
971 -4.53221726103e-05
972 -5.83152493922e-05
973 5.62301426261e-05
974 -9.28352887678e-05
975 -6.13501320733e-05
976 -7.23162153029e-05
977 -6.19578325103e-05
978 -1.42119969964e-05
979 -4.644754792e-05
980 -9.71061838188e-05
981 -6.60656034597e-05
982 -1.75416828455e-05
983 5.935439067e-06
984 -7.20332023518e-06
985 -4.79417781656e-05
986 -0.00016206087636
987 2.77253017052e-06
988 -4.64341229975e-05
989 -4.69537523018e-05
990 1.49013449351e-05
991 1.13251149845e-05
992 -1.17731987607e-05
993 -2.58307846053e-05
994 -3.46089598856e-05
995 1.86132318514e-05
996 2.16540913344e-05
997 -6.20535493642e-05
998 2.95118919436e-05
999 6.16361267798e-05
1000 3.33230268503e-05
1001 1.3107880164e-05
1002 1.43726123249e-05
1003 1.52919132177e-05
1004 2.54628316083e-05
1005 4.77919459512e-05
1006 8.7809361613e-06
1007 2.81912094381e-05
1008 -3.24652879726e-07
1009 7.23201150326e-06
1010 3.49142790464e-05
1011 6.12879151636e-05
1012 -1.28650016091e-05
1013 6.74024762314e-06
1014 -1.51837476285e-05
1015 2.75981889108e-05
1016 -2.78986154551e-05
1017 -5.39372502797e-06
1018 8.21435034351e-06
1019 1.13476865359e-05
1020 -2.34563285061e-05
1021 -9.01669164226e-06
1022 -1.5718792443e-05
1023 -5.05078600855e-05
