1.01684739986
0 -2.73677295871e-05
1 4.78939138553e-05
2 -2.78213117772e-05
3 4.35442882041e-07
4 -2.75725894912e-05
5 -3.22520557372e-06
6 1.809401542e-06
7 3.66932480912e-06
8 -6.0433913889e-06
9 1.64222068786e-05
10 -6.95506463651e-06
11 5.63106235055e-06
12 1.40305201545e-05
13 1.87754486065e-05
14 4.54021512211e-06
15 5.04974551967e-06
16 7.85870516337e-06
17 1.61777975128e-05
18 1.73859020909e-05
19 1.40978808288e-05
20 -2.69478025545e-06
21 5.14578626958e-06
22 1.7058069109e-05
23 6.1107375118e-06
24 1.48628256308e-07
25 1.46901603305e-05
26 8.02443187393e-06
27 -1.77387742599e-06
28 7.11522231657e-06
29 3.49596532981e-06
30 -1.91388567667e-05
31 -8.4958819094e-06
32 -1.4064418844e-05
33 -6.03562862707e-06
34 -8.50648143904e-06
35 -6.6258005706e-06
36 -3.88634750509e-06
37 -4.60769502882e-07
38 -1.93089907474e-05
39 -4.17285235905e-07
40 -6.60086753072e-06
41 9.82662596952e-07
42 -5.2765797592e-05
43 5.6307061378e-06
44 -3.81644695875e-05
45 -2.02136272699e-05
46 -5.20850711575e-05
47 -3.53350249888e-05
48 -6.82778813113e-05
49 -2.66829617682e-05
50 -5.72209346168e-06
51 1.32190071851e-05
52 4.03037412535e-06
53 3.86916432408e-06
54 2.5223166182e-05
55 1.86256238877e-05
56 -2.97592341891e-05
57 5.27617154654e-05
58 1.18845670637e-05
59 6.5599937794e-06
60 8.40462138757e-05
61 3.13039958688e-05
62 -2.64074531025e-05
63 -2.73740000576e-05
64 -3.82669910311e-05
65 6.61637089193e-05
66 3.72149779809e-05
67 2.35082510952e-05
68 -1.6613016695e-05
69 -4.75980067442e-06
70 -1.83658084168e-05
71 5.56182972117e-05
72 3.93907326539e-05
73 4.12346700609e-06
74 -0.000125458319662
75 -7.54084968008e-05
76 0.000178144468573
77 2.36253813134e-05
78 6.5700357241e-06
79 6.32166479444e-05
80 2.39086012943e-05
81 3.26453685197e-06
82 -7.62146474421e-05
83 -6.90424436966e-05
84 -2.89061714434e-05
85 -2.27939389107e-05
86 7.76760841331e-05
87 -4.02771331985e-05
88 -4.53961272262e-05
89 -0.00013103786795
90 -8.41246073061e-05
91 -5.73540116733e-05
92 2.42448337873e-05
93 4.42272433599e-05
94 8.00729279652e-05
95 3.30255959386e-05
96 -1.01387185214e-06
97 -4.7841589473e-05
98 -4.87035525285e-05
99 -3.06899105414e-06
100 -0.000165923058927
101 -4.39090449303e-05
102 -5.79071631913e-05
103 6.14662006685e-05
104 -0.000111523320857
105 6.0485523714e-05
106 0.00025387071087
107 0.000135444495099
108 -8.71781886622e-05
109 -2.20969106802e-05
110 0.00014740903367
111 9.79282921782e-05
112 0.000153833532868
113 0.000152036904345
114 0.000246136046029
115 -9.32984999442e-05
116 -4.95641475827e-05
117 0.000103296965224
118 2.40588548409e-05
119 0.000322202617519
120 0.000135139001672
121 -0.000412295494614
122 0.000182318228612
123 7.59676727256e-05
124 1.74622550518e-05
125 -0.000178314729635
126 -9.3715860702e-05
127 2.90532291791e-05
128 -7.69504583341e-05
129 0.000103699361061
130 -7.67890713054e-06
131 9.51429962099e-05
132 5.51561629753e-05
133 -0.000144597855983
134 0.000365778347153
135 7.92870094134e-05
136 -0.000193378477769
137 -0.000256182234668
138 0.000280215885654
139 -0.00019026214573
140 -0.000671490456592
141 -5.48248906592e-05
142 -0.000188748663507
143 5.29037959264e-05
144 -0.000190411803674
145 1.86854597374e-05
146 -3.16796899431e-05
147 2.77526713749e-05
148 -0.000179537976067
149 -0.000129435498289
150 -0.000117851856165
151 -4.13187399752e-05
152 -6.43174752086e-05
153 -0.000169680809326
154 -3.84536599932e-06
155 -0.000344404281233
156 -0.000122378199468
157 0.00010062207058
158 0.000165404121708
159 0.000133628678407
160 -0.0002297489177
161 -0.00016323437439
162 -0.000127111656958
163 -0.000176953080912
164 -0.000112540239293
165 7.07433930626e-05
166 0.000506783684004
167 -0.000266983960948
168 -4.48481838581e-05
169 0.000273343673201
170 -0.000160297278777
171 8.42382453881e-06
172 0.000184199024819
173 -0.000476925380341
174 -0.000219317212944
175 -4.61347359242e-05
176 -0.000160823527531
177 0.000368176481362
178 -4.53209904139e-05
179 5.80052823333e-05
180 1.48853104119e-05
181 -0.000357255894282
182 -5.40261989964e-05
183 -0.000200340664069
184 -0.00027605313306
185 -9.39987816071e-05
186 -6.40664204695e-05
187 -6.04318671905e-05
188 -2.32503662685e-05
189 -0.000202135658015
190 9.44913007699e-05
191 -5.17582865124e-07
192 -0.00011859558993
193 6.83235871176e-05
194 -7.4196208023e-05
195 -0.000321693841902
196 -1.96370340357e-05
197 -7.26136814401e-05
198 6.85972770092e-05
199 -3.43823245192e-05
200 -3.49838716576e-05
201 2.03087717666e-05
202 1.73361654567e-05
203 -0.00021042945799
204 -8.71204140813e-05
205 -2.86539183623e-05
206 -4.03967967976e-05
207 -0.000124286558481
208 -0.000126785929184
209 -0.000192803569092
210 2.10305029488e-05
211 -3.76629018075e-05
212 -0.000136655118486
213 1.16615533669e-05
214 -0.000411679493199
215 -0.000162891926327
216 5.98899595871e-05
217 5.71500617601e-05
218 -0.00010265819524
219 -1.82412269115e-05
220 6.15228541949e-05
221 -6.99688461951e-05
222 -0.000143274899507
223 -0.000151707519172
224 -0.000141980009315
225 -5.33390389337e-05
226 0.000181816152624
227 -0.000120685951301
228 9.08817375311e-05
229 -0.000126026183247
230 0.000378919068195
231 -0.00027570046689
232 8.11675516737e-05
233 0.00067024269966
234 6.02729165093e-05
235 0.000242294544753
236 -9.75247827527e-05
237 0.000235756583233
238 0.000194515100317
239 0.000111242549469
240 0.000142429508953
241 0.000229389149811
242 0.000192917600949
243 -1.92112596264e-05
244 4.49676725987e-05
245 0.000104914631816
246 -5.36857706532e-05
247 -1.91934586028e-05
248 4.19799184656e-05
249 -9.10202689702e-06
250 -4.50721922975e-05
251 2.31278365768e-05
252 -7.64702008931e-06
253 -5.81276091605e-05
254 -5.15451775342e-05
255 -0.000104766644162
256 0.000168659983987
257 1.95023843555e-05
258 5.35371389306e-05
259 5.57941529735e-05
260 0.000213110478609
261 -8.61903761455e-06
262 -5.82646065141e-05
263 -0.000122748757949
264 -6.09113807083e-05
265 -3.31562320256e-05
266 -0.000101918009489
267 1.83871327764e-05
268 0.000116896891813
269 3.41987637907e-05
270 -2.82749449491e-05
271 0.000325477033077
272 0.000157014281264
273 0.000133226547047
274 0.000156537873484
275 0.000232345265029
276 -0.000156602807341
277 0.000111025422709
278 9.95235106927e-05
279 0.000507884425065
280 0.00015416838808
281 5.51245954676e-06
282 0.000482740563161
283 -0.000269987361591
284 0.000140925561551
285 6.47633243617e-05
286 0.000207525929147
287 -0.000778538061895
288 0.000210141056252
289 -0.000380455928951
290 9.19806672898e-05
291 -9.30180191821e-05
292 -0.00016629579342
293 -4.88783205241e-05
294 -6.01505662898e-05
295 -0.000183140498751
296 -0.000124342191474
297 -0.000336212178504
298 -0.000424226081837
299 0.000191537700262
300 -0.000172705722969
301 1.45555417945e-05
302 -8.85142423295e-05
303 -0.000369113337374
304 -0.000223523136864
305 -7.16022757866e-06
306 -0.000143566161603
307 -7.44841547725e-05
308 -0.000145715771449
309 -0.000211159717001
310 0.000256234547798
311 3.17603097868e-05
312 -2.52650673356e-05
313 -0.000134524345764
314 0.000113568164998
315 6.23735208309e-05
316 -0.000162677318701
317 -0.000267616854134
318 -0.000104196364688
319 0.000126620339021
320 -5.42569463256e-05
321 0.000109629311904
322 4.79041858059e-05
323 -0.000220274638931
324 3.89349088638e-05
325 0.00026709416812
326 -8.68186833991e-05
327 0.000180961775126
328 -0.000287038369188
329 -0.000287492741596
330 -0.000226900053843
331 9.83810393107e-05
332 -0.000120563284088
333 0.000329875017047
334 -0.000215667080425
335 -7.46914236069e-05
336 -0.000224052842136
337 -0.000268269291505
338 -4.56521121004e-05
339 -0.000619133340113
340 6.61493231131e-05
341 -0.000129534680524
342 -0.000307080565462
343 0.000865278185009
344 -0.000283764547139
345 -0.000490669479609
346 0.000193838343218
347 -0.000116129047551
348 0.000196173701314
349 -0.000104906973978
350 -0.00039813668044
351 -0.000126484774746
352 -0.000118054252895
353 -0.000336363821927
354 0.000205167376335
355 0.000147980223644
356 -0.000242443207785
357 -0.000214232016795
358 6.62650795086e-05
359 -0.000246330186309
360 -0.000566022389591
361 -0.000277227842123
362 -0.000199730978135
363 7.13766330636e-05
364 -0.000254103059541
365 0.000422872133812
366 9.02956472127e-05
367 -4.46750375505e-05
368 -8.0790031156e-05
369 -8.88947927065e-05
370 -5.24123045082e-05
371 -4.25402174807e-05
372 -0.000132409752386
373 -0.000439167053079
374 -0.000142995269943
375 -1.46505926229e-06
376 4.98219475408e-05
377 -0.000157768456399
378 -1.93128104967e-05
379 2.22927277344e-05
380 5.12435935672e-05
381 0.00063669400081
382 0.000286813461427
383 0.00335110524085
384 0.000118319840831
385 2.11903099069e-05
386 0.000594135991529
387 -0.000117082427313
388 -7.53106463124e-05
389 -0.00022053555407
390 0.00014522166797
391 -0.000187555821685
392 -0.000895468370679
393 -2.55297304997e-05
394 0.00022889150448
395 0.000395964191108
396 -7.50534501547e-05
397 -0.000280448949043
398 0.000327184949946
399 -1.98457023379e-05
400 0.000129884788739
401 0.000204001533888
402 -5.92269437058e-05
403 0.000196568659597
404 0.000522623361548
405 0.000515642498199
406 0.000753582952012
407 0.00037282683146
408 0.000208087847804
409 0.000519879077856
410 -0.000346743947485
411 -0.000256876796779
412 0.000169444739625
413 -0.000175869495261
414 9.11815578015e-05
415 0.000101957102924
416 0.000225595199064
417 0.000491056769293
418 0.000128684119026
419 0.000176007013724
420 0.00019008101137
421 -0.000170300474857
422 -0.000271576678957
423 -0.000147474637822
424 -0.000157672943251
425 -6.94739991382e-05
426 0.000172047120807
427 0.000183841396551
428 5.28568954526e-05
429 -0.000151230125754
430 -0.00027951338353
431 1.26940667741e-05
432 0.000168174245748
433 0.000107822139163
434 -4.9248580286e-05
435 0.000246881477094
436 0.000729299095831
437 -4.25228965894e-05
438 -0.0003293303379
439 0.000104037857113
440 5.65526843601e-05
441 0.000148611202266
442 0.000239951790484
443 0.000125564827913
444 -0.000104822456771
445 2.36119011059e-05
446 0.000113700440944
447 0.000407611855126
448 -0.000114841486092
449 -6.94832395416e-05
450 0.000119587847727
451 -9.67791599447e-05
452 0.000304742766404
453 0.00014399174307
454 -8.0149880224e-05
455 0.000338843114592
456 -0.000105502097723
457 0.000114839428606
458 0.000253850364721
459 8.18766324484e-05
460 -0.000139832899933
461 6.63051904388e-05
462 9.69995607012e-05
463 1.92477231896e-05
464 -8.71585957568e-05
465 -0.000125862033109
466 -0.000354470208255
467 2.05110069217e-05
468 2.29192808897e-05
469 5.66778505097e-05
470 -0.000261378142083
471 0.000151609722076
472 2.28278223757e-06
473 -4.88129579543e-06
474 -0.000129382890898
475 -7.60189465617e-06
476 -5.72830962612e-05
477 4.6836649902e-05
478 -0.000129471708811
479 -6.18852833352e-05
480 -0.000133015722289
481 -0.000336053673772
482 -0.000167990670425
483 2.0089517428e-05
484 7.08828461605e-05
485 6.6735261507e-05
486 0.000208835020547
487 0.000182859059797
488 1.94822158194e-05
489 0.000115103151441
490 0.000256018662001
491 5.1989025064e-08
492 -1.16986278415e-05
493 0.000428047433713
494 0.000144168084536
495 0.000432466827722
496 -5.06553018273e-05
497 -0.000205121416254
498 0.000451027679184
499 0.000771250782472
500 1.75262953344e-05
501 0.000365925057171
502 0.000137419872415
503 0.000408248413514
504 -0.000216837763607
505 0.000354186591138
506 0.000176230142016
507 -1.07262285865e-05
508 -0.000927134646841
509 -0.00775372844538
510 -0.011546017774
511 0.00467385137408
512 0.0
513 0.000595549154879
514 -0.0113043814568
515 -0.00504754242772
516 -0.000107214270874
517 0.000210742900229
518 0.000202634495888
519 0.000161737607898
520 -0.000591810179528
521 -0.000145738161148
522 -8.19470274599e-05
523 0.000925128984469
524 2.3151183351e-05
525 0.000324561264728
526 0.00100200235335
527 0.00018361584306
528 5.03453146048e-05
529 0.000234664980934
530 0.000137211807103
531 0.000282381558858
532 2.72786934733e-05
533 -4.46696394825e-05
534 0.000289361184986
535 0.000180505259307
536 1.80177932015e-06
537 0.000215746352497
538 8.86853756869e-05
539 2.71489728377e-05
540 3.52356391514e-05
541 6.56555795653e-05
542 -0.000212130145219
543 -0.000578583770298
544 -8.77901180102e-05
545 -0.000165632671201
546 -7.72129832464e-05
547 -0.000162011503092
548 1.67978536909e-05
549 -9.40701040209e-06
550 -0.000195257588857
551 4.43085060885e-05
552 -1.90760187194e-05
553 -6.3932515321e-05
554 -0.000518714039031
555 -2.49227368554e-05
556 -0.000209481921294
557 -0.000175599266654
558 -0.000190014841649
559 -0.000534032272115
560 -0.000297249493909
561 -0.000233052894186
562 -7.46533550677e-05
563 8.03868905928e-05
564 0.000105852955618
565 0.000179093768628
566 2.09576581872e-05
567 0.000174881091752
568 -2.41821348659e-05
569 0.000349166446676
570 -6.09168896589e-05
571 4.40685976673e-05
572 0.000419237240949
573 0.00027869308321
574 0.000200917079181
575 -8.11849986411e-06
576 -0.000296943368671
577 9.75447535056e-05
578 2.1443655218e-06
579 -3.63022854058e-05
580 -0.000219671805872
581 4.76007122245e-05
582 0.000310793869992
583 0.000371583405761
584 0.00021328993569
585 6.5051145897e-05
586 -0.000540938329791
587 -2.11160009042e-05
588 0.000361045985805
589 0.000203683866912
590 -9.24542438388e-05
591 0.000283059143976
592 -3.72582726026e-05
593 -0.000116552827707
594 -0.000272646518772
595 -0.00029817028661
596 -0.000155947631046
597 0.00017578679577
598 -0.00033011448898
599 -4.70013090082e-05
600 -0.000181822467247
601 -0.000435108365488
602 -0.000189449294496
603 -0.000222360428041
604 -9.54152005955e-05
605 0.000392217207653
606 0.000515410531673
607 0.000190016104282
608 0.000269989433819
609 -0.000102670127643
610 0.000178303188195
611 -0.000300279385736
612 -0.000111792994868
613 -0.000413370344907
614 -0.000355739626512
615 -0.00010474512817
616 0.000590733133471
617 6.95283280767e-05
618 0.000829598730294
619 0.00101502057876
620 0.000333743423646
621 0.00022292402363
622 -0.00029702885029
623 -0.000128485862886
624 -5.81262748492e-05
625 -0.000165135223696
626 -0.000429616839341
627 0.000254654132233
628 0.000278994348004
629 0.00050620583232
630 -7.03980365365e-05
631 -0.000177607604571
632 -5.27381227111e-05
633 0.000702443202487
634 -0.000220996303667
635 0.000264644229746
636 0.00018694323374
637 0.00039170982103
638 0.000448661874359
639 -8.83100123998e-05
640 6.2289611291e-05
641 -0.000657606505793
642 -0.000341673364674
643 0.000553587172963
644 -0.000154188270496
645 0.000140234353475
646 -0.00057589244348
647 -3.77418330322e-05
648 0.000303375902521
649 0.000270063132547
650 -0.00102461251824
651 -0.000525845920438
652 0.00118715010135
653 -0.000395666431755
654 0.000105536313769
655 -9.20500313085e-05
656 -5.70420966547e-05
657 -0.000741940188872
658 0.000193399676151
659 -0.000122631564553
660 -0.000371622896832
661 2.05731780873e-05
662 -8.63654226919e-05
663 -0.000284052551687
664 -0.000125481984542
665 2.46318485008e-05
666 -0.00024827491622
667 0.000227403801673
668 -0.000383759360689
669 -0.000177693451294
670 -0.000467501187457
671 -0.000700604239368
672 -0.000421471688175
673 -0.000185297977716
674 -0.000643785601566
675 -8.93943035392e-05
676 -0.000242640860696
677 -0.000449714251407
678 -0.00145163236492
679 -0.000529929176404
680 -9.07129036028e-05
681 -0.00103433976653
682 -0.000380087024941
683 -4.62724653499e-05
684 0.000254418457824
685 -0.000359106791876
686 -0.000430189260483
687 -0.000293734440318
688 -0.000346242944137
689 -0.000564483759514
690 1.26130504567e-05
691 -0.000207767166056
692 -0.000314332488057
693 -0.000221820224738
694 -0.000222134845718
695 -0.000363455432378
696 7.26403988399e-05
697 6.66733124689e-05
698 0.000155366503147
699 -0.000139868606904
700 3.20590409583e-05
701 0.000251036976929
702 2.46210466355e-05
703 -8.7437742355e-05
704 -0.000248556500232
705 -5.15842827665e-05
706 -0.000171367367479
707 -0.000451283912645
708 -5.47859471006e-05
709 9.59303504314e-05
710 -2.27640827224e-05
711 3.54450333498e-05
712 -7.42668601406e-06
713 -1.76907230602e-05
714 0.000124185982225
715 -0.000269195658124
716 -0.000161501384835
717 -4.53237201733e-05
718 3.61636724563e-05
719 -7.17846243924e-05
720 -0.000296892920435
721 -0.000132669918595
722 -7.06510378271e-05
723 -0.000163297383661
724 -0.000103921869234
725 -8.00444687885e-05
726 -0.00047217702128
727 -0.00013839313431
728 -5.8447866535e-05
729 -0.000157884450318
730 2.83955266956e-05
731 -7.08454682851e-05
732 1.59890612572e-05
733 -1.07977978202e-06
734 0.000162573648942
735 -0.000123997392293
736 0.00015353752413
737 -8.55915329358e-05
738 0.000107300718773
739 -1.23646267998e-05
740 2.67838507455e-05
741 -0.000339593228762
742 0.000228343967678
743 -1.9285283777e-05
744 -3.62689138132e-05
745 0.000777739715854
746 4.06704805251e-05
747 -4.17648217875e-05
748 -8.91920483118e-05
749 0.000382548981027
750 0.000202219430461
751 0.000158524562736
752 7.0564755949e-05
753 0.000379269701116
754 0.000190900611606
755 -8.48299447949e-05
756 1.52866042145e-05
757 6.36185888842e-05
758 -4.70607535176e-06
759 -7.53215081548e-05
760 0.000112277679485
761 -2.03520020445e-05
762 2.93898666245e-05
763 4.64809359063e-05
764 5.71726359489e-05
765 -0.000144576622509
766 -9.18363048234e-06
767 0.000218513178384
768 -7.29504739324e-05
769 -3.14890529278e-05
770 -0.00012793843818
771 -0.000164479163117
772 1.93065281673e-05
773 -8.03518609872e-06
774 -5.04947219829e-05
775 6.33679800074e-06
776 3.52656103781e-05
777 -1.88048943018e-05
778 3.97419299823e-05
779 9.75800911565e-05
780 2.95352911026e-05
781 4.10381095361e-05
782 3.33190558332e-05
783 0.000232826565393
784 -0.000128102477566
785 0.000245802245096
786 6.31050904347e-05
787 0.000289676515875
788 -0.000296910122737
789 0.0001374806451
790 3.78326026072e-05
791 0.000579985429589
792 0.00022682434107
793 -1.59761000729e-05
794 -8.54763267391e-06
795 -0.000113318427571
796 -7.70830313205e-05
797 -1.21514208183e-05
798 0.000158596561563
799 0.000536350982006
800 -3.79443683131e-05
801 -0.000189983605746
802 -2.44866180681e-05
803 3.78523211494e-05
804 2.50154773253e-05
805 -3.3713890994e-05
806 -4.01987616068e-05
807 -6.69710080691e-05
808 0.000142282079099
809 -0.000255276385946
810 -0.000281242990198
811 -3.95896692213e-05
812 4.69269987829e-05
813 -0.000125116379223
814 -7.97390161503e-05
815 -0.000138046427126
816 -0.000156677084555
817 -4.38618670651e-05
818 -2.89364274179e-05
819 -7.04480454495e-05
820 -0.000105766780687
821 -0.000168115894714
822 8.91987070682e-05
823 -2.14128025317e-05
824 -2.25310910829e-05
825 -7.55257434209e-05
826 2.73577304749e-05
827 4.15556850103e-05
828 -4.33329148627e-05
829 -0.000250634374154
830 -3.19510746909e-05
831 7.44778179751e-05
832 -7.03046637989e-05
833 -0.00015341024912
834 1.41993779517e-05
835 0.000157818704932
836 0.000116265811966
837 -0.00012968392906
838 -0.000198049756223
839 4.51866259419e-05
840 5.33767487162e-05
841 -3.53407576043e-05
842 -0.000112105035781
843 -0.000211896977501
844 -0.000106023461368
845 0.000130162743031
846 -5.27948771936e-05
847 1.02561877603e-05
848 -0.000205834964626
849 -0.000132410237275
850 -0.000120141716198
851 -0.000270068890846
852 0.000129657706522
853 -0.00017459887864
854 -9.09789973262e-05
855 -0.000564937802169
856 0.000128669468338
857 -0.000137718101795
858 -0.000322324987714
859 -8.9329131216e-05
860 -0.000106403688878
861 -9.22542473717e-05
862 -3.64498768872e-05
863 -8.96584566583e-05
864 -0.000333135289523
865 6.64126259261e-05
866 2.2278207723e-05
867 -0.000326131203358
868 -0.000129128829605
869 -0.000113225360208
870 -0.000116596997462
871 -5.16085249067e-05
872 -2.16772680974e-05
873 -5.90306122874e-05
874 -0.00012201805035
875 -1.06537697722e-05
876 -0.000194085950722
877 -0.000171856757981
878 -0.00013906924924
879 -7.71365123661e-05
880 -0.000114042021289
881 -2.38701435243e-05
882 -7.54557703734e-05
883 -6.26886560032e-05
884 -0.000131179575417
885 -0.00023657391038
886 -2.46401827863e-05
887 -0.000134051577431
888 -0.000186288237916
889 7.46966432299e-05
890 1.8346902624e-05
891 -0.00012906442744
892 -9.93805720235e-05
893 7.49586548401e-05
894 -9.03214162187e-05
895 -0.00141753435602
896 -5.11242236912e-05
897 3.53128925672e-05
898 -0.000149828871407
899 7.36957575033e-05
900 0.000165497973105
901 0.00013541372685
902 5.02545862094e-05
903 -3.26894911441e-05
904 0.000526326478177
905 0.000166798669791
906 -3.76553040632e-05
907 9.19942426879e-05
908 0.00012397791384
909 0.000100386255757
910 -4.82360649262e-05
911 9.08917808047e-05
912 5.84812973216e-05
913 -8.3030666456e-06
914 3.25080327424e-05
915 8.77285557026e-05
916 -7.72252482996e-05
917 0.00022911869077
918 0.000232150557533
919 1.13825390225e-06
920 7.82443313699e-06
921 -5.958579262e-05
922 -1.06982379789e-05
923 -3.94792785189e-05
924 -0.000145647505594
925 -0.00010013616822
926 -5.26175859769e-05
927 -4.20414097549e-06
928 -3.42618666946e-05
929 1.84733129043e-05
930 4.17847368383e-05
931 0.000125346692792
932 -6.34350005244e-05
933 -6.76969582758e-05
934 2.69039994358e-05
935 -0.000122944880812
936 -3.99927861523e-05
937 -7.52296734644e-05
938 8.9448704785e-06
939 6.35957343815e-05
940 -3.35531282335e-05
941 4.62799227252e-07
942 -3.08292081052e-05
943 -1.4140664979e-05
944 4.34483214414e-05
945 3.4679423481e-05
946 -2.42472136035e-06
947 7.22510873598e-05
948 0.00011655262703
949 -6.36577130723e-05
950 -4.1088756823e-05
951 -8.30689079408e-06
952 3.35805305328e-05
953 4.65600585883e-05
954 6.76285329991e-05
955 5.1845948947e-05
956 2.68795451779e-05
957 1.39762571121e-05
958 2.78606492301e-05
959 8.20040741638e-05
960 -1.37575600794e-05
961 -2.23039348939e-05
962 9.07876556712e-06
963 0.000105574815697
964 6.62658799996e-05
965 1.87740644536e-05
966 5.72589859622e-06
967 4.6209154141e-05
968 -6.99830363045e-06
969 8.49505280568e-06
970 2.19442469982e-05
971 9.52066861148e-06
972 3.92748048485e-05
973 1.87235728685e-05
974 2.17297251644e-05
975 4.47666655798e-06
976 -4.29060662859e-05
977 -5.36423700463e-05
978 9.15005668008e-06
979 4.26243494135e-06
980 -1.67398701434e-05
981 -3.49435087371e-06
982 -5.03547273667e-05
983 -2.25412175998e-06
984 -1.1235770394e-05
985 -1.49878504634e-06
986 -2.39086450789e-05
987 -7.27700281985e-06
988 -1.36373921877e-06
989 6.60099498798e-07
990 -4.45581112464e-06
991 -1.58127069215e-05
992 -2.12196213933e-05
993 -2.57748909749e-05
994 -9.6494981878e-06
995 1.02783726068e-05
996 1.84644661105e-05
997 7.78998735224e-07
998 9.18703611108e-06
999 2.08451921442e-05
1000 2.32436257073e-06
1001 6.40457649241e-06
1002 2.67487876022e-05
1003 1.1182021979e-05
1004 -3.38344034804e-07
1005 5.89538622213e-06
1006 7.81017404953e-06
1007 5.25901159723e-06
1008 3.07741154272e-06
1009 1.42512861584e-05
1010 2.1093871864e-05
1011 4.33073778887e-06
1012 1.48321732431e-05
1013 1.16641529543e-05
1014 -3.79651923458e-06
1015 -1.11002496372e-05
1016 -1.5783156813e-05
1017 8.15005324168e-06
1018 1.63117323914e-06
1019 5.55088384975e-07
1020 -8.04442278673e-06
1021 -1.94033222788e-05
1022 -6.34810073401e-06
1023 3.40129564572e-05
