-1.31116079809e-05
0 9.95356555768e-06
1 2.08661271297e-05
2 3.79710537538e-05
3 1.26623808586e-05
4 9.18563226366e-06
5 1.63084817031e-05
6 7.23612518401e-06
7 1.52767721228e-05
8 8.89947978595e-06
9 -1.3093682055e-05
10 -3.69339886448e-05
11 -2.88537873063e-05
12 -1.84568310214e-05
13 -1.41360673798e-05
14 2.03502098101e-07
15 -9.35942265852e-07
16 6.8583199038e-06
17 4.39478515283e-06
18 -1.14214373638e-05
19 1.14338200179e-05
20 2.91571154209e-05
21 -7.26407483913e-06
22 -3.14876948112e-05
23 -2.76881410962e-06
24 7.84828763529e-06
25 2.482462101e-05
26 8.64174950506e-06
27 -5.92885384098e-05
28 -4.55575619575e-05
29 -3.41329002209e-05
30 1.1020155121e-05
31 2.85634718649e-05
32 2.93774829561e-05
33 3.25823941187e-05
34 1.3905102916e-05
35 -1.02756168842e-05
36 1.3824011818e-05
37 1.28080066512e-05
38 5.45390534001e-06
39 4.64509286313e-05
40 0.000106056561542
41 2.29149940903e-05
42 -2.11536882467e-05
43 -7.7129454773e-05
44 -5.74850725561e-05
45 3.96686845254e-05
46 -3.61224263703e-06
47 -2.02938126763e-05
48 -1.70662949581e-05
49 3.69933600595e-05
50 8.72926727712e-06
51 2.34690167313e-05
52 -3.6820632586e-06
53 -7.99706062127e-05
54 -0.000139427163613
55 0.000104789951052
56 0.000151244315646
57 3.1768914204e-05
58 -6.10070553339e-06
59 6.64174769468e-05
60 1.48353510768e-05
61 -5.51394241412e-05
62 -9.77678567441e-05
63 -0.000126220559384
64 -2.89948160483e-05
65 5.28272252978e-05
66 -6.33732339642e-05
67 -7.92465615935e-05
68 -0.000148068184743
69 -0.000149281054416
70 -0.000158862379783
71 -0.000138871855617
72 1.97667026913e-05
73 0.000104653211587
74 0.000123733117623
75 -3.88119428273e-05
76 -3.12038863504e-05
77 -9.17502325999e-05
78 -5.17166934862e-05
79 -5.60914005569e-05
80 -0.000156751505257
81 -0.000165106008098
82 -7.57612376369e-05
83 -4.8109179072e-05
84 -2.60410945236e-05
85 1.58915840789e-05
86 0.000103376433029
87 4.33624697695e-05
88 -9.47591932816e-05
89 -0.00013232332716
90 -8.78887790985e-05
91 -0.000101780683201
92 -7.7069669229e-05
93 -4.57935075863e-05
94 -3.46993104428e-05
95 -7.25904922716e-05
96 -3.07468008681e-05
97 -4.11489270059e-05
98 -7.48226604661e-05
99 6.4373051805e-06
100 -9.69852809996e-05
101 -0.000111856498079
102 -0.000108411424698
103 -4.8842470056e-05
104 -3.2626475049e-05
105 -6.1224522584e-05
106 -0.000106149671879
107 -0.000157803617775
108 -0.000121322688617
109 -4.20334299301e-05
110 -1.62836350921e-05
111 -8.72506336505e-05
112 -1.40698797808e-05
113 -3.24959084418e-05
114 -1.98188813528e-05
115 -7.54217539889e-05
116 -4.10863329454e-05
117 -7.73416225034e-05
118 -0.000232623556238
119 -0.000219094412336
120 -8.56307518102e-05
121 -0.000141589594927
122 -0.000157477760041
123 -5.33433918563e-05
124 -6.9210045969e-05
125 -0.000191215134088
126 9.67500824138e-06
127 -1.93410603596e-05
128 -0.000143632074658
129 -0.000261255029008
