0.181873635835
0 0.0
1 0.0
2 -0.000151197825812
3 -0.000291945657999
4 -0.000277850392753
5 -0.000209878163266
6 -3.56297634377e-05
7 0.000301945842138
8 0.000204051291427
9 1.06928443765e-05
10 0.00012253587366
11 0.000299647004182
12 9.66079090998e-05
13 5.04108603452e-06
14 -0.000173068004663
15 -0.000217592895105
16 7.69216320462e-05
17 1.08263900618e-05
18 5.12001657306e-05
19 -1.98007931259e-06
20 -0.000141890963472
21 -0.000220041552214
22 3.41786633694e-05
23 1.90645941121e-05
24 -0.000192766915029
25 5.60233519304e-05
26 -6.89500699496e-05
27 -2.28225826653e-05
28 1.62865286315e-05
29 3.18717521503e-05
30 9.82796357518e-06
31 -0.000126270309249
32 -0.000160963774282
33 -0.000233883669695
34 5.59059699994e-05
35 1.58113177558e-05
36 -5.13722405868e-05
37 -0.000116322836346
38 -3.16467338136e-05
39 -7.36133193052e-05
40 2.81597563947e-05
41 -4.82303280864e-05
42 3.71742362673e-05
43 5.06238937463e-06
44 2.85655368849e-05
45 2.69840048812e-05
46 -1.62702588368e-05
47 -9.64176386737e-06
48 -1.65388588478e-06
49 -1.74434116677e-06
50 2.31385970478e-05
51 1.27378270482e-05
52 3.79146446802e-06
53 -8.49930499777e-06
54 7.35418680256e-07
55 1.50101006191e-05
56 7.75183248264e-06
57 3.29073804801e-05
58 2.33260461278e-05
59 1.61719338712e-05
60 4.6206563018e-06
61 -9.89996717802e-06
62 -2.00581701226e-05
63 -1.52919561028e-05
64 8.04150605137e-06
65 4.54506081817e-05
66 -3.30886325228e-05
67 -3.52846788773e-06
68 -1.47324029465e-05
69 -1.53256350792e-06
70 9.46262831844e-06
71 7.44059492432e-06
72 -2.50033262539e-06
73 6.93900306944e-06
74 3.15467632767e-05
75 1.94435140134e-05
76 1.90602954871e-05
77 -1.61367840487e-05
78 -1.12797247728e-05
79 3.26068354802e-05
80 1.24019149234e-05
81 -1.85160931734e-05
82 1.50811491417e-05
83 -9.97629620658e-06
84 -2.47269802723e-05
85 -6.80799405417e-05
86 -2.14962635911e-05
87 3.11261177133e-05
88 2.07770890954e-05
89 1.96270040483e-05
90 1.35104673881e-05
91 -2.13328436214e-05
92 -0.000103184663087
93 -1.09084617581e-05
94 5.51519654642e-05
95 5.42844021643e-05
96 -4.7944162407e-05
97 4.26681723988e-05
98 2.03563082044e-05
99 -1.8307473365e-05
100 -2.46313820933e-05
101 -6.20097877779e-05
102 2.94974160716e-05
103 1.28701679316e-05
104 4.03495991645e-05
105 3.36530443424e-05
106 1.68791524533e-05
107 2.64186247175e-05
108 -2.92364736938e-05
109 -1.90061701388e-05
110 7.98858357575e-05
111 2.77297339141e-05
112 6.24505487364e-05
113 -4.98344901801e-06
114 -6.86895075656e-05
115 1.41936745877e-06
116 7.07838870471e-05
117 2.62946137076e-05
118 4.16706958851e-06
119 -2.70336455673e-05
120 -7.76275244343e-05
121 2.38344719016e-05
122 0.000144984771713
123 9.81541336981e-05
124 -3.91597715085e-06
125 -7.5234371158e-05
126 8.64441331393e-05
127 -1.38734710487e-06
128 2.01753153751e-06
129 2.27730290366e-05
130 -1.80841017099e-05
131 -1.57383516813e-06
132 1.52086580464e-05
133 -3.94020183217e-05
134 5.51085510187e-05
135 -1.50465790309e-05
136 4.39957681342e-05
137 9.07181013247e-05
138 3.21636284495e-05
139 1.71838139155e-05
140 -9.0937004589e-05
141 8.79387093924e-06
142 5.23121633744e-05
143 4.16238968954e-05
144 2.97584352121e-05
145 -3.68196502223e-05
146 -3.83233999277e-05
147 1.47963968314e-05
148 -3.79092605164e-05
149 3.00188305487e-05
150 3.93777364949e-05
151 5.7690053322e-05
152 -1.71284903338e-05
153 -1.35298700773e-05
154 2.71100486994e-05
155 1.97409789933e-05
156 -3.48830813458e-06
157 -1.72235263408e-05
158 -3.61359724396e-06
159 -3.21520956061e-05
160 -5.03536205942e-05
161 2.4061255005e-06
162 1.12645081889e-05
163 -4.41601422825e-05
164 -0.000102004537895
165 4.02144607528e-05
166 -0.000114871251984
167 7.87754581218e-05
168 2.58774592366e-05
169 -3.38521272544e-05
170 6.90621844721e-07
171 5.32671756568e-05
172 -9.97301550137e-06
173 -3.23138526505e-05
174 -6.56043192493e-05
175 9.23821772602e-05
176 -7.41323467254e-05
177 -0.000205958071595
178 -0.000164240656595
179 -0.000107047794792
180 -7.22596320755e-05
181 4.09758332198e-05
182 5.21614390986e-05
183 0.00010042443028
184 3.88159037707e-05
185 -1.59961670526e-05
186 -9.00443478286e-05
187 8.83955143245e-06
188 1.0397506471e-05
189 8.70697203897e-05
190 0.000135235910773
191 -7.67747825751e-05
192 2.2091974651e-06
193 2.85281234601e-05
194 3.16761028868e-05
195 -9.4683316204e-05
196 7.09571630162e-05
197 1.51856327827e-05
198 -2.43345864349e-05
199 2.21931853239e-05
200 2.86048449722e-05
201 2.36169362306e-05
202 -3.19656627235e-05
203 -6.60714188046e-05
204 1.65862969852e-05
205 1.47860301659e-05
206 -1.19898042826e-05
207 -4.61178244107e-05
208 3.99706854146e-07
209 2.15738107499e-05
210 1.96086643998e-05
211 3.66883710002e-05
212 -4.27761586761e-05
213 -9.72610423071e-06
214 -3.58219988772e-05
215 1.877478929e-05
216 -1.53279800096e-05
217 -3.10288495128e-05
218 -2.88456474956e-05
219 6.4926143899e-05
220 -3.21340945771e-05
221 2.88079177193e-05
222 -2.36446672615e-05
223 -4.47167343052e-05
224 -2.0414846202e-05
225 -2.69565343846e-05
226 3.75747138208e-05
227 -5.33019756368e-06
228 -6.82872457811e-06
229 1.61296155137e-05
230 -3.67844970507e-05
231 -2.3344733677e-05
232 3.21916925182e-06
233 6.49644747868e-05
234 2.68495623469e-05
235 -6.07553054536e-05
236 3.19402689058e-05
237 3.40676031663e-06
238 -1.95665658186e-05
239 -6.07106153714e-05
240 1.47833901761e-05
241 -3.16549943274e-05
242 1.75694294259e-05
243 0.000115044254705
244 1.19115762786e-05
245 -3.48612904699e-05
246 7.2091900703e-05
247 5.92069872303e-05
248 -7.28346784688e-05
249 0.000137077436193
250 -4.29618053498e-05
251 -8.3425807802e-05
252 2.05438289831e-05
253 1.2108579269e-05
254 4.18657941051e-06
255 3.89622657487e-05
256 -3.97998251873e-06
257 -1.05856120302e-05
258 1.53514426495e-05
259 8.93209311186e-07
260 7.01537218286e-05
261 -2.43966987747e-05
262 -1.92996403512e-05
263 1.62706488183e-05
264 -6.08211676994e-05
265 9.7731126753e-06
266 -3.02603165463e-05
267 -4.36917083222e-06
268 -4.00638796503e-05
269 -5.98415704777e-06
270 4.67303658605e-05
271 3.72113215334e-05
272 6.54037308564e-05
273 4.15146285885e-05
274 1.91445872163e-05
275 1.10830161303e-05
276 -2.41129456931e-05
277 6.97434989327e-05
278 2.60204799947e-05
279 -3.60841647183e-05
280 -5.42821447855e-05
281 -3.28946639122e-05
282 -7.058635226e-05
283 0.000114220958064
284 -3.77373764243e-05
285 1.02434466131e-06
286 7.82420376153e-05
287 -1.23788630393e-06
288 -7.87432597655e-06
289 3.79588401432e-05
290 7.14852184355e-05
291 -4.6964273588e-05
292 3.68961739441e-05
293 -1.23334275447e-05
294 -0.000103741488608
295 4.06748669182e-05
296 -8.82104268869e-05
297 -4.11484049029e-05
298 4.99656049526e-05
299 0.000140254179206
300 3.15953985067e-05
301 6.63529129645e-06
302 -1.57672408076e-05
303 2.72151834951e-05
304 4.43142629227e-05
305 -1.50701767646e-05
306 8.37399218932e-06
307 2.01979150717e-05
308 -4.82684258806e-05
309 -2.37531712328e-05
310 7.00362391185e-07
311 8.42906403938e-06
312 3.65431165425e-05
313 3.54038486768e-05
314 -2.05954058793e-05
315 -8.83449032642e-06
316 -1.93444866483e-05
317 -8.5818253965e-05
318 -3.51088525608e-05
319 4.53138663561e-05
320 5.39770157416e-05
321 -9.59071065508e-05
322 1.28440242908e-05
323 7.68052252494e-05
324 -2.51144221856e-05
325 7.42140786967e-07
326 -9.10229929898e-06
327 -4.01609696855e-05
328 3.32316588594e-05
329 3.54483962075e-06
330 -1.12837260721e-05
331 -3.61730515897e-05
332 -2.7036731558e-06
333 -2.16954487091e-05
334 -1.17888935086e-05
335 2.37206105841e-05
336 -0.000116703312433
337 2.66580540806e-06
338 -1.98458999964e-05
339 -5.58542575065e-05
340 7.69138176879e-05
341 7.08230804997e-06
342 -6.32680458417e-06
343 8.44276977905e-05
344 6.7037046719e-05
345 -3.62066678282e-06
346 0.000116072139184
347 3.71724661995e-05
348 -1.14349019376e-05
349 -5.47278406162e-05
350 8.06077164284e-06
351 1.31788506279e-05
352 -6.71523225796e-05
353 4.6626652396e-06
354 1.70388046068e-05
355 3.6393504024e-05
356 -3.74345733203e-05
357 -8.33303019406e-05
358 5.5508581942e-05
359 3.1047060768e-05
360 -3.86120494584e-05
361 4.36487078458e-05
362 -1.13164493241e-05
363 -3.05097543163e-05
364 3.27969905693e-06
365 -2.25667780294e-05
366 1.55065061433e-05
367 6.93550995097e-06
368 -2.22293247057e-05
369 -4.6536460499e-06
370 1.65427390837e-05
371 -2.70387836782e-05
372 -1.9640134362e-06
373 1.26118143403e-05
374 -2.57471257057e-06
375 -5.86275957821e-06
376 -1.23608589547e-05
377 -2.85348759282e-05
378 -1.65129324194e-05
379 1.57094108907e-05
380 -1.50111944155e-05
381 1.73933185356e-05
382 3.0704546944e-05
383 2.75135077095e-05
384 7.22273120192e-06
385 4.42897058815e-06
386 7.59278936447e-06
387 2.26547360477e-06
388 3.36630539746e-05
389 0.000110333793345
390 -3.57410608273e-05
391 -2.40905117802e-06
392 -2.03992229912e-05
393 -6.30069652289e-05
394 2.5470325057e-05
395 -1.48281902256e-05
396 1.31157610986e-05
397 -4.74397615552e-05
398 0.000163460520453
399 5.86097232613e-05
400 -2.92027036173e-05
401 -4.58201556009e-06
402 9.4528203597e-06
403 4.60362664496e-05
404 -6.94645987928e-05
405 -3.92073730357e-05
406 -0.00012215879115
407 -7.31108526515e-05
408 6.0996003686e-05
409 0.000170605841144
410 -0.000126279576041
411 -0.000204180419046
412 -0.000102004061622
413 5.52712874402e-05
414 8.02956040219e-05
415 -5.45456607608e-05
416 3.80079179518e-05
417 3.11685253492e-05
418 -4.43759901434e-05
419 0.000106582082404
420 -7.73581400125e-05
421 1.73057156484e-05
422 -3.50592958115e-05
423 8.88030200512e-05
424 -0.000121791577145
425 -9.78658142538e-05
426 5.58681811846e-06
427 2.03160951127e-05
428 -2.97318120738e-05
429 8.73438816514e-05
430 3.85739408795e-05
431 1.36898242925e-05
432 -0.000102380771062
433 2.84220408175e-05
434 -2.09894053826e-05
435 2.07412570112e-05
436 -7.82426716114e-05
437 -8.47308596249e-05
438 -0.000106009101899
439 3.88721352583e-05
440 1.90660396395e-05
441 -1.32368484511e-05
442 9.75716260633e-06
443 -4.62074773409e-05
444 9.37152138929e-05
445 4.30178522349e-05
446 4.92332295845e-05
447 -2.84392171794e-05
448 -0.000136063062635
449 0.000157593031051
450 -3.87743509222e-05
451 -0.000108318740956
452 -8.28047346952e-05
453 -8.27305717352e-05
454 -4.22261733589e-05
455 -1.13620711385e-05
456 0.00019894398052
457 0.000134372033016
458 -0.000173143910374
459 -0.000259092350842
460 3.1251596247e-07
461 3.45673438347e-05
462 -5.48545703268e-05
463 -0.000133445102788
464 6.21284889614e-05
465 0.000220885548639
466 -8.12897135841e-05
467 -0.000196774473363
468 -0.000170683894406
469 -8.82327205164e-05
470 -6.84554677644e-05
471 -2.79471086756e-05
472 -0.000106270975013
473 -6.13372431068e-07
474 -0.000138721395073
475 -8.80530621366e-05
476 -0.00014109034679
477 7.72658938119e-05
478 3.64357161699e-05
479 4.05014200457e-05
480 -0.000123433647652
481 -0.000196425284225
482 -0.000126316139327
483 -2.30705720741e-06
484 -0.000243702499266
485 6.22111853179e-05
486 0.000118503544169
487 0.000108530209291
488 5.09092068874e-05
489 -0.000204129761608
490 2.47521447766e-05
491 -1.16971982761e-05
492 3.42504380973e-05
493 0.000158772744213
494 -0.000151699513485
495 0.000188843024486
496 -0.00010891186926
497 -0.000273513901125
498 -2.76411424799e-05
499 -4.78610145567e-05
500 -9.28633509139e-05
501 0.00010576615234
502 0.000174318692896
503 2.05542997551e-05
504 4.88395910113e-05
505 -0.000659519291603
506 -0.000691540522933
507 0.00017465930114
508 0.000241248374795
509 0.00021693318534
510 2.88251070389e-06
511 2.04498094116e-05
512 3.14354304941e-05
513 0.0
514 0.0
515 0.0
516 0.0
517 0.0
518 0.0
519 0.0
520 0.0
521 0.0
522 0.0
523 0.0
524 0.0
525 0.0
526 0.0
527 0.0
528 0.0
529 0.0
530 0.0
531 0.0
532 0.0
533 0.0
534 0.0
535 0.0
536 0.0
537 0.0
538 0.0
539 0.0
540 0.0
541 0.0
542 0.0
543 0.0
544 0.0
545 0.0
546 0.0
547 0.0
548 0.0
549 0.0
550 0.0
551 0.0
552 0.0
553 0.0
554 0.0
555 0.0
556 0.0
557 0.0
558 0.0
559 0.0
560 0.0
561 0.0
562 0.0
563 0.0
564 0.0
565 0.0
566 0.0
567 0.0
568 0.0
569 0.0
570 0.0
571 0.0
572 0.0
573 0.0
574 0.0
575 0.0
576 0.0
577 0.0
578 0.0
579 0.0
580 0.0
581 0.0
582 0.0
583 0.0
584 0.0
585 0.0
586 0.0
587 0.0
588 0.0
589 0.0
590 0.0
591 0.0
592 0.0
593 0.0
594 0.0
595 0.0
596 0.0
597 0.0
598 0.0
599 0.0
600 0.0
601 0.0
602 0.0
603 0.0
604 0.0
605 0.0
606 0.0
607 0.0
608 0.0
609 0.0
610 0.0
611 0.0
612 0.0
613 0.0
614 0.0
615 0.0
616 0.0
617 0.0
618 0.0
619 0.0
620 0.0
621 0.0
622 0.0
623 0.0
624 0.0
625 0.0
626 0.0
627 0.0
628 0.0
629 0.0
630 0.0
631 0.0
632 0.0
633 0.0
634 0.0
635 0.0
636 0.0
637 0.0
638 0.0
639 0.0
640 0.0
641 0.0
642 0.0
643 0.0
644 0.0
645 0.0
646 0.0
647 0.0
648 0.0
649 0.0
650 0.0
651 0.0
652 0.0
653 0.0
654 0.0
655 0.0
656 0.0
657 0.0
658 0.0
659 0.0
660 0.0
661 0.0
662 0.0
663 0.0
664 0.0
665 0.0
666 0.0
667 0.0
668 0.0
669 0.0
670 0.0
671 0.0
672 0.0
673 0.0
674 0.0
675 0.0
676 0.0
677 0.0
678 0.0
679 0.0
680 0.0
681 0.0
682 0.0
683 0.0
684 0.0
685 0.0
686 0.0
687 0.0
688 0.0
689 0.0
690 0.0
691 0.0
692 0.0
693 0.0
694 0.0
695 0.0
696 0.0
697 0.0
698 0.0
699 0.0
700 0.0
701 0.0
702 0.0
703 0.0
704 0.0
705 0.0
706 0.0
707 0.0
708 0.0
709 0.0
710 0.0
711 0.0
712 0.0
713 0.0
714 0.0
715 0.0
716 0.0
717 0.0
718 0.0
719 0.0
720 0.0
721 0.0
722 0.0
723 0.0
724 0.0
725 0.0
726 0.0
727 0.0
728 0.0
729 0.0
730 0.0
731 0.0
732 0.0
733 0.0
734 0.0
735 0.0
736 0.0
737 0.0
738 0.0
739 0.0
740 0.0
741 0.0
742 0.0
743 0.0
744 0.0
745 0.0
746 0.0
747 0.0
748 0.0
749 0.0
750 0.0
751 0.0
752 0.0
753 0.0
754 0.0
755 0.0
756 0.0
757 0.0
758 0.0
759 0.0
760 0.0
761 0.0
762 0.0
763 0.0
764 0.0
765 0.0
766 0.0
767 0.0
768 0.0
769 0.0
770 0.0
771 0.0
772 0.0
773 0.0
774 0.0
775 0.0
776 0.0
777 0.0
778 0.0
779 0.0
780 0.0
781 0.0
782 0.0
783 0.0
784 0.0
785 0.0
786 0.0
787 0.0
788 0.0
789 0.0
790 0.0
791 0.0
792 0.0
793 0.0
794 0.0
795 0.0
796 0.0
797 0.0
798 0.0
799 0.0
800 0.0
801 0.0
802 0.0
803 0.0
804 0.0
805 0.0
806 0.0
807 0.0
808 0.0
809 0.0
810 0.0
811 0.0
812 0.0
813 0.0
814 0.0
815 0.0
816 0.0
817 0.0
818 0.0
819 0.0
820 0.0
821 0.0
822 0.0
823 0.0
824 0.0
825 0.0
826 0.0
827 0.0
828 0.0
829 0.0
830 0.0
831 0.0
832 0.0
833 0.0
834 0.0
835 0.0
836 0.0
837 0.0
838 0.0
839 0.0
840 0.0
841 0.0
842 0.0
843 0.0
844 0.0
845 0.0
846 0.0
847 0.0
848 0.0
849 0.0
850 0.0
851 0.0
852 0.0
853 0.0
854 0.0
855 0.0
856 0.0
857 0.0
858 0.0
859 0.0
860 0.0
861 0.0
862 0.0
863 0.0
864 0.0
865 0.0
866 0.0
867 0.0
868 0.0
869 0.0
870 0.0
871 0.0
872 0.0
873 0.0
874 0.0
875 0.0
876 0.0
877 0.0
878 0.0
879 0.0
880 0.0
881 0.0
882 0.0
883 0.0
884 0.0
885 0.0
886 0.0
887 0.0
888 0.0
889 0.0
890 0.0
891 0.0
892 0.0
893 0.0
894 0.0
895 0.0
896 0.0
897 0.0
898 0.0
899 0.0
900 0.0
901 0.0
902 0.0
903 0.0
904 0.0
905 0.0
906 0.0
907 0.0
908 0.0
909 0.0
910 0.0
911 0.0
912 0.0
913 0.0
914 0.0
915 0.0
916 0.0
917 0.0
918 0.0
919 0.0
920 0.0
921 0.0
922 0.0
923 0.0
924 0.0
925 0.0
926 0.0
927 0.0
928 0.0
929 0.0
930 0.0
931 0.0
932 0.0
933 0.0
934 0.0
935 0.0
936 0.0
937 0.0
938 0.0
939 0.0
940 0.0
941 0.0
942 0.0
943 0.0
944 0.0
945 0.0
946 0.0
947 0.0
948 0.0
949 0.0
950 0.0
951 0.0
952 0.0
953 0.0
954 0.0
955 0.0
956 0.0
957 0.0
958 0.0
959 0.0
960 0.0
961 0.0
962 0.0
963 0.0
964 0.0
965 0.0
966 0.0
967 0.0
968 0.0
969 0.0
970 0.0
971 0.0
972 0.0
973 0.0
974 0.0
975 0.0
976 0.0
977 0.0
978 0.0
979 0.0
980 0.0
981 0.0
982 0.0
983 0.0
984 0.0
985 0.0
986 0.0
987 0.0
988 0.0
989 0.0
990 0.0
991 0.0
992 0.0
993 0.0
994 0.0
995 0.0
996 0.0
997 0.0
998 0.0
999 0.0
1000 0.0
1001 0.0
1002 0.0
1003 0.0
1004 0.0
1005 0.0
1006 0.0
1007 0.0
1008 0.0
1009 0.0
1010 0.0
1011 0.0
1012 0.0
1013 0.0
1014 0.0
1015 0.0
1016 0.0
1017 0.0
1018 0.0
1019 0.0
1020 0.0
1021 0.0
1022 0.0
1023 0.0
