-0.748078390653
0 7.67899448468e-06
1 1.86563815063e-05
2 3.41508233935e-05
3 1.07185560014e-05
4 7.10666612995e-06
5 1.29553054313e-05
6 5.52348510313e-06
7 1.27066985016e-05
8 7.9413740281e-06
9 -1.23289287208e-05
10 -3.35526127981e-05
11 -2.73395203084e-05
12 -1.84449362075e-05
13 -1.27381191692e-05
14 2.73410579332e-07
15 -1.48119538946e-06
16 6.19892778505e-06
17 3.74559625403e-06
18 -1.27631255347e-05
19 9.15211941017e-06
20 2.57921600513e-05
21 -8.04276244288e-06
22 -2.96969147186e-05
23 -4.40983087934e-06
24 2.95619296699e-06
25 2.13386097421e-05
26 8.19863513844e-06
27 -5.557707932e-05
28 -4.79746794271e-05
29 -2.91468099283e-05
30 1.22011279063e-05
31 3.34455166825e-05
32 2.72180797707e-05
33 2.62985536295e-05
34 9.16440563377e-06
35 -1.50408602503e-05
36 1.61053307415e-05
37 1.19358755253e-05
38 4.54327456732e-07
39 4.07343070433e-05
40 9.69851069087e-05
41 1.94453469398e-05
42 -2.38031605428e-05
43 -7.18815101349e-05
44 -4.93508172044e-05
45 3.70214027414e-05
46 -2.51128199349e-06
47 -1.44274598604e-05
48 -1.61037433267e-05
49 3.25140716061e-05
50 5.28055614907e-06
51 2.33592693468e-05
52 -5.9974424549e-06
53 -7.08880897142e-05
54 -0.000118965521869
55 8.89468461331e-05
56 0.000130574306974
57 1.71278639888e-05
58 -1.01087701876e-05
59 6.21614731297e-05
60 1.55207292925e-05
61 -5.64345840311e-05
62 -8.65361839362e-05
63 -0.000123793450969
64 -2.21461795011e-05
65 4.46129103064e-05
66 -5.52509604618e-05
67 -8.11940380816e-05
68 -0.000136066507239
69 -0.000145282576924
70 -0.00014923984213
71 -0.00013882257405
72 8.06159942505e-06
73 0.000111110646578
74 0.000135732757781
75 -1.64222217534e-05
76 -1.64174352081e-05
77 -7.75927375816e-05
78 -3.46279701438e-05
79 -2.69124592146e-05
80 -0.000124215928848
81 -0.000129696754919
82 -3.13747757014e-05
83 -2.47928645468e-06
84 2.73253452446e-05
85 7.77531555871e-05
86 0.000181097775152
87 0.000120040528457
88 -3.75864260585e-05
89 -7.81696145706e-05
90 -3.68262811066e-05
91 -3.62743705797e-05
92 -1.43756505899e-05
93 3.20157266485e-05
94 3.22578755802e-05
95 3.13980932713e-06
96 4.94571360734e-05
97 4.99962129387e-05
98 4.44681954534e-06
99 8.63610675978e-05
100 -1.23613554519e-05
101 -3.46119412264e-05
102 -2.27058350549e-05
103 3.85741553527e-05
104 4.11418519201e-05
105 1.28617816291e-05
106 -3.43989051376e-05
107 -8.62690287663e-05
108 -6.27304952873e-05
109 -7.51913581465e-06
110 2.53750673829e-05
111 -2.82536878309e-05
112 3.77533249827e-05
113 1.39453758073e-05
114 3.35744625344e-05
115 -2.50690419293e-05
116 -1.1168321976e-05
117 -4.67855737394e-05
118 -0.000169550401842
119 -0.000162609575592
120 -5.24871124559e-05
121 -0.000104127550016
122 -0.000115701273273
123 -3.23907732589e-05
124 -5.01125810393e-05
125 -0.000158469680051
126 3.42848021369e-05
127 2.15021177082e-06
128 -0.000109982696789
129 -0.000238045266111
