1.26354575473
0 -3.71775091081e-05
1 4.61246223803e-05
2 -2.53281896717e-05
3 -3.83012825976e-05
4 -1.5545200821e-05
5 1.76040288043e-05
6 5.85916376574e-06
7 1.77344763961e-05
8 -2.47191810153e-05
9 -1.0394567108e-05
10 -1.51011423192e-06
11 3.04277266546e-05
12 7.22034782372e-06
13 -1.88624859995e-07
14 2.53871877235e-05
15 2.10579768401e-05
16 4.04285363298e-06
17 1.54820986174e-05
18 1.28398756216e-05
19 1.25914275784e-05
20 -9.29044528115e-06
21 1.16836876899e-06
22 9.1885461513e-06
23 4.63426939583e-06
24 -3.00532277326e-06
25 1.53801624932e-05
26 -9.90644596337e-07
27 -1.59147345426e-05
28 1.51691100647e-05
29 5.92402595856e-07
30 -3.00956786792e-05
31 -3.21898339896e-05
32 -7.88523249506e-06
33 -9.67258068259e-06
34 -1.05641377333e-05
35 -1.76052277304e-05
36 3.94101292043e-06
37 -7.86504705695e-07
38 -2.00351679708e-05
39 -3.91314427219e-06
40 -4.00187405265e-06
41 1.13539912481e-05
42 -7.1160152535e-05
43 1.88272112522e-05
44 -2.98166026766e-05
45 -4.80024026332e-05
46 -4.26817108375e-05
47 -8.61060304246e-05
48 -7.77522074554e-05
49 4.74359384747e-05
50 -9.05139231225e-06
51 -2.30072399909e-05
52 2.65901256922e-05
53 8.62759388316e-06
54 -1.48907370338e-05
55 5.54607143277e-05
56 -7.55705751065e-06
57 6.0319857703e-05
58 6.8181611561e-05
59 2.70822528312e-05
60 9.25494906948e-05
61 1.29139179377e-05
62 2.1090324272e-06
63 -3.00889653747e-05
64 -3.9658093294e-05
65 4.45051675148e-05
66 2.82866875506e-05
67 -3.23463484485e-05
68 -1.05839044451e-05
69 2.64711638466e-05
70 -2.3018255874e-05
71 7.51929833575e-05
72 2.77661812426e-05
73 1.28477953148e-05
74 -0.000149590285275
75 3.49878018565e-05
76 0.000153614672495
77 6.72857088071e-06
78 1.79482113606e-05
79 3.04510203424e-05
80 -1.65421250256e-05
81 1.29206645087e-06
82 2.01000822474e-06
83 -6.69785332258e-05
84 1.48769706705e-05
85 -3.51123214347e-05
86 5.58265048609e-05
87 1.68726596568e-05
88 7.66079024293e-05
89 -9.5040772082e-05
90 -0.000118474490501
91 -7.83960595148e-05
92 2.14326738121e-05
93 0.000193949310795
94 0.000128750247452
95 2.28728100993e-06
96 8.96643975948e-05
97 -5.46305097517e-05
98 3.6239563901e-05
99 7.64388251133e-05
100 -7.39248153954e-05
101 -6.85073627432e-05
102 -0.000122410240877
103 6.12873097689e-05
104 0.000187108628105
105 5.49471456148e-05
106 0.000241884021769
107 0.000330273008521
108 -6.14781265142e-05
109 2.43548472882e-05
110 -7.80943818539e-05
111 9.14219236052e-05
112 3.84896959094e-05
113 -0.000501817973853
114 0.000263895570747
115 -0.000159174172671
116 6.93390636693e-05
117 0.000167810060571
118 0.000129687233146
119 0.00015345948446
120 -5.20914368629e-05
121 -0.000146107426307
122 -0.000770898555647
123 0.000438984154647
124 0.000408212825163
125 -7.03794072086e-06
126 -0.000216476437137
127 0.000659872813389
128 -0.00015500141887
129 -0.000182227260058
130 3.34511279026e-06
131 0.000432302619898
132 -4.11644901385e-05
133 -0.000193568255001
134 0.000106379162205
135 -9.46268837746e-05
136 0.000163116113327
137 -0.000240844112831
138 7.27795387453e-05
139 -0.000230229875015
140 -2.14807939675e-05
141 6.33062388615e-05
142 -0.000105785467781
143 0.000138329973993
144 -0.000139445464288
145 -0.000252056272669
146 0.000166935077031
147 -0.000239741339777
148 -0.000107185195949
149 -0.000196439700346
150 5.48400964906e-05
151 1.07194804756e-06
152 -3.77144716157e-05
153 1.74241891156e-05
154 -8.42861306328e-05
155 -0.000197008023151
156 -0.000157340610343
157 -9.9730429667e-05
158 5.10892086758e-06
159 0.00021559366372
160 -0.000292072702327
161 -0.000157279058806
162 -0.000515967753317
163 -0.000124490652239
164 5.52035165297e-05
165 -0.000109842448021
166 -0.000154227555108
167 -0.000685061159099
168 -0.000117665646404
169 -0.000330275786009
170 -0.000299727357807
171 -2.41394619761e-05
172 0.000275029982808
173 -0.00041564306985
174 -0.00043890310549
175 -8.42642107504e-05
176 -0.000114772836113
177 6.34454845794e-05
178 9.68630390172e-05
179 -0.000267222329261
180 -0.000271183143275
181 -0.000342204585275
182 -0.000256103029336
183 -4.72431617378e-05
184 -9.94531597654e-05
185 9.87185137571e-05
186 0.000137981142499
187 -0.000191771531866
188 6.40212647339e-05
189 -3.36044846543e-05
190 0.000295238724159
191 -9.71772215062e-05
192 -0.000209682801453
193 1.63769022307e-05
194 7.98199295448e-05
195 -0.000252678966826
196 -2.18111892669e-05
197 2.50141516091e-05
198 3.38446849268e-05
199 -4.20681616102e-05
200 -9.68336136973e-05
201 -8.66949534622e-05
202 9.92581672961e-05
203 -0.000233049602262
204 -0.000203719812274
205 -3.25351252902e-05
206 0.000132810642105
207 -0.000195434540387
208 -0.000182944341783
209 -4.75176570357e-05
210 -7.85423626232e-06
211 -5.68252789497e-05
212 -2.23777403109e-05
213 -3.14650600596e-05
214 -0.000400710478866
215 -0.000133833785827
216 -5.02733169244e-06
217 0.000148593728197
218 -3.82468208045e-05
219 -0.000140555787189
220 0.000183934075878
221 1.25224408339e-05
222 3.06108794346e-05
223 -6.85268667612e-05
224 0.000338897033427
225 1.66370973391e-06
226 0.000728299250885
227 0.000286448036821
228 -3.36965996281e-05
229 -0.000428852008032
230 0.000140891814655
231 -0.000636203368755
232 -0.000111454979204
233 0.000755073835296
234 3.26398770756e-05
235 -7.27111840117e-05
236 -0.000278104509387
237 0.000396098229118
238 -7.78638023866e-06
239 9.43720795759e-05
240 0.000212569575497
241 0.000319270941367
242 0.000113296256208
243 -0.000117738285691
244 5.11535885329e-05
245 5.60307675105e-05
246 -2.70294428155e-06
247 -4.69088652631e-05
248 5.71334961909e-05
249 1.76251381475e-05
250 3.75294419636e-05
251 -0.000110201121327
252 -0.000104487211801
253 -7.6485267441e-05
254 -7.9011615551e-05
255 0.000108299512976
256 -7.42141242053e-05
257 8.59231043012e-06
258 -0.000108692262594
259 2.66320806081e-05
260 9.45608979077e-05
261 -5.56202593149e-05
262 -8.58084137005e-05
263 -6.56569842275e-05
264 5.68960164662e-05
265 -5.45361435428e-05
266 -8.06728933531e-05
267 0.000110836375086
268 -2.31928392271e-05
269 -6.93233793204e-05
270 -4.21055060623e-05
271 0.000265386533362
272 0.000198594877566
273 0.000238704914262
274 -2.26963011829e-05
275 0.000314301054284
276 -0.000159654428203
277 0.000240291875516
278 0.000234603384415
279 0.000388296579068
280 0.000451484358356
281 -7.43934089364e-05
282 0.000160671947889
283 -0.000236010976014
284 1.50046630887e-05
285 0.000336315022769
286 0.000300100378933
287 -8.26424272664e-05
288 -5.64566987542e-06
289 -0.00011015130767
290 0.000133455289897
291 -8.88017569159e-05
292 6.46088441141e-05
293 -7.79321276543e-05
294 6.35276942123e-06
295 -0.000209075850167
296 -2.56493713209e-06
297 -0.000240515777414
298 -0.000423152965283
299 0.000173782342375
300 -5.39323518953e-05
301 -5.80267543914e-05
302 -0.000290543389425
303 -0.000204374952154
304 -0.00022846579801
305 2.33382580184e-06
306 4.8414025825e-05
307 -8.50063025318e-05
308 -0.000242824363359
309 -0.000195544382403
310 0.000111260363023
311 -7.98080015716e-06
312 3.14585604377e-05
313 -0.000114641429312
314 0.000357112292379
315 7.36089318368e-05
316 -0.000127422520616
317 -0.000203129674517
318 0.000129844344414
319 2.38752512997e-05
320 -0.000161791966257
321 4.63872357963e-05
322 0.000121634591547
323 -0.000115302151909
324 0.000163304261283
325 -0.000123605370193
326 -0.000403437089725
327 7.05098109158e-05
328 -0.000213916927072
329 -0.00016149113349
330 -0.000291961494368
331 -0.000275983011916
332 5.25833115847e-05
333 -6.75759237813e-05
334 -9.900844e-06
335 -0.0004028957551
336 7.67283278729e-05
337 -0.000264510899536
338 -0.000502486416546
339 -0.000803567887233
340 0.000394040726483
341 -0.00027344202561
342 -0.000307103640637
343 -0.000129203522576
344 -0.000428890009858
345 0.00032537375161
346 -0.000437351121803
347 -0.000147027362991
348 0.000214198673291
349 -0.000294573398173
350 -0.000233825237677
351 -8.29871896138e-05
352 -0.000440284542822
353 -0.000118491022589
354 0.000126307554159
355 -0.000466830387215
356 -0.000200584522509
357 -0.000283906399233
358 5.46609762822e-05
359 -7.75628544712e-05
360 -0.00061576080927
361 -0.000260804778257
362 -0.000325907856313
363 -0.000260863081694
364 -0.000426616933789
365 -4.48260206687e-05
366 -0.000223657507078
367 -8.06958710751e-05
368 -0.000157378002051
369 -0.000493053957146
370 -0.000287026811115
371 -0.000262528239996
372 -0.000165705578852
373 0.000152198406765
374 0.000170958261887
375 -0.000100168696848
376 -0.000584578309792
377 0.000208306718397
378 3.42277629688e-05
379 -0.00013789306847
380 -0.000429913131876
381 0.000415257832101
382 0.000300667093873
383 -9.43095068372e-05
384 -0.00015219553852
385 -3.56179277731e-05
386 0.000186732896658
387 0.00030184474812
388 0.00018196157601
389 -0.000645162969036
390 0.000702871133757
391 -0.000236544238276
392 0.000272174135874
393 0.000408426766002
394 0.000368393045858
395 0.00105710733954
396 0.000542258490723
397 8.32106813247e-05
398 0.000418397626098
399 0.000557579439099
400 9.43565307193e-05
401 -0.000123009761138
402 0.00304486989185
403 5.97914488969e-05
404 9.81622663923e-05
405 0.000726765045451
406 0.000866058485165
407 -0.000274554708508
408 -9.383461194e-05
409 0.000215500165361
410 -0.000104457339951
411 -0.000382249848827
412 0.000246008124469
413 -3.03203936893e-05
414 -0.000437854028437
415 -4.92069480095e-05
416 0.000103696905128
417 0.000730292870485
418 0.000238308323149
419 0.000577873243354
420 -0.000307833699395
421 -0.000230639536395
422 -1.3524317298e-05
423 -0.000199357589079
424 8.49236238151e-06
425 1.52380689017e-05
426 0.000183994098634
427 0.000176314354863
428 0.000328140098008
429 -9.43977226494e-05
430 -0.000305367633333
431 3.1260931594e-05
432 0.000120045272131
433 0.000157432838205
434 7.6238804851e-05
435 0.000371270123546
436 0.000610767400221
437 0.000176876594244
438 -0.000249273517305
439 -1.69735983023e-05
440 3.3137564444e-05
441 0.000125511164976
442 0.000129703884593
443 6.21099210923e-06
444 9.63623165081e-05
445 -7.26346250466e-05
446 -2.18991615648e-05
447 0.00029019412216
448 0.000139025237441
449 -7.8272999338e-05
450 0.000146915243453
451 0.000193950930724
452 0.000432850506929
453 0.000231438159822
454 0.000194434341431
455 0.000330089190294
456 -0.000211056064649
457 0.00026718713549
458 0.000188513285772
459 0.000123367246658
460 6.69203020179e-05
461 9.35604805093e-05
462 -4.58992968216e-07
463 -0.000104436684863
464 -0.000106871610645
465 -0.000275565933203
466 -0.000144088147934
467 -2.06518543603e-07
468 -3.67859029438e-05
469 5.49353826418e-05
470 -0.000249894023095
471 3.99523161724e-05
472 -1.73648509165e-05
473 -0.000144332913927
474 -0.00012903225617
475 -6.83180651644e-05
476 3.94686167064e-05
477 0.000106519703059
478 -9.00464219414e-05
479 -7.87060226051e-05
480 -0.000259731267129
481 -0.000281783242342
482 -0.00012366575163
483 0.000384766765908
484 0.000449649243932
485 2.84992753547e-05
486 4.71621881924e-05
487 0.000190498628426
488 -0.000112631514887
489 0.000229745008156
490 0.000175818565657
491 2.39457541677e-05
492 2.21307203376e-05
493 0.00024337107468
494 7.32621593865e-05
495 0.000238027432158
496 0.000486009942149
497 -9.97851408075e-05
498 0.00049007209184
499 0.00014314609262
500 0.000992416694669
501 0.000455917557174
502 0.000286080448443
503 -0.000260287392885
504 -0.00113878572674
505 0.000968743449884
506 0.00107471551995
507 0.000520710702426
508 -0.000176111106934
509 -0.0107806945805
510 -0.00528892725267
511 0.00694760496963
512 0.0
513 -0.00370237350937
514 -0.0143207753105
515 -0.00263431775691
516 -0.000893063018508
517 0.0017613956048
518 0.00023189028408
519 0.00199047042753
520 -0.000939790746355
521 0.000357203559715
522 -5.10683725872e-06
523 0.000137003842439
524 0.000570445114449
525 0.000394459315413
526 0.000442921493333
527 0.000158233743826
528 0.000166061245979
529 0.000733119361493
530 0.000246379344012
531 9.89621712071e-05
532 8.07572966799e-05
533 -9.6198256252e-05
534 0.000221046134281
535 0.000183601074189
536 -2.46583447877e-05
537 0.000197528824406
538 0.000124907288003
539 0.000224775714439
540 -2.04859352647e-05
541 0.000118283607984
542 2.45601193825e-05
543 -0.000351905839828
544 -9.94878151115e-05
545 -0.000134100422616
546 -0.000173422683515
547 -9.1194141189e-05
548 3.41397859241e-05
549 -1.60610432277e-05
550 -0.000142402338667
551 -9.91070581663e-06
552 0.000113741383441
553 2.36873640188e-05
554 -0.000271613909787
555 -0.000210499487776
556 -0.00010320235868
557 -0.000368502189357
558 -0.000190077056107
559 -0.00029104277736
560 -0.000542062359801
561 -0.00113650551088
562 -0.000218353157182
563 0.000105160366775
564 0.000262275383546
565 -1.53864584196e-05
566 2.45304807914e-05
567 0.000275461000838
568 -0.00031189461448
569 0.000408708877887
570 0.000340962384831
571 0.000245256852907
572 0.000480028761863
573 0.000232468308927
574 5.3391480941e-05
575 -0.00011409657904
576 -0.000385727709514
577 0.000242803732202
578 6.10359190096e-05
579 -1.46222508752e-05
580 1.79612382481e-05
581 -0.000121374543311
582 -5.58955440567e-05
583 0.000152155683642
584 0.000124071911987
585 0.00010504491714
586 -0.00046642544028
587 8.10991802388e-05
588 0.000425821135687
589 0.000132648236252
590 -5.10712121638e-05
591 0.000197478825502
592 0.000116614515048
593 -0.000133721929941
594 -0.000547193891895
595 -0.000526467737603
596 -0.000238175412257
597 1.96730390125e-05
598 -2.80117674997e-05
599 4.13878919132e-05
600 -0.000259676137745
601 -0.000279100685638
602 -0.000194991626458
603 -0.000355108496938
604 5.71444032498e-05
605 0.000183577969923
606 0.00041717296818
607 0.000438521482674
608 1.20245095567e-05
609 -5.11302206582e-05
610 0.00023942207953
611 9.30059172099e-05
612 -0.000168962676734
613 -0.000582053176164
614 -0.000149898048644
615 -9.03255916675e-05
616 -0.000483481950895
617 -0.000210307406925
618 0.000953323380091
619 0.000568248133241
620 2.39743873042e-05
621 -7.47757529842e-05
622 0.000316661712629
623 -0.000243102979625
624 0.000105145105028
625 0.00155374629039
626 -0.000528769198436
627 0.000527475143462
628 -0.000153439967149
629 0.00031166228496
630 -0.000234298301577
631 0.000473098268441
632 0.000367910635157
633 -0.000177849395871
634 0.00223034639028
635 -0.000543400591758
636 -0.000652322035901
637 0.000107409382849
638 0.000571272612513
639 -0.00173258975526
640 0.000449349975547
641 0.00028399965007
642 -3.00161190553e-06
643 0.000348445046443
644 0.000109041394894
645 0.000215234764696
646 0.000315807003122
647 0.000592847584108
648 -0.000209552683242
649 0.00046920099936
650 -0.000584267793904
651 -6.63773107738e-05
652 3.67320614286e-05
653 -0.000438712869242
654 -0.000140934625728
655 -0.000312047426435
656 -0.000272574763403
657 -0.000410931242843
658 -4.28732101257e-05
659 0.000744204490481
660 -0.000593966215286
661 -0.000226402106173
662 -0.000554172598036
663 -0.000433535363634
664 -0.000237511930488
665 -0.000333417933366
666 -8.89673797355e-05
667 -0.000177768222683
668 -0.000406271380669
669 -0.00015283766108
670 -3.00932910144e-05
671 -0.00081839636849
672 -0.000616877607552
673 -0.000339019835596
674 8.51966462378e-05
675 -6.751561746e-05
676 -0.000378599773522
677 -0.000210814703775
678 -0.000358155346031
679 0.000151960246217
680 -3.36627597002e-05
681 -0.00012146056255
682 -0.000186306548538
683 0.000254974121799
684 0.000470308124632
685 -0.00059701520293
686 0.000112897253639
687 -0.000189002244613
688 -0.00041996728366
689 -0.000422663101204
690 -7.22225518888e-05
691 8.0771074462e-05
692 -0.000137048963914
693 -0.000607708324285
694 -9.94784897992e-05
695 -0.000438278644391
696 -0.000243329941129
697 -0.000367918995784
698 -8.0448997108e-06
699 -2.0479875691e-05
700 -0.000281037016235
701 -1.15434306714e-05
702 9.5313864945e-05
703 -0.000102916684505
704 -2.90491506551e-05
705 1.60013664855e-05
706 -0.000331249901337
707 -0.000677943671598
708 -4.22528242155e-05
709 0.000110766869147
710 0.000204777706537
711 2.09957504842e-06
712 6.75199443505e-05
713 6.30789444498e-05
714 -3.94575030548e-05
715 -0.000358277027509
716 -9.14680973359e-05
717 0.000101073404529
718 0.000174282946974
719 7.08696759263e-05
720 -0.000136422311814
721 -0.000217244143851
722 -1.02065899703e-05
723 -4.86795713728e-05
724 -0.000228096062497
725 6.63850183604e-05
726 -0.000411917323514
727 -0.00030596869738
728 -9.99510221298e-06
729 0.000150255074245
730 5.01989373503e-05
731 0.000250328726104
732 -6.53804415076e-05
733 -0.000464781953885
734 1.93315655483e-05
735 0.000166977747236
736 -0.000251276016753
737 -2.05903165017e-05
738 9.30452543654e-06
739 0.000170623130921
740 -9.91870339697e-05
741 -0.000495956554934
742 0.00021628128345
743 -0.000265238240637
744 9.35574966084e-05
745 0.000440997607324
746 3.93217515778e-05
747 0.00024251415874
748 -0.00013582918569
749 0.000488348117801
750 0.000247161660163
751 0.000257062984383
752 0.000310879709579
753 0.000202379627254
754 0.000184934938379
755 -0.000161264710639
756 -0.000189966187831
757 0.000122791461438
758 2.28448564552e-05
759 -5.75805336289e-05
760 -1.99676247352e-05
761 -7.81321687763e-05
762 -2.08626476553e-05
763 4.95535385724e-05
764 8.83539567085e-06
765 -7.44640795649e-05
766 7.47480455563e-05
767 4.97031703155e-05
768 -2.48184954414e-05
769 6.64105613108e-05
770 -4.80804692861e-05
771 -8.47477264555e-05
772 -4.58777307695e-05
773 -9.03208688779e-05
774 -1.42713951686e-05
775 2.22867690327e-05
776 -3.10468582225e-05
777 -6.21893941226e-05
778 -5.23146801221e-05
779 0.000138408335797
780 -9.82084264361e-05
781 3.45581040185e-05
782 6.16374300047e-05
783 0.000213224559634
784 0.000228741456139
785 0.000314485822427
786 4.59848691328e-05
787 0.000305293270718
788 -0.000383983725427
789 4.06236372658e-05
790 -0.000213417735003
791 0.000318023205585
792 0.000122823300059
793 -0.000234156858552
794 -5.56630922369e-05
795 -0.000230558628099
796 7.9493437161e-05
797 5.04081340505e-05
798 0.000278602398975
799 0.000120648491681
800 1.31154762296e-05
801 -0.000111140522415
802 -6.61146143589e-05
803 -9.27712555525e-05
804 -3.29755080767e-05
805 -9.04880551266e-05
806 -0.000233968131543
807 3.02758924193e-05
808 -9.49199641954e-05
809 -0.00029157726085
810 -0.00027016005723
811 7.88576141793e-05
812 -5.43020639077e-05
813 -0.000164777659938
814 4.58395773749e-05
815 -7.19402001309e-05
816 -0.000227636865818
817 -3.17505168318e-05
818 -8.68995565651e-05
819 -0.000118428863497
820 -9.99133081361e-05
821 -0.000170001300352
822 9.06860516986e-05
823 1.7823714569e-06
824 -0.000155516335207
825 -2.61902916332e-05
826 2.30002203553e-05
827 0.00018121542731
828 -0.000105264759023
829 -0.000186409187922
830 -0.000132850467779
831 -4.96022300241e-06
832 -6.13462846556e-05
833 -0.000153014230611
834 2.42663999775e-05
835 0.00022792389477
836 5.08849906031e-05
837 -2.94550381858e-05
838 1.02673482991e-05
839 5.88037375442e-05
840 -0.000100426268744
841 -0.000163344046571
842 -0.000136992190891
843 -0.000115932145836
844 -0.000400669374034
845 0.000183074635856
846 -0.000206882893841
847 5.99230835568e-05
848 -0.000314929975353
849 -7.31025228566e-05
850 0.000166745737369
851 -0.00028658755508
852 0.000177691860325
853 -5.40654174004e-05
854 -1.42618625343e-05
855 -0.000129322829496
856 0.000132517790874
857 -0.000456397710424
858 0.000108437763153
859 -3.10075435778e-05
860 -0.000136354080758
861 9.24094062426e-05
862 -0.000170282245321
863 -7.99340022955e-05
864 -0.000259218041007
865 -0.000109791932592
866 0.000143284198961
867 -0.000179927827216
868 -0.000347392170362
869 -0.000190087990988
870 -0.000155135525988
871 2.15548925264e-05
872 3.26476081352e-05
873 -0.000139877567988
874 -2.20216401422e-05
875 1.24264917733e-05
876 -0.000194916847232
877 5.72246543076e-05
878 6.14108694601e-05
879 -0.000238273809185
880 -0.000105669084342
881 0.000107636495677
882 -6.88086778267e-05
883 0.000162965884287
884 -1.36145175629e-05
885 -0.000348853048064
886 -0.000261162131139
887 1.9604111292e-05
888 0.000147381913607
889 -5.09253358042e-06
890 9.66231341518e-05
891 -5.07143161754e-05
892 7.90456936264e-05
893 0.000372882245477
894 9.47184490566e-05
895 9.04096927082e-05
896 0.000152690643712
897 4.41277601673e-05
898 -6.24878337087e-05
899 -6.58059887433e-05
900 0.000131766081173
901 0.000351891218713
902 -0.00010357740204
903 -0.000110426806345
904 4.13799461672e-05
905 9.01762610284e-06
906 -9.54719051533e-05
907 -0.000137667867042
908 -0.00011244473732
909 -7.57057265368e-05
910 -0.000108378506892
911 -6.63825321023e-05
912 7.73353328923e-05
913 0.000108306249498
914 -0.00101908922842
915 6.57994732437e-05
916 -2.22056799756e-05
917 0.000100777029805
918 0.000256838315681
919 0.000111062748755
920 7.85966405379e-05
921 1.9585126978e-05
922 -5.262352758e-05
923 -4.68905580996e-05
924 -9.06904406833e-05
925 -4.66498440289e-05
926 0.000225252305104
927 9.39814090829e-06
928 -3.98586870479e-05
929 -4.7029439533e-05
930 -2.10437225289e-06
931 8.35071450311e-05
932 6.48181350037e-05
933 -5.79381435967e-05
934 -2.04413517021e-05
935 -5.97922165685e-06
936 -1.42114399224e-05
937 -7.33858307509e-05
938 2.80197188376e-05
939 3.21380583196e-05
940 -7.33567006966e-05
941 -8.52928127289e-05
942 -5.88172743203e-05
943 2.07164031439e-05
944 5.87362750241e-05
945 -9.00266384743e-06
946 1.16877727577e-05
947 7.4056160942e-05
948 0.000161382454012
949 -1.12059396727e-05
950 -9.0688457904e-05
951 -6.3333403029e-05
952 2.5465521672e-05
953 1.48113665937e-05
954 5.8930265675e-05
955 3.07136872876e-05
956 1.09991477112e-05
957 8.67962933786e-06
958 1.26954065626e-05
959 0.000154561057335
960 2.75981630216e-06
961 -4.94928830354e-05
962 -4.66011278743e-08
963 2.08967368197e-05
964 6.2080936452e-05
965 6.21919390594e-05
966 5.48691020241e-05
967 5.49824015983e-05
968 -3.10787284118e-05
969 5.70988990224e-05
970 2.48359730697e-05
971 -9.47538080058e-06
972 6.04322491899e-06
973 -1.45060801864e-05
974 2.04360619699e-05
975 -1.85592292824e-05
976 -7.50890300161e-05
977 -3.85311472371e-05
978 -1.82923576928e-05
979 -7.28907250254e-06
980 -7.40505952556e-06
981 9.98546475439e-06
982 -4.1174552101e-05
983 2.07792357369e-05
984 1.5779825042e-05
985 -4.42826307273e-06
986 -1.31732275117e-05
987 -3.71160364793e-06
988 -7.55827010627e-06
989 -1.30436125307e-05
990 -1.55688235731e-05
991 -9.49091014672e-06
992 1.05269926066e-06
993 -3.56431387389e-05
994 -6.89492117504e-06
995 -1.78319269348e-05
996 -1.50427596878e-05
997 3.00701341451e-06
998 1.27540796662e-05
999 1.56087372639e-05
1000 2.21137177442e-07
1001 2.77513566282e-07
1002 2.54124363729e-05
1003 2.16061064429e-06
1004 3.65011864836e-07
1005 1.3711989704e-05
1006 3.11652552228e-06
1007 2.87093012042e-05
1008 -2.031479999e-05
1009 1.29631981597e-05
1010 2.27773584422e-05
1011 1.81492980465e-05
1012 -8.50909738184e-06
1013 5.97943132565e-06
1014 3.31451298843e-06
1015 1.95913599015e-06
1016 -1.59602566439e-05
1017 4.48512537842e-05
1018 -1.31822864315e-05
1019 3.0004062847e-05
1020 -8.34126674054e-06
1021 3.1355658647e-06
1022 -5.52148550254e-05
1023 1.65498412761e-05
