-1.21486701644
0 1.05123048039e-05
1 1.36095647451e-05
2 2.01677289237e-05
3 -7.42058634538e-06
4 -2.69401521034e-05
5 1.38650073105e-05
6 1.3272304394e-06
7 -1.28160013644e-05
8 -2.24618317136e-05
9 1.71929484571e-05
10 -1.54575387761e-05
11 4.44207614326e-05
12 -1.52269641815e-05
13 2.98565762837e-05
14 3.62996963413e-05
15 -1.35765149332e-05
16 1.09713406594e-06
17 3.40926338895e-05
18 3.58186882274e-05
19 4.41539519005e-05
20 2.31752885923e-05
21 1.28789404115e-05
22 5.26999182582e-05
23 2.78357472347e-06
24 7.71537521777e-06
25 4.0956529962e-05
26 1.19503491126e-05
27 -4.68931407529e-06
28 -3.45158486239e-06
29 -5.60701359267e-06
30 -5.87478823849e-05
31 -3.94536991806e-05
32 1.04253307897e-05
33 -1.93057747321e-05
34 -1.72314811492e-05
35 -8.06831917655e-05
36 -4.81172344911e-05
37 -9.8149698623e-06
38 -8.406861557e-05
39 -8.00554682757e-05
40 -9.05004351139e-05
41 -1.23219227892e-05
42 -3.01046727091e-05
43 -0.000155098275279
44 -9.5259295063e-05
45 -0.000126512095029
46 1.29069127044e-05
47 -0.000246329492003
48 -0.000108700467722
49 -0.000104999472433
50 -0.000105842727859
51 0.000121984296758
52 -3.79124055675e-05
53 -9.26634128293e-05
54 0.000134466161239
55 -2.14038879137e-06
56 7.69180879333e-05
57 0.000215490799866
58 5.99981818084e-05
59 2.97191592868e-05
60 0.000122073017363
61 0.000129110267248
62 6.67332600978e-05
63 8.35280706094e-05
64 8.08558096998e-05
65 0.000107434178507
66 3.167977284e-06
67 -7.37092156384e-05
68 -1.07224968853e-05
69 -4.50954945824e-05
70 5.09860539611e-05
71 0.000101686590695
72 4.18257728581e-05
73 -2.02026062134e-05
74 1.99956094544e-05
75 0.000116199015707
76 0.000166420221116
77 2.19232882656e-05
78 1.61253412026e-05
79 9.27467526928e-05
80 -0.000105802158287
81 -7.28424366129e-05
82 -1.00533378726e-05
83 9.54692787174e-05
84 -3.10451337248e-05
85 -0.00020177599363
86 1.78814384971e-05
87 0.000100943148508
88 2.83027937685e-05
89 -1.96181476598e-05
90 -0.000100310835966
91 -5.79044877176e-05
92 2.92255268524e-05
93 -3.47906911119e-05
94 -4.76670090966e-05
95 8.08598326961e-05
96 2.20916892267e-05
97 7.49957341138e-06
98 7.53153687168e-05
99 1.25228948145e-05
100 -6.24264359607e-05
101 -0.000202571856858
102 -0.000329458459322
103 4.86964964085e-06
104 2.47496246738e-05
105 0.00011840441372
106 0.000130915390981
107 0.000148727457807
108 1.06556645186e-05
109 4.86428530284e-06
110 4.13651142257e-05
111 -8.13958835457e-05
112 -0.000142889383035
113 -4.36565737465e-05
114 -2.85452647776e-05
115 -4.77337054898e-05
116 6.71321873552e-05
117 0.000218592447671
118 0.000101131205673
119 -0.000106592283048
120 2.70472822024e-05
121 -0.000149687349258
122 -3.88726123466e-05
123 -2.16457071524e-05
124 6.31554836489e-05
125 7.40537627307e-06
126 0.000108559919317
127 0.000149837902506
128 0.000399061492783
129 0.000185949832927
130 0.000117703943064
131 -0.000114644398671
132 0.000264776653722
133 0.000252629612848
134 0.000122682168867
135 7.44285255912e-05
136 -6.56331790444e-05
137 -0.000263277207479
138 0.000243697888125
139 0.000462755830899
140 -0.000108639758339
141 -0.000302191245297
142 -8.60657751293e-05
143 -1.33257868608e-05
144 3.04046976772e-05
145 -0.000598864072278
146 -0.000109979879733
147 4.91426566668e-05
148 -0.000183869070634
149 -0.000118709768035
150 -5.1870776365e-05
151 1.36031462721e-05
152 -0.00034963710848
153 -0.000156200880316
154 -9.12970582239e-07
155 -0.000228684874967
156 -9.14006332022e-05
157 -0.00020697603085
158 -0.000370960666013
159 -0.000176009671136
160 -0.000246127258965
161 -0.000208719302202
162 -6.3569574741e-05
163 -0.000155456961859
164 7.79776222262e-05
165 0.00014920953054
166 -6.63031946552e-05
167 -0.000406510765446
168 -6.86271896148e-05
169 -0.000131394238628
170 -0.000351042866834
171 6.99599075809e-05
172 -0.000158376521467
173 -0.000129291351842
174 -0.000229421270913
175 -0.000193434191131
176 -0.000289778566517
177 0.000104376213011
178 -0.000182147314148
179 -8.9248006112e-05
180 9.00771975292e-05
181 -0.000173931901009
182 -4.44883745226e-05
183 -0.000435087832891
184 -0.000643504614296
185 -5.83804413388e-05
186 -0.000168443503852
187 3.53518780733e-05
188 0.000147528489781
189 -0.000306299779141
190 -9.63950049717e-06
191 -4.85767903923e-05
192 -0.000416578658219
193 -0.000101346851218
194 0.000104399492629
195 -0.000176626815876
196 -0.00032882432306
197 -1.44318762549e-06
198 -0.000319129082427
199 0.000293192513609
200 -0.000174614160916
201 -6.83049928931e-05
202 0.000217858144169
203 -0.000307481717537
204 -0.000544708225376
205 -0.000278951105072
206 0.000143032668687
207 -3.15089261976e-06
208 -0.000399811764995
209 -4.48716673402e-06
210 5.57234683049e-05
211 -0.000571003788898
212 0.000225147712429
213 5.44986805555e-05
214 -0.000548495448247
215 -0.000392755626693
216 -0.000567088255604
217 4.316242282e-05
218 -0.000121680107019
219 0.000133408049587
220 2.77292488234e-05
221 0.000349839327303
222 -0.000777770784339
223 -0.000373553526911
224 -6.47968323642e-05
225 -0.000480175581005
226 0.000877774516516
227 0.000335769633627
228 -0.000494964092108
229 0.000726589204648
230 0.000111306873411
231 -0.000399556246423
232 -0.000298706865916
233 -0.000257134605521
234 0.000502010653375
235 -0.000333842389784
236 -0.000663625166454
237 0.000658082194602
238 0.000263940705868
239 -1.18014396602e-05
240 0.000532469380243
241 -8.60144658282e-05
242 0.000617824680512
243 -0.000401391263735
244 -0.000468162161514
245 -0.000656981745407
246 0.000104767731043
247 -0.000145608959344
248 -0.000401425591802
249 0.000316293757922
250 0.000242638866845
251 4.34574576258e-08
252 -0.000652241442247
253 -0.000498305805521
254 -0.000212913273808
255 0.000111148655894
256 -7.7565618476e-05
257 -2.98042626824e-05
258 -0.000228556461537
259 -0.000143938467542
260 -0.000664096599705
261 -0.000748697036038
262 0.000248588376215
263 -0.000754856065644
264 -0.000603966222314
265 -0.000354887905002
266 4.11953089965e-05
267 -0.000588692230318
268 -3.83456134199e-05
269 -0.000764951432697
270 0.000188070951519
271 0.000417104918111
272 0.00017365345047
273 0.000300892423125
274 0.000154176798668
275 0.000301435730444
276 0.000191394626596
277 -0.000268448400831
278 0.000245120304076
279 -0.000133909378186
280 0.000184722911311
281 -0.000639742830761
282 0.00131949255818
283 0.000752248177366
284 -0.000474185409248
285 -2.41342227408e-05
286 0.00116729591414
287 -0.000508483455199
288 0.000258831735527
289 -0.00112155689699
290 -0.000599204869086
291 -0.000546417887552
292 -0.000179528524151
293 -0.00081674919031
294 -4.94193859096e-05
295 -0.000346598080647
296 -0.000697849806316
297 0.000217818399356
298 -0.000354673815052
299 -0.000281287368685
300 0.00046010527263
301 -0.000687301260866
302 -0.000297382576944
303 -0.000241043363962
304 -0.000680556702267
305 -0.000234976037008
306 0.000104546370552
307 -0.000496364994968
308 -0.000468081109104
309 -0.000788539136659
310 0.000176256896064
311 4.77851902684e-06
312 -9.55378731083e-05
313 -0.000175613699236
314 -0.000228085637655
315 0.000623244843279
316 -0.000227408192244
317 0.000301420646459
318 -9.15441712844e-05
319 0.000655987378663
320 -0.000306267290578
321 0.000367045005993
322 0.000285329202785
323 2.30671872444e-05
324 -7.81482567223e-08
325 -1.4847576609e-05
326 -0.00042798526353
327 0.000405055647167
328 -0.000748900470376
329 0.0001264774021
330 -0.000361103961075
331 -0.000494218554261
332 -0.000275628284554
333 0.000174387066179
334 -0.000295775475751
335 -0.000301958453902
336 -0.000293082066592
337 -0.00254763150757
338 -0.000131045639841
339 -0.000395558248653
340 -3.17943269777e-05
341 -0.000203849079271
342 0.000222634516749
343 0.000124686009821
344 0.00030333002595
345 -0.000631340588353
346 3.66137783816e-05
347 0.000216971394115
348 0.000432658458203
349 -0.000163813042952
350 -0.000215796907852
351 -2.45763795635e-05
352 -0.000300328353561
353 -0.000293650609418
354 0.000187969173223
355 -0.000458567736493
356 -0.000271816784854
357 0.000198797989207
358 5.55572073691e-05
359 -4.74768367696e-05
360 -7.55004489711e-05
361 -0.00081606008019
362 -6.56645645766e-05
363 0.000336166521106
364 -0.00059474610321
365 -0.000105087354746
366 0.000233765693949
367 -0.000257267879873
368 0.000199953250322
369 -5.0640226236e-05
370 0.000294681913463
371 0.000593681512164
372 2.22047745411e-05
373 6.58518027038e-05
374 -0.00013720479078
375 -0.000395975038557
376 -0.000177929474815
377 0.000591682261889
378 0.000474384828469
379 -0.000384080344114
380 -5.88797341033e-06
381 0.000713057338644
382 0.00038759146106
383 0.000601882082099
384 0.000340457509383
385 -0.000121560462404
386 0.000545877874507
387 6.72079450682e-05
388 0.000467423466369
389 0.000411498483417
390 0.000535662651501
391 -0.000196870232567
392 0.000217255821594
393 3.96584307256e-06
394 0.000565833680424
395 -4.64048105623e-05
396 0.000328872116592
397 -0.000348115454917
398 0.000951730083281
399 -2.23943246532e-05
400 0.00061554576919
401 0.000222496816958
402 -2.02357404917e-05
403 4.57042223182e-05
404 0.000114482590058
405 0.000583413879749
406 0.00039499261539
407 -8.3128941095e-05
408 0.000128270249395
409 -0.000433265055052
410 -0.000235799068461
411 0.000308072158149
412 -0.000382999127921
413 -0.000669782510724
414 0.00021577794058
415 3.14267165801e-05
416 -0.000182340702571
417 0.00109476017672
418 -3.05123415811e-05
419 0.000168165917789
420 -6.06554649042e-08
421 -0.000407594798779
422 -0.000113773955138
423 0.0001611088104
424 -0.000160743978036
425 -1.59769175373e-05
426 -0.000243049314736
427 -0.000627234086322
428 -3.8807208924e-05
429 0.000411681726301
430 -0.00035277559904
431 -8.84457827462e-05
432 -7.9598900431e-05
433 0.000405835791791
434 0.000244403458768
435 0.000296512284991
436 0.000983742581329
437 0.000639044493054
438 0.000102539634327
439 1.67919103781e-05
440 7.29189590789e-05
441 0.000335690117173
442 0.000375951621633
443 0.000105337414314
444 0.000198099509565
445 -0.000288757079332
446 -0.000140946824516
447 0.000622159361733
448 0.000137372264112
449 0.00026952491058
450 0.000382583174711
451 0.000148290030671
452 0.000401137890112
453 0.000213428999656
454 0.000105286558399
455 0.000702333623162
456 0.000508993032722
457 0.000363150279112
458 0.00124683758722
459 -0.000254989427641
460 0.00016541860593
461 0.000191638275684
462 -0.000617621188534
463 -0.000619925232399
464 -6.48292277354e-05
465 -0.000181625473382
466 -0.00021893654533
467 -2.6634554688e-05
468 -0.000255796907845
469 -0.000140103678596
470 -0.000495052169226
471 2.05456165141e-05
472 -0.000118046588899
473 1.24568817572e-06
474 -0.000989985960311
475 0.000186485594289
476 -0.000229903986532
477 -0.000312351767656
478 0.000199193839322
479 3.50782806495e-05
480 4.01245723178e-05
481 -0.000153686128535
482 -0.000214405988006
483 0.000286867747909
484 0.000120957465817
485 -0.000415343779035
486 0.000482424635103
487 0.000742183043477
488 0.000280854759261
489 0.000181232575369
490 0.000119828773183
491 0.000217059025919
492 0.000372875446371
493 0.000600849444005
494 0.000328126683405
495 -3.13515540255e-05
496 0.000454569310984
497 -6.89922185079e-05
498 0.000418861935604
499 0.00132831221229
500 -0.000262918474904
501 1.58806695876e-05
502 9.04396430637e-06
503 0.00107610144272
504 -0.00131682450002
505 0.00088173235221
506 0.000830532274069
507 0.00146305791634
508 -0.00182931528519
509 -0.00010613302753
510 0.00104743228214
511 -0.00351982715464
512 0.0
513 0.0
514 0.00221623530286
515 0.000266287172144
516 -0.0037550657083
517 0.00135252132014
518 0.00101198924045
519 0.000734442442966
520 -0.000958935885498
521 0.000131664770014
522 0.000239567872733
523 0.00050989468088
524 -0.000568597586969
525 0.00127716780013
526 0.000476686811044
527 2.89862237972e-07
528 0.000566011248805
529 3.87923183713e-05
530 0.000342135538209
531 0.000794190988995
532 0.000279018714888
533 0.000142730492918
534 0.000271072274872
535 0.000182781966963
536 0.000153826497738
537 0.000714797307059
538 0.00019430417381
539 4.91254957965e-06
540 0.000502361161251
541 0.000295967035025
542 -0.000511242862234
543 -0.000933368858209
544 0.000256875761339
545 -0.000307450573919
546 -0.000108433703098
547 -0.0005553027162
548 -0.000481661176257
549 -0.000165948259936
550 -0.000725337080307
551 -0.000583093596696
552 -7.5253241293e-05
553 5.66329617259e-05
554 -0.000324360528019
555 -0.00067970573048
556 -0.000425121989102
557 -0.000814841042076
558 0.000261536002354
559 2.7676247521e-05
560 -0.000637928728172
561 -0.000658209231158
562 -0.000649240587168
563 -0.000518452050669
564 3.2500656411e-05
565 -6.08934901707e-05
566 0.000767420900335
567 9.4761103645e-05
568 -6.06245072182e-05
569 0.00100123880514
570 0.00053924714818
571 0.000125763985791
572 0.000498463708265
573 0.000912672168235
574 0.000252050961891
575 0.000111330776125
576 0.000297391533574
577 0.000656679958763
578 -0.000104110959792
579 -0.00030621794092
580 0.000162985512368
581 -4.35996558469e-05
582 0.000224140662662
583 0.000608186156281
584 0.000161105878465
585 0.000263037484292
586 6.39933162967e-05
587 0.000585685611979
588 0.000821726292966
589 -1.2891870301e-05
590 0.000169568847049
591 0.000556732478633
592 -0.000459248616439
593 -0.000233396335599
594 -0.000220643256329
595 0.00037608012448
596 -7.15854365834e-05
597 -0.00108281609264
598 -0.000521330774139
599 0.000264775887177
600 -6.54556293323e-05
601 -0.000146676916992
602 -5.09620110147e-05
603 -0.000206818883936
604 -0.000217717245094
605 -0.000102530233159
606 9.99785680321e-05
607 0.000645550488196
608 5.03894741096e-06
609 -7.79765742188e-05
610 -5.32277968537e-05
611 -0.000275038599038
612 5.42202519878e-05
613 0.00011153572831
614 -0.000490076357994
615 -0.000124750921973
616 5.04894740122e-05
617 0.000113083367643
618 0.000726423374902
619 0.000661695435917
620 5.14021710249e-06
621 4.41170723098e-05
622 -0.000213153650309
623 5.7930066775e-05
624 0.000144358838564
625 0.00041130680563
626 -0.000233521856029
627 0.000160987108818
628 4.52151998941e-07
629 0.000280324045148
630 0.000176403372935
631 0.000929839868262
632 0.000774789406436
633 0.000134812054041
634 0.000249576732052
635 0.000438570505183
636 0.000181069504079
637 6.91338883621e-05
638 1.1972592447e-06
639 -0.000258601029354
640 -0.000783867246088
641 -0.000583325881819
642 7.70182210044e-05
643 0.00113022090948
644 5.8776605339e-05
645 -0.00135393268684
646 0.00109230681071
647 0.000117609281859
648 0.000397330971428
649 0.000170783788226
650 0.00015033238971
651 0.000896304157856
652 8.43242726875e-05
653 0.000124946796322
654 0.00117488692006
655 -6.68977071795e-06
656 -0.000264176808138
657 0.000273725142037
658 0.00129289396083
659 -7.70596622715e-07
660 -0.000405909154254
661 -0.000189648439567
662 -0.000140349442363
663 -0.000332212493218
664 0.000507093354959
665 -0.000403866323414
666 0.000103058025639
667 -0.000379978429169
668 -0.000100569759641
669 -4.05968895348e-06
670 -0.000329526127854
671 -0.000392129597452
672 -0.00014001054431
673 -0.000886697148372
674 -0.000251476359075
675 -9.44854433533e-06
676 8.90157981099e-05
677 -0.000133258528629
678 -0.000337822215906
679 -0.000407286818485
680 0.000541697595951
681 -0.000100327830954
682 -6.33975840025e-05
683 2.5551952329e-08
684 -0.000148596283542
685 -0.000285145209398
686 -0.000159915510119
687 -0.000123567498352
688 -8.97327217563e-06
689 0.000514102219822
690 0.000161631404651
691 9.73353281894e-06
692 9.57772227141e-05
693 -0.000735830949562
694 -0.000264023775371
695 -0.000213724312412
696 -0.000878762947925
697 -3.34368170439e-05
698 2.07132739139e-05
699 2.13989367189e-05
700 6.30209223416e-05
701 -0.000312751075076
702 0.000139213507082
703 -0.000268763471662
704 -0.000357693183188
705 -0.000233691578596
706 8.74253973852e-05
707 -0.000417387569211
708 -0.000384075620944
709 -0.000244159903817
710 -0.000641819279465
711 0.000375257495271
712 -0.000119059455978
713 -0.000132905093962
714 0.000280508854809
715 -0.000627570499958
716 -0.000494899184151
717 -0.000245983351625
718 0.000408355760593
719 -2.03931722911e-05
720 -0.000643705496175
721 -0.000251851390114
722 0.000233993049133
723 -0.000582991952231
724 0.000216211710692
725 0.000288675412772
726 -0.000699068004039
727 -0.000199132514803
728 -0.00108505078382
729 -0.000109487816803
730 -0.000259215577578
731 -0.000352609721366
732 -2.19494421506e-08
733 0.000119291222845
734 -0.00114292765345
735 -0.000452455426952
736 6.41172061658e-05
737 -0.000550563212073
738 0.000739556770086
739 0.000858504613624
740 0.000146455516007
741 0.000270933433826
742 0.00123938720796
743 -0.000637855653197
744 -0.00101335002924
745 -0.000665287895984
746 0.000421514597035
747 -0.000726691286584
748 -0.000301441740064
749 0.000763469034834
750 0.000282999134412
751 -0.000231975118014
752 0.000446585354506
753 0.000391431415262
754 0.000318945886937
755 -0.000894414141902
756 -0.000312833033691
757 -0.000924356065623
758 9.46168547304e-05
759 -0.000411263839779
760 -0.000106811745645
761 -0.000517685265623
762 -8.4106890144e-07
763 -0.000186334886176
764 -0.000636765047372
765 -0.000400421727418
766 -0.000207068753929
767 4.9558000709e-05
768 0.000156424821786
769 -0.00013573109217
770 -0.000308617446668
771 -5.9946988288e-05
772 -0.00031633699922
773 -0.000302270882005
774 0.000132448387707
775 -0.000169743270074
776 -0.000872996898519
777 -0.000357065509258
778 -2.16915345765e-05
779 -0.000515153822271
780 -0.000210504729832
781 -9.44228168819e-05
782 -5.59145887574e-05
783 -9.87900590804e-05
784 0.000161631621925
785 0.000360654607476
786 -0.00010870113331
787 0.000362211714996
788 -0.000421386359528
789 -0.000277439321363
790 7.8826057591e-05
791 -0.000414499233261
792 -0.000246025955538
793 -0.000498774213267
794 0.000265815284171
795 0.000167438497884
796 -0.00056188712375
797 -1.10364649864e-06
798 0.000636058688102
799 -0.000206836047458
800 -0.000219775408134
801 -0.000854815942638
802 -0.000557813113668
803 -0.000420759831944
804 -0.000395241702988
805 -0.000780131878287
806 -3.63618573334e-05
807 -0.000345535547218
808 -0.000441848279127
809 -0.000113340631929
810 -0.000304153557205
811 -0.000125519143795
812 0.000401291038643
813 -0.00053156462138
814 -0.000372817478714
815 -2.19660509391e-05
816 -0.000334511739735
817 -0.000158634132306
818 0.000108174261257
819 -0.000405622157427
820 -0.000296122264415
821 -0.000230955367108
822 0.000259771198577
823 -1.94159396045e-06
824 -7.51258473236e-05
825 0.000454935704551
826 -2.91178914407e-06
827 0.00040570850583
828 -0.000279209734134
829 8.31116177155e-05
830 -0.000102099849888
831 -0.000404256752903
832 -0.00023856080442
833 0.000172255257289
834 4.6086304054e-06
835 -1.83863684945e-06
836 0.000112309619499
837 4.19607346204e-05
838 -8.28716922382e-05
839 1.61282383614e-06
840 -0.00038531608693
841 -3.01619735406e-06
842 7.42326893654e-05
843 -5.37962635617e-05
844 -5.72295265254e-05
845 0.000133086929413
846 -6.97660390968e-05
847 -7.39617370057e-06
848 -0.000165406036551
849 0.00158893473021
850 -9.04385408277e-05
851 -8.36687869057e-05
852 -0.000189078790524
853 -0.000126673014044
854 -3.85337159337e-05
855 0.00011486541044
856 -9.84883953152e-05
857 -0.000171287379428
858 5.10415032048e-05
859 0.000205969803465
860 0.000267291901125
861 -1.59242922711e-05
862 -0.000199053907871
863 -1.81211580122e-06
864 9.6884076764e-05
865 -0.000116965905436
866 8.58694781366e-06
867 6.94954408947e-05
868 -2.7666248007e-05
869 -0.000170199572856
870 -0.000111776669898
871 2.87983959498e-05
872 1.20815262514e-05
873 -3.68606713273e-05
874 -3.43244587804e-05
875 6.56251985982e-05
876 -0.000239165097237
877 -2.1644474452e-05
878 0.000291703492011
879 -0.000292137935887
880 -3.51838648801e-06
881 9.1851250792e-05
882 -8.72494170282e-05
883 -0.000326748052859
884 4.79650696533e-05
885 0.000788705474433
886 0.00024526686313
887 1.57462876432e-05
888 0.00014697294416
889 -0.000200510752142
890 0.000138343504649
891 -0.000186580258779
892 8.0358488123e-05
893 0.000285262665867
894 2.11123198079e-05
895 -0.000178020866999
896 0.000190422103988
897 6.0333154997e-05
898 -0.000133090210957
899 0.000178818267959
900 0.000149210038486
901 -1.11713044187e-05
902 9.74463127783e-05
903 5.65596494484e-05
904 0.000158275941803
905 -5.14151406383e-05
906 8.37888059088e-05
907 0.000367835458012
908 0.000146888134495
909 -0.000121300944015
910 -0.000306967758824
911 -5.40818574861e-05
912 0.000145671878365
913 0.000157512426522
914 0.000173248392826
915 9.01128464999e-05
916 -3.75423393377e-05
917 0.000207490126994
918 0.000175335728671
919 4.58945386094e-05
920 -3.39663554887e-05
921 0.000238797082627
922 4.26668166704e-05
923 -0.000154561990283
924 3.3007804152e-06
925 -2.29028909155e-05
926 0.000103795907804
927 -6.13856285449e-06
928 -7.05106734774e-05
929 0.000304444356797
930 -6.6661203418e-05
931 5.7627851309e-05
932 -9.1057036172e-05
933 -0.000147060329032
934 -7.50743184492e-05
935 -0.000120446059687
936 -2.13978184742e-05
937 4.860456805e-05
938 -3.95496983777e-05
939 -0.000215641499047
940 -1.54804632349e-05
941 6.69180213608e-05
942 -1.87458668325e-05
943 -4.74411390449e-05
944 -4.56028441826e-05
945 0.000114262336018
946 3.58412179434e-05
947 5.57862789938e-05
948 0.000220071753033
949 0.000162969161195
950 6.26280587762e-05
951 1.87190544707e-05
952 2.52993116239e-05
953 0.000153560212714
954 5.39956955197e-05
955 6.037913354e-06
956 4.54482242045e-05
957 -0.000104669147462
958 1.07813082023e-06
959 0.000190910893543
960 3.18409680546e-05
961 9.12831015559e-05
962 8.34342400149e-05
963 0.000163338714478
964 3.90013254513e-05
965 2.35218989588e-05
966 0.000129223903744
967 9.89663304861e-05
968 5.79138665322e-05
969 4.80925677914e-05
970 0.000101245244496
971 -6.32731289495e-05
972 -2.83553054843e-05
973 -3.28606624669e-05
974 -1.48846742664e-05
975 -4.14131821124e-05
976 -7.72792694915e-05
977 -1.45875201515e-05
978 -5.75630871611e-05
979 -9.2226924526e-05
980 -8.56509139518e-05
981 -3.59331120919e-05
982 1.92626557813e-05
983 4.35089337522e-05
984 -4.06848312941e-05
985 -4.26592806032e-05
986 -0.00011599918201
987 -5.52319606366e-05
988 -1.13285182951e-05
989 -4.47289065788e-05
990 1.50480814821e-05
991 -6.55895525264e-06
992 1.74632214814e-05
993 -3.36013715961e-05
994 -4.57010840875e-05
995 1.54899276029e-05
996 2.47505811657e-05
997 -2.59216314767e-05
998 3.36657413003e-05
999 5.66343951318e-05
1000 1.23951131951e-05
1001 9.74799097732e-06
1002 1.59750974871e-05
1003 1.12968952977e-05
1004 3.42231812478e-05
1005 2.89205221733e-05
1006 7.66567288631e-06
1007 6.27685203487e-06
1008 -7.09370097343e-06
1009 -1.55787928147e-06
1010 2.93098435145e-05
1011 5.57918869439e-05
1012 -1.35900245623e-05
1013 3.58365364539e-05
1014 -1.59453896102e-05
1015 2.77898131918e-05
1016 -3.24411301225e-05
1017 -1.82337544056e-06
1018 5.96648805337e-06
1019 9.39860820069e-06
1020 -2.10422930961e-05
1021 -4.25105832367e-05
1022 1.51585073053e-05
1023 -7.87333789184e-05
