-5.17045232071e-07
0 0.0
1 0.0
2 -0.000154636677
3 -0.000233550110844
4 -0.000385683134394
5 -0.000309611054029
6 -0.000140041957787
7 0.00020214597392
8 9.16751549878e-05
9 -7.00630104058e-06
10 -0.000167981998138
11 0.000156785818175
12 4.40340065964e-05
13 1.57747043151e-05
14 -0.000138819220334
15 -0.000231144555767
16 0.000105457323067
17 7.9109330038e-05
18 -4.26822708299e-06
19 -8.15926164265e-06
20 -9.30405042279e-05
21 4.4432061502e-05
22 4.4395348827e-05
23 -0.000112664946757
24 -9.84296988494e-05
25 9.54345719232e-05
26 -1.57766496982e-05
27 -2.22200364351e-05
28 -3.24656944082e-05
29 2.86947467136e-05
30 6.74629006837e-05
31 4.96219896371e-05
32 -5.60472068347e-05
33 -0.00015285847197
34 0.000169810859551
35 -2.03475735517e-05
36 -9.59419514642e-05
37 -2.5486987724e-05
38 -1.35284135213e-05
39 -4.79578639897e-05
40 5.17311709766e-05
41 1.58009525124e-05
42 1.4782605496e-05
43 1.47855236647e-06
44 7.27697489258e-06
45 2.87298361102e-06
46 -1.35340109739e-05
47 -3.73077763579e-07
48 4.90857784757e-06
49 -1.17331413614e-05
50 1.72029246637e-05
51 7.45713546528e-06
52 -8.33171344989e-07
53 -1.25126438254e-05
54 5.82689845565e-07
55 1.69377572659e-05
56 2.1671276182e-06
57 1.53887971166e-05
58 4.42604222728e-05
59 1.98133461245e-05
60 1.92942809955e-06
61 -1.07550274914e-05
62 -1.86004211044e-05
63 -4.22999868693e-05
64 2.21228048624e-05
65 3.2677823248e-05
66 -1.34933324025e-05
67 -1.33260153128e-05
68 6.44554393766e-06
69 -1.94965666781e-05
70 3.48615108683e-06
71 1.11474220804e-05
72 -6.70949378415e-07
73 4.2482782837e-06
74 1.75780950536e-05
75 1.21341036384e-05
76 1.59049679625e-05
77 -5.91790169563e-06
78 -1.36432975544e-05
79 4.41290758933e-05
80 2.2147905987e-05
81 -2.025464551e-05
82 -5.81100993366e-06
83 -3.70233038137e-05
84 -3.9696193946e-05
85 -1.56496241532e-05
86 5.17536504023e-05
87 4.35975487218e-05
88 -2.52046350239e-05
89 -2.61055090822e-05
90 1.57019682598e-05
91 1.88280971018e-05
92 -6.68864856167e-05
93 -1.61226544123e-05
94 -9.5627977704e-06
95 -3.70055495571e-06
96 -1.71512241374e-05
97 6.74872336479e-05
98 6.15557568567e-06
99 -4.60802824121e-05
100 -5.04798557981e-05
101 -4.31880656354e-06
102 4.83660443997e-05
103 5.75572592786e-05
104 2.61342778375e-05
105 1.57400745474e-05
106 -1.31169723777e-05
107 2.95457750224e-05
108 -3.79501770574e-05
109 5.11308847269e-05
110 4.81670864183e-05
111 -2.42413864125e-05
112 5.78856236295e-05
113 -5.30599013069e-06
114 -1.52595698966e-05
115 -1.50000735227e-05
116 2.44202729513e-05
117 2.49149704751e-05
118 -1.03304113452e-05
119 -4.95951191875e-05
120 -6.81301901316e-05
121 9.33264875404e-05
122 8.19608317647e-05
123 -1.71616984448e-05
124 5.37597572897e-05
125 3.18859522833e-06
126 8.8415394675e-05
127 -3.66563609737e-05
128 1.3461516208e-05
129 4.15727773972e-06
130 -1.02737461463e-05
131 1.72376759687e-05
132 2.83786362543e-06
133 -2.69084006802e-05
134 -6.04022057815e-06
135 8.23129507018e-06
136 1.41208326595e-05
137 6.41123093623e-05
138 1.4210469337e-05
139 -3.0772480733e-06
140 -4.65250914999e-05
141 3.37779980747e-05
142 4.22400575959e-05
143 1.51101848622e-05
144 1.02029497366e-05
145 -3.85652845827e-05
146 -3.26912345425e-05
147 3.84761930159e-05
148 -2.1711257642e-05
149 4.40778934094e-05
150 2.68881208346e-05
151 3.13935280331e-05
152 -1.38795511282e-05
153 1.21678173581e-05
154 3.43592004766e-05
155 5.38675727796e-06
156 -2.46998240388e-05
157 -1.43775759961e-05
158 -1.23207511533e-05
159 1.55479837408e-05
160 -2.03380345543e-05
161 1.85731743657e-05
162 3.71275419013e-05
163 3.86862773702e-05
164 -8.17179859073e-05
165 -5.14493834522e-05
166 3.00843963874e-05
167 -1.37687532061e-05
168 -3.84759761393e-05
169 8.75476758056e-05
170 6.37583459938e-05
171 1.99394908283e-05
172 -4.8945744223e-05
173 -6.5028997681e-05
174 -1.15089233118e-05
175 2.51670358457e-05
176 -3.84207962387e-05
177 -8.58034574583e-05
178 -8.62534731457e-05
179 -0.000131482821012
180 4.53791012875e-05
181 -7.15709947598e-06
182 2.36411736726e-05
183 -5.26047052949e-06
184 -5.6600079731e-05
185 -8.02836123829e-05
186 -9.64489508213e-05
187 -2.5773409144e-06
188 4.35126080844e-05
189 9.10283399224e-05
190 3.27368144445e-06
191 1.0036036269e-06
192 -4.87646722362e-05
193 3.61885308576e-06
194 4.27209074512e-05
195 -6.03135711061e-06
196 3.80586976017e-05
197 -1.78549201085e-05
198 -4.89804420325e-05
199 8.06098601775e-05
200 2.35783130356e-05
201 2.07277140339e-05
202 -7.93931502606e-05
203 -3.46323488867e-05
204 4.7586885117e-07
205 -4.7290586931e-05
206 6.99255687138e-06
207 1.22976816939e-05
208 8.39231968772e-06
209 -2.91312310256e-05
210 -0.000104239966133
211 7.17153818361e-05
212 8.26728951212e-07
213 -3.65157600512e-05
214 -5.674175646e-05
215 6.16743070054e-05
216 4.74363589607e-05
217 -4.79751057489e-05
218 -2.83160442795e-05
219 2.73077145155e-05
220 -1.97412583042e-05
221 3.18405956539e-05
222 -6.44287411711e-06
223 -1.57022871397e-05
224 2.57883488958e-05
225 -3.51056758644e-05
226 -4.11926955613e-06
227 5.9707784996e-06
228 1.55817697466e-06
229 2.62546293787e-05
230 -3.00901865812e-05
231 -2.93630600425e-05
232 -4.91466849833e-06
233 4.09732888082e-05
234 7.35704965866e-06
235 -1.64355089578e-05
236 2.13623280208e-05
237 -3.20714452566e-06
238 3.21914589386e-05
239 -5.32893645306e-05
240 -2.1940144692e-05
241 -1.68385440047e-05
242 4.49788758447e-05
243 5.56504158297e-05
244 -1.73714423226e-05
245 -1.40358788151e-06
246 7.13986114697e-05
247 1.39142006012e-06
248 -4.34516851727e-06
249 6.4525934122e-05
250 -7.05009319045e-05
251 -4.99082629044e-05
252 4.48174422442e-05
253 2.17381571313e-05
254 5.04395752979e-06
255 2.3402772003e-05
256 1.35328140995e-05
257 -6.52597705026e-06
258 3.62396652571e-05
259 -1.98629026469e-05
260 1.88026889275e-05
261 -3.33912744366e-05
262 3.35909266115e-05
263 -4.23610439501e-05
264 -4.35871459866e-05
265 9.76286985499e-06
266 -4.55005781865e-05
267 -3.20185151911e-05
268 6.73867684069e-06
269 4.8646385547e-05
270 1.86361599795e-05
271 -7.5014055958e-05
272 2.62416296692e-05
273 9.85456842261e-06
274 4.23434207091e-05
275 -1.92280574467e-05
276 -2.02080274861e-06
277 1.30644236023e-05
278 2.65596166459e-05
279 -3.65532197766e-05
280 -5.91256897989e-05
281 -8.00341268205e-06
282 -4.01104491343e-05
283 4.50190807261e-05
284 1.01655226226e-05
285 -8.13866399373e-06
286 0.000103136201899
287 -2.61106508734e-05
288 -2.2815690089e-05
289 1.21443639194e-06
290 4.83900463147e-05
291 -1.20746847967e-05
292 3.05579769016e-06
293 -1.54586360217e-05
294 -5.64606767685e-05
295 3.19178093444e-09
296 -1.31245441014e-05
297 -2.99231620161e-05
298 1.87834984424e-05
299 7.61969213139e-05
300 1.78112201484e-05
301 -2.21266382797e-05
302 6.89311004576e-06
303 2.25166310673e-05
304 1.87174498536e-05
305 -2.44212109999e-05
306 -5.77373807243e-06
307 -4.75238318069e-06
308 -1.00912459715e-05
309 1.00026941337e-07
310 3.46472625821e-06
311 -1.65238303822e-05
312 -1.55202101467e-05
313 7.99404849977e-07
314 -8.19190536094e-06
315 -7.51371125741e-06
316 -1.28797762386e-05
317 -0.000120344404655
318 -4.23569388739e-05
319 -6.45763976118e-06
320 -8.61948984968e-06
321 -9.72624539131e-05
322 -6.56540666722e-06
323 2.32535939282e-05
324 -2.69279656633e-05
325 0.0
326 0.0
327 0.0
328 0.0
329 0.0
330 0.0
331 0.0
332 0.0
333 0.0
334 0.0
335 0.0
336 0.0
337 0.0
338 0.0
339 0.0
340 0.0
341 0.0
342 0.0
343 0.0
344 0.0
345 0.0
346 0.0
347 0.0
348 0.0
349 0.0
350 0.0
351 0.0
352 0.0
353 0.0
354 0.0
355 0.0
356 0.0
357 0.0
358 0.0
359 0.0
360 0.0
361 0.0
362 0.0
363 0.0
364 0.0
365 0.0
366 0.0
367 0.0
368 0.0
369 0.0
370 0.0
371 0.0
372 0.0
373 0.0
374 0.0
375 0.0
376 0.0
377 0.0
378 0.0
379 0.0
380 0.0
381 0.0
382 0.0
383 0.0
384 0.0
385 0.0
386 0.0
387 0.0
388 0.0
389 0.0
390 0.0
391 0.0
392 0.0
393 0.0
394 0.0
395 0.0
396 0.0
397 0.0
398 0.0
399 0.0
400 0.0
401 0.0
402 0.0
403 0.0
404 0.0
405 0.0
406 0.0
407 0.0
408 0.0
409 0.0
410 0.0
411 0.0
412 0.0
413 0.0
414 0.0
415 0.0
416 0.0
417 0.0
418 0.0
419 0.0
420 0.0
421 0.0
422 0.0
423 0.0
424 0.0
425 0.0
426 0.0
427 0.0
428 0.0
429 0.0
430 0.0
431 0.0
432 0.0
433 0.0
434 0.0
435 0.0
436 0.0
437 0.0
438 0.0
439 0.0
440 0.0
441 0.0
442 0.0
443 0.0
444 0.0
445 0.0
446 0.0
447 0.0
448 0.0
449 0.0
450 0.0
451 0.0
452 0.0
453 0.0
454 0.0
455 0.0
456 0.0
457 0.0
458 0.0
459 0.0
460 0.0
461 0.0
462 0.0
463 0.0
464 0.0
465 0.0
466 0.0
467 0.0
468 0.0
469 0.0
470 0.0
471 0.0
472 0.0
473 0.0
474 0.0
475 0.0
476 0.0
477 0.0
478 0.0
479 0.0
480 0.0
481 0.0
482 0.0
483 0.0
484 0.0
485 0.0
486 0.0
487 0.0
488 0.0
489 0.0
490 0.0
491 0.0
492 0.0
493 0.0
494 0.0
495 0.0
496 0.0
497 0.0
498 0.0
499 0.0
500 0.0
501 0.0
502 0.0
503 0.0
504 0.0
505 0.0
506 0.0
507 0.0
508 0.0
509 0.0
510 0.0
511 0.0
512 0.0
513 0.0
514 0.0
515 0.0
516 0.0
517 0.0
518 0.0
519 0.0
520 0.0
521 0.0
522 0.0
523 0.0
524 0.0
525 0.0
526 0.0
527 0.0
528 0.0
529 0.0
530 0.0
531 0.0
532 0.0
533 0.0
534 0.0
535 0.0
536 0.0
537 0.0
538 0.0
539 0.0
540 0.0
541 0.0
542 0.0
543 0.0
544 0.0
545 0.0
546 0.0
547 0.0
548 0.0
549 0.0
550 0.0
551 0.0
552 0.0
553 0.0
554 0.0
555 0.0
556 0.0
557 0.0
558 0.0
559 0.0
560 0.0
561 0.0
562 0.0
563 0.0
564 0.0
565 0.0
566 0.0
567 0.0
568 0.0
569 0.0
570 0.0
571 0.0
572 0.0
573 0.0
574 0.0
575 0.0
576 0.0
577 0.0
578 0.0
579 0.0
580 0.0
581 0.0
582 0.0
583 0.0
584 0.0
585 0.0
586 0.0
587 0.0
588 0.0
589 0.0
590 0.0
591 0.0
592 0.0
593 0.0
594 0.0
595 0.0
596 0.0
597 0.0
598 0.0
599 0.0
600 0.0
601 0.0
602 0.0
603 0.0
604 0.0
605 0.0
606 0.0
607 0.0
608 0.0
609 0.0
610 0.0
611 0.0
612 0.0
613 0.0
614 0.0
615 0.0
616 0.0
617 0.0
618 0.0
619 0.0
620 0.0
621 0.0
622 0.0
623 0.0
624 0.0
625 0.0
626 0.0
627 0.0
628 0.0
629 0.0
630 0.0
631 0.0
632 0.0
633 0.0
634 0.0
635 0.0
636 0.0
637 0.0
638 0.0
639 0.0
640 0.0
641 0.0
642 0.0
643 0.0
644 0.0
645 0.0
646 0.0
647 0.0
648 0.0
649 0.0
650 0.0
651 0.0
652 0.0
653 0.0
654 0.0
655 0.0
656 0.0
657 0.0
658 0.0
659 0.0
660 0.0
661 0.0
662 0.0
663 0.0
664 0.0
665 0.0
666 0.0
667 0.0
668 0.0
669 0.0
670 0.0
671 0.0
672 0.0
673 0.0
674 0.0
675 0.0
676 0.0
677 0.0
678 0.0
679 0.0
680 0.0
681 0.0
682 0.0
683 0.0
684 0.0
685 0.0
686 0.0
687 0.0
688 0.0
689 0.0
690 0.0
691 0.0
692 0.0
693 0.0
694 0.0
695 0.0
696 0.0
697 0.0
698 0.0
699 0.0
700 0.0
701 0.0
702 0.0
703 0.0
704 0.0
705 0.0
706 0.0
707 0.0
708 0.0
709 0.0
710 0.0
711 0.0
712 0.0
713 0.0
714 0.0
715 0.0
716 0.0
717 0.0
718 0.0
719 0.0
720 0.0
721 0.0
722 0.0
723 0.0
724 0.0
725 0.0
726 0.0
727 0.0
728 0.0
729 0.0
730 0.0
731 0.0
732 0.0
733 0.0
734 0.0
735 0.0
736 0.0
737 0.0
738 0.0
739 0.0
740 0.0
741 0.0
742 0.0
743 0.0
744 0.0
745 0.0
746 0.0
747 0.0
748 0.0
749 0.0
750 0.0
751 0.0
752 0.0
753 0.0
754 0.0
755 0.0
756 0.0
757 0.0
758 0.0
759 0.0
760 0.0
761 0.0
762 0.0
763 0.0
764 0.0
765 0.0
766 0.0
767 0.0
768 0.0
769 0.0
770 0.0
771 0.0
772 0.0
773 0.0
774 0.0
775 0.0
776 0.0
777 0.0
778 0.0
779 0.0
780 0.0
781 0.0
782 0.0
783 0.0
784 0.0
785 0.0
786 0.0
787 0.0
788 0.0
789 0.0
790 0.0
791 0.0
792 0.0
793 0.0
794 0.0
795 0.0
796 0.0
797 0.0
798 0.0
799 0.0
800 0.0
801 0.0
802 0.0
803 0.0
804 0.0
805 0.0
806 0.0
807 0.0
808 0.0
809 0.0
810 0.0
811 0.0
812 0.0
813 0.0
814 0.0
815 0.0
816 0.0
817 0.0
818 0.0
819 0.0
820 0.0
821 0.0
822 0.0
823 0.0
824 0.0
825 0.0
826 0.0
827 0.0
828 0.0
829 0.0
830 0.0
831 0.0
832 0.0
833 0.0
834 0.0
835 0.0
836 0.0
837 0.0
838 0.0
839 0.0
840 0.0
841 0.0
842 0.0
843 0.0
844 0.0
845 0.0
846 0.0
847 0.0
848 0.0
849 0.0
850 0.0
851 0.0
852 0.0
853 0.0
854 0.0
855 0.0
856 0.0
857 0.0
858 0.0
859 0.0
860 0.0
861 0.0
862 0.0
863 0.0
864 0.0
865 0.0
866 0.0
867 0.0
868 0.0
869 0.0
870 0.0
871 0.0
872 0.0
873 0.0
874 0.0
875 0.0
876 0.0
877 0.0
878 0.0
879 0.0
880 0.0
881 0.0
882 0.0
883 0.0
884 0.0
885 0.0
886 0.0
887 0.0
888 0.0
889 0.0
890 0.0
891 0.0
892 0.0
893 0.0
894 0.0
895 0.0
896 0.0
897 0.0
898 0.0
899 0.0
900 0.0
901 0.0
902 0.0
903 0.0
904 0.0
905 0.0
906 0.0
907 0.0
908 0.0
909 0.0
910 0.0
911 0.0
912 0.0
913 0.0
914 0.0
915 0.0
916 0.0
917 0.0
918 0.0
919 0.0
920 0.0
921 0.0
922 0.0
923 0.0
924 0.0
925 0.0
926 0.0
927 0.0
928 0.0
929 0.0
930 0.0
931 0.0
932 0.0
933 0.0
934 0.0
935 0.0
936 0.0
937 0.0
938 0.0
939 0.0
940 0.0
941 0.0
942 0.0
943 0.0
944 0.0
945 0.0
946 0.0
947 0.0
948 0.0
949 0.0
950 0.0
951 0.0
952 0.0
953 0.0
954 0.0
955 0.0
956 0.0
957 0.0
958 0.0
959 0.0
960 0.0
961 0.0
962 0.0
963 0.0
964 0.0
965 0.0
966 0.0
967 0.0
968 0.0
969 0.0
970 0.0
971 0.0
972 0.0
973 0.0
974 0.0
975 0.0
976 0.0
977 0.0
978 0.0
979 0.0
980 0.0
981 0.0
982 0.0
983 0.0
984 0.0
985 0.0
986 0.0
987 0.0
988 0.0
989 0.0
990 0.0
991 0.0
992 0.0
993 0.0
994 0.0
995 0.0
996 0.0
997 0.0
998 0.0
999 0.0
1000 0.0
1001 0.0
1002 0.0
1003 0.0
1004 0.0
1005 0.0
1006 0.0
1007 0.0
1008 0.0
1009 0.0
1010 0.0
1011 0.0
1012 0.0
1013 0.0
1014 0.0
1015 0.0
1016 0.0
1017 0.0
1018 0.0
1019 0.0
1020 0.0
1021 0.0
1022 0.0
1023 0.0
